62 23 0 0 0
2 158 0 0 0
102 58 0 0 0
62 18 0 0 0
127 113 0 0 0
112 78 0 0 0
107 63 0 0 0
72 18 0 0 0
127 63 0 0 0
12 148 0 0 0
27 23 0 0 0
172 123 0 0 0
32 173 0 0 0
172 133 0 0 0
167 133 0 0 0
112 73 0 0 0
122 123 0 0 0
162 108 0 0 0
12 188 0 0 0
162 123 0 0 0
102 33 0 0 0
142 118 0 0 0
67 28 0 0 0
52 8 0 0 0
7 173 0 0 0
32 188 0 0 0
7 188 0 0 0
7 173 0 0 0
12 163 0 0 0
2 153 0 0 0
12 138 0 0 0
142 143 0 0 0
152 103 0 0 0
2 158 0 0 0
97 33 0 0 0
62 213 0 0 0
2 178 0 0 0
177 153 0 0 0
12 183 0 0 0
7 153 0 0 0
37 3 0 0 0
62 23 0 0 0
52 13 0 0 0
62 23 0 0 0
47 198 0 0 0
167 123 0 0 0
62 3 0 0 0
62 38 0 0 0
172 133 0 0 0
157 128 0 0 0
102 43 0 0 0
67 23 0 0 0
202 123 0 0 0
32 183 0 0 0
162 123 0 0 0
97 98 0 0 0
157 128 0 0 0
167 173 0 0 0
112 68 0 0 0
2 163 0 0 0
132 88 0 0 0
7 178 0 0 0
17 163 0 0 0
27 18 0 0 0
167 138 0 0 0
102 23 0 0 0
167 128 0 0 0
57 33 0 0 0
102 28 0 0 0
97 93 0 0 0
2 153 0 0 0
182 98 0 0 0
107 48 0 0 0
147 148 0 0 0
182 123 0 0 0
52 18 0 0 0
107 68 0 0 0
32 183 0 0 0
167 118 0 0 0
57 23 0 0 0
17 173 0 0 0
112 68 0 0 0
12 183 0 0 0
87 53 0 0 0
57 8 0 0 0
22 168 0 0 0
107 58 0 0 0
132 103 0 0 0
17 183 0 0 0
7 173 0 0 0
177 138 0 0 0
197 113 0 0 0
102 33 0 0 0
132 83 0 0 0
72 3 0 0 0
57 8 0 0 0
7 198 0 0 0
157 108 0 0 0
182 103 0 0 0
102 48 0 0 0
102 53 0 0 0
27 213 0 0 0
32 158 0 0 0
32 193 0 0 0
177 158 0 0 0
77 33 0 0 0
122 58 0 0 0
162 138 0 0 0
22 163 0 0 0
97 28 0 0 0
7 193 0 0 0
127 103 0 0 0
132 63 0 0 0
47 13 0 0 0
47 8 0 0 0
2 138 0 0 0
47 28 0 0 0
187 138 0 0 0
177 138 0 0 0
87 53 0 0 0
97 53 0 0 0
177 118 0 0 0
2 128 0 0 0
177 128 0 0 0
152 148 0 0 0
107 63 0 0 0
72 28 0 0 0
42 8 0 0 0
27 193 0 0 0
77 33 0 0 0
117 43 0 0 0
187 118 0 0 0
22 8 0 0 0
157 88 0 0 0
27 158 0 0 0
162 158 0 0 0
172 118 0 0 0
122 83 0 0 0
197 123 0 0 0
167 118 0 0 0
97 58 0 0 0
157 123 0 0 0
147 163 0 0 0
2 163 0 0 0
182 133 0 0 0
57 33 0 0 0
127 78 0 0 0
147 98 0 0 0
172 108 0 0 0
157 88 0 0 0
82 38 0 0 0
177 138 0 0 0
87 48 0 0 0
142 68 0 0 0
142 108 0 0 0
77 28 0 0 0
27 173 0 0 0
2 153 0 0 0
147 103 0 0 0
17 183 0 0 0
27 203 0 0 0
177 108 0 0 0
157 123 0 0 0
47 8 0 0 0
47 8 0 0 0
72 68 0 0 0
27 178 0 0 0
127 63 0 0 0
142 113 0 0 0
117 88 0 0 0
27 173 0 0 0
52 8 0 0 0
207 133 0 0 0
82 23 0 0 0
132 128 0 0 0
107 58 0 0 0
112 88 0 0 0
22 168 0 0 0
2 148 0 0 0
157 108 0 0 0
147 83 0 0 0
22 168 0 0 0
142 98 0 0 0
147 133 0 0 0
172 148 0 0 0
32 163 0 0 0
62 18 0 0 0
57 18 0 0 0
127 118 0 0 0
182 113 0 0 0
177 148 0 0 0
152 83 0 0 0
157 123 0 0 0
92 148 0 0 0
167 158 0 0 0
12 183 0 0 0
122 123 0 0 0
147 78 0 0 0
112 108 0 0 0
117 78 0 0 0
