138 0 0 0
70 0 0 0
90 0 0 0
70 0 0 0
102 0 0 0
34 0 0 0
134 0 0 0
82 0 0 0
66 0 0 0
82 0 0 0
10 0 0 0
38 0 0 0
114 0 0 0
138 0 0 0
150 0 0 0
66 0 0 0
22 0 0 0
26 0 0 0
150 0 0 0
174 0 0 0
30 0 0 0
30 0 0 0
10 0 0 0
74 0 0 0
110 0 0 0
62 0 0 0
86 0 0 0
70 0 0 0
150 0 0 0
50 0 0 0
66 0 0 0
38 0 0 0
138 0 0 0
78 0 0 0
86 0 0 0
70 0 0 0
86 0 0 0
2 0 0 0
66 0 0 0
114 0 0 0
142 0 0 0
18 0 0 0
142 0 0 0
90 0 0 0
38 0 0 0
82 0 0 0
18 0 0 0
110 0 0 0
86 0 0 0
2 0 0 0
38 0 0 0
138 0 0 0
70 0 0 0
158 0 0 0
134 0 0 0
134 0 0 0
42 0 0 0
38 0 0 0
10 0 0 0
2 0 0 0
50 0 0 0
142 0 0 0
42 0 0 0
146 0 0 0
102 0 0 0
78 0 0 0
34 0 0 0
30 0 0 0
90 0 0 0
74 0 0 0
154 0 0 0
30 0 0 0
158 0 0 0
38 0 0 0
26 0 0 0
18 0 0 0
22 0 0 0
102 0 0 0
2 0 0 0
2 0 0 0
78 0 0 0
122 0 0 0
150 0 0 0
82 0 0 0
70 0 0 0
138 0 0 0
94 0 0 0
58 0 0 0
122 0 0 0
98 0 0 0
114 0 0 0
138 0 0 0
74 0 0 0
6 0 0 0
134 0 0 0
138 0 0 0
158 0 0 0
98 0 0 0
102 0 0 0
74 0 0 0
138 0 0 0
30 0 0 0
130 0 0 0
110 0 0 0
22 0 0 0
106 0 0 0
2 0 0 0
78 0 0 0
146 0 0 0
74 0 0 0
122 0 0 0
130 0 0 0
134 0 0 0
174 0 0 0
166 0 0 0
98 0 0 0
170 0 0 0
6 0 0 0
66 0 0 0
110 0 0 0
14 0 0 0
70 0 0 0
46 0 0 0
130 0 0 0
2 0 0 0
126 0 0 0
134 0 0 0
102 0 0 0
138 0 0 0
62 0 0 0
70 0 0 0
86 0 0 0
10 0 0 0
18 0 0 0
38 0 0 0
74 0 0 0
14 0 0 0
34 0 0 0
66 0 0 0
38 0 0 0
102 0 0 0
22 0 0 0
134 0 0 0
74 0 0 0
2 0 0 0
110 0 0 0
130 0 0 0
74 0 0 0
2 0 0 0
134 0 0 0
34 0 0 0
146 0 0 0
102 0 0 0
134 0 0 0
18 0 0 0
126 0 0 0
26 0 0 0
82 0 0 0
42 0 0 0
62 0 0 0
170 0 0 0
146 0 0 0
126 0 0 0
18 0 0 0
126 0 0 0
98 0 0 0
162 0 0 0
94 0 0 0
2 0 0 0
102 0 0 0
158 0 0 0
98 0 0 0
106 0 0 0
154 0 0 0
34 0 0 0
86 0 0 0
158 0 0 0
98 0 0 0
2 0 0 0
142 0 0 0
42 0 0 0
94 0 0 0
66 0 0 0
126 0 0 0
138 0 0 0
106 0 0 0
150 0 0 0
146 0 0 0
146 0 0 0
30 0 0 0
150 0 0 0
138 0 0 0
162 0 0 0
70 0 0 0
34 0 0 0
142 0 0 0
90 0 0 0
158 0 0 0
58 0 0 0
146 0 0 0
