46 0 0 0
6 0 0 0
54 0 0 0
54 0 0 0
18 0 0 0
14 0 0 0
58 0 0 0
6 0 0 0
38 0 0 0
50 0 0 0
38 0 0 0
54 0 0 0
54 0 0 0
14 0 0 0
46 0 0 0
34 0 0 0
78 0 0 0
42 0 0 0
38 0 0 0
30 0 0 0
54 0 0 0
6 0 0 0
50 0 0 0
54 0 0 0
66 0 0 0
50 0 0 0
2 0 0 0
46 0 0 0
26 0 0 0
10 0 0 0
54 0 0 0
6 0 0 0
14 0 0 0
54 0 0 0
42 0 0 0
78 0 0 0
62 0 0 0
10 0 0 0
58 0 0 0
6 0 0 0
34 0 0 0
46 0 0 0
62 0 0 0
46 0 0 0
38 0 0 0
70 0 0 0
46 0 0 0
50 0 0 0
38 0 0 0
58 0 0 0
54 0 0 0
34 0 0 0
54 0 0 0
10 0 0 0
58 0 0 0
10 0 0 0
14 0 0 0
10 0 0 0
58 0 0 0
10 0 0 0
18 0 0 0
54 0 0 0
10 0 0 0
42 0 0 0
54 0 0 0
30 0 0 0
38 0 0 0
54 0 0 0
54 0 0 0
58 0 0 0
10 0 0 0
6 0 0 0
6 0 0 0
22 0 0 0
46 0 0 0
6 0 0 0
6 0 0 0
42 0 0 0
26 0 0 0
46 0 0 0
18 0 0 0
10 0 0 0
42 0 0 0
42 0 0 0
6 0 0 0
2 0 0 0
6 0 0 0
2 0 0 0
50 0 0 0
18 0 0 0
10 0 0 0
58 0 0 0
10 0 0 0
54 0 0 0
10 0 0 0
2 0 0 0
34 0 0 0
2 0 0 0
2 0 0 0
58 0 0 0
22 0 0 0
82 0 0 0
10 0 0 0
34 0 0 0
54 0 0 0
10 0 0 0
26 0 0 0
74 0 0 0
58 0 0 0
74 0 0 0
42 0 0 0
38 0 0 0
38 0 0 0
10 0 0 0
58 0 0 0
26 0 0 0
18 0 0 0
46 0 0 0
18 0 0 0
22 0 0 0
2 0 0 0
38 0 0 0
70 0 0 0
10 0 0 0
2 0 0 0
58 0 0 0
34 0 0 0
14 0 0 0
54 0 0 0
38 0 0 0
54 0 0 0
18 0 0 0
6 0 0 0
42 0 0 0
58 0 0 0
46 0 0 0
38 0 0 0
2 0 0 0
34 0 0 0
46 0 0 0
2 0 0 0
54 0 0 0
14 0 0 0
42 0 0 0
50 0 0 0
26 0 0 0
50 0 0 0
50 0 0 0
2 0 0 0
46 0 0 0
2 0 0 0
2 0 0 0
38 0 0 0
14 0 0 0
6 0 0 0
46 0 0 0
46 0 0 0
6 0 0 0
58 0 0 0
6 0 0 0
54 0 0 0
30 0 0 0
38 0 0 0
38 0 0 0
34 0 0 0
58 0 0 0
46 0 0 0
50 0 0 0
54 0 0 0
26 0 0 0
10 0 0 0
18 0 0 0
34 0 0 0
50 0 0 0
50 0 0 0
54 0 0 0
46 0 0 0
2 0 0 0
58 0 0 0
2 0 0 0
54 0 0 0
50 0 0 0
14 0 0 0
2 0 0 0
6 0 0 0
30 0 0 0
2 0 0 0
54 0 0 0
34 0 0 0
6 0 0 0
42 0 0 0
58 0 0 0
2 0 0 0
38 0 0 0
38 0 0 0
6 0 0 0
46 0 0 0
50 0 0 0
10 0 0 0
50 0 0 0
