26 11 0 0
126 83 0 0
122 119 0 0
82 47 0 0
70 19 0 0
134 107 0 0
102 47 0 0
78 39 0 0
66 27 0 0
90 43 0 0
146 111 0 0
18 127 0 0
70 43 0 0
90 43 0 0
42 11 0 0
106 63 0 0
138 91 0 0
106 99 0 0
90 39 0 0
142 99 0 0
142 95 0 0
106 99 0 0
70 35 0 0
14 159 0 0
90 59 0 0
6 123 0 0
14 155 0 0
154 123 0 0
42 11 0 0
138 83 0 0
54 151 0 0
154 111 0 0
154 107 0 0
58 35 0 0
142 103 0 0
130 107 0 0
106 75 0 0
58 15 0 0
2 139 0 0
30 23 0 0
66 15 0 0
146 103 0 0
126 95 0 0
98 63 0 0
106 79 0 0
78 35 0 0
138 83 0 0
82 71 0 0
162 107 0 0
42 31 0 0
14 151 0 0
150 107 0 0
150 91 0 0
66 31 0 0
6 119 0 0
102 63 0 0
130 79 0 0
130 87 0 0
6 119 0 0
38 3 0 0
34 163 0 0
66 43 0 0
82 39 0 0
10 151 0 0
62 27 0 0
134 79 0 0
90 43 0 0
38 11 0 0
138 123 0 0
18 3 0 0
126 75 0 0
26 155 0 0
74 35 0 0
150 103 0 0
26 15 0 0
110 79 0 0
26 151 0 0
110 107 0 0
82 39 0 0
138 95 0 0
118 83 0 0
142 95 0 0
6 147 0 0
98 75 0 0
146 79 0 0
114 87 0 0
166 107 0 0
62 11 0 0
134 83 0 0
106 51 0 0
66 11 0 0
174 139 0 0
6 139 0 0
154 119 0 0
14 115 0 0
50 163 0 0
58 7 0 0
174 115 0 0
142 79 0 0
2 143 0 0
138 99 0 0
14 159 0 0
2 119 0 0
2 111 0 0
10 155 0 0
90 35 0 0
66 35 0 0
98 47 0 0
142 115 0 0
70 39 0 0
78 39 0 0
158 111 0 0
86 51 0 0
146 91 0 0
162 115 0 0
146 111 0 0
146 87 0 0
106 79 0 0
18 135 0 0
30 143 0 0
10 159 0 0
26 15 0 0
74 39 0 0
174 119 0 0
62 11 0 0
94 47 0 0
90 87 0 0
158 99 0 0
106 103 0 0
42 11 0 0
10 163 0 0
94 43 0 0
34 155 0 0
82 39 0 0
130 111 0 0
102 95 0 0
46 19 0 0
46 35 0 0
78 47 0 0
34 3 0 0
6 143 0 0
74 31 0 0
2 151 0 0
150 127 0 0
162 103 0 0
30 151 0 0
130 79 0 0
46 11 0 0
38 3 0 0
62 19 0 0
2 163 0 0
146 99 0 0
42 31 0 0
6 143 0 0
150 103 0 0
10 159 0 0
26 151 0 0
74 39 0 0
106 103 0 0
70 35 0 0
2 111 0 0
38 7 0 0
150 111 0 0
118 83 0 0
38 11 0 0
6 131 0 0
2 139 0 0
138 87 0 0
138 83 0 0
142 111 0 0
42 7 0 0
34 159 0 0
146 115 0 0
138 91 0 0
74 35 0 0
114 83 0 0
14 127 0 0
34 3 0 0
146 119 0 0
2 127 0 0
134 131 0 0
38 7 0 0
114 71 0 0
70 15 0 0
62 11 0 0
46 11 0 0
6 139 0 0
126 47 0 0
114 83 0 0
142 115 0 0
2 111 0 0
14 151 0 0
90 31 0 0
46 11 0 0
94 67 0 0
158 119 0 0
154 103 0 0
30 163 0 0
134 35 0 0
130 107 0 0
