152 108 0 0 0
52 8 0 0 0
112 48 0 0 0
152 133 0 0 0
62 28 0 0 0
77 53 0 0 0
167 128 0 0 0
182 168 0 0 0
97 48 0 0 0
172 133 0 0 0
152 78 0 0 0
27 158 0 0 0
32 158 0 0 0
2 173 0 0 0
67 28 0 0 0
162 128 0 0 0
62 188 0 0 0
117 68 0 0 0
82 53 0 0 0
2 143 0 0 0
7 138 0 0 0
2 173 0 0 0
62 18 0 0 0
2 163 0 0 0
32 183 0 0 0
27 203 0 0 0
112 88 0 0 0
17 173 0 0 0
7 188 0 0 0
47 178 0 0 0
132 63 0 0 0
42 188 0 0 0
22 158 0 0 0
177 133 0 0 0
57 18 0 0 0
162 113 0 0 0
187 138 0 0 0
172 128 0 0 0
132 63 0 0 0
2 148 0 0 0
62 13 0 0 0
147 108 0 0 0
177 148 0 0 0
27 203 0 0 0
82 33 0 0 0
22 178 0 0 0
27 158 0 0 0
177 138 0 0 0
107 83 0 0 0
167 108 0 0 0
167 128 0 0 0
122 78 0 0 0
157 158 0 0 0
157 108 0 0 0
202 123 0 0 0
132 88 0 0 0
47 13 0 0 0
107 78 0 0 0
157 103 0 0 0
32 228 0 0 0
182 133 0 0 0
2 168 0 0 0
32 223 0 0 0
42 183 0 0 0
122 118 0 0 0
7 203 0 0 0
112 88 0 0 0
7 173 0 0 0
2 138 0 0 0
177 163 0 0 0
217 148 0 0 0
17 188 0 0 0
112 63 0 0 0
57 8 0 0 0
7 173 0 0 0
152 123 0 0 0
87 38 0 0 0
122 73 0 0 0
187 128 0 0 0
112 73 0 0 0
197 118 0 0 0
232 183 0 0 0
62 23 0 0 0
2 163 0 0 0
32 203 0 0 0
147 118 0 0 0
107 68 0 0 0
112 68 0 0 0
152 118 0 0 0
137 88 0 0 0
22 173 0 0 0
2 158 0 0 0
207 138 0 0 0
127 63 0 0 0
77 33 0 0 0
152 153 0 0 0
127 83 0 0 0
152 128 0 0 0
12 173 0 0 0
137 68 0 0 0
47 3 0 0 0
7 178 0 0 0
142 98 0 0 0
107 58 0 0 0
2 148 0 0 0
157 153 0 0 0
57 8 0 0 0
32 3 0 0 0
82 8 0 0 0
172 123 0 0 0
107 53 0 0 0
67 28 0 0 0
187 138 0 0 0
57 3 0 0 0
177 173 0 0 0
52 8 0 0 0
107 73 0 0 0
52 3 0 0 0
162 163 0 0 0
197 98 0 0 0
27 173 0 0 0
57 8 0 0 0
22 183 0 0 0
22 13 0 0 0
22 158 0 0 0
47 193 0 0 0
107 53 0 0 0
157 93 0 0 0
17 163 0 0 0
127 88 0 0 0
82 33 0 0 0
182 158 0 0 0
172 153 0 0 0
112 58 0 0 0
52 28 0 0 0
132 63 0 0 0
102 53 0 0 0
7 178 0 0 0
177 108 0 0 0
187 143 0 0 0
157 118 0 0 0
87 33 0 0 0
182 158 0 0 0
62 13 0 0 0
172 138 0 0 0
32 8 0 0 0
62 23 0 0 0
167 158 0 0 0
62 28 0 0 0
132 83 0 0 0
2 113 0 0 0
27 203 0 0 0
82 8 0 0 0
57 8 0 0 0
187 158 0 0 0
72 3 0 0 0
122 123 0 0 0
167 128 0 0 0
22 173 0 0 0
252 168 0 0 0
102 63 0 0 0
92 43 0 0 0
62 208 0 0 0
227 163 0 0 0
167 153 0 0 0
167 128 0 0 0
82 33 0 0 0
57 8 0 0 0
152 103 0 0 0
177 133 0 0 0
22 183 0 0 0
22 168 0 0 0
77 28 0 0 0
72 28 0 0 0
37 8 0 0 0
52 3 0 0 0
17 178 0 0 0
17 178 0 0 0
2 168 0 0 0
27 173 0 0 0
67 13 0 0 0
42 148 0 0 0
172 143 0 0 0
7 178 0 0 0
147 103 0 0 0
157 123 0 0 0
107 53 0 0 0
67 23 0 0 0
17 188 0 0 0
7 178 0 0 0
52 8 0 0 0
102 63 0 0 0
82 58 0 0 0
67 23 0 0 0
62 28 0 0 0
2 163 0 0 0
172 123 0 0 0
62 23 0 0 0
122 108 0 0 0
117 68 0 0 0
