26 143 0 0
70 43 0 0
166 115 0 0
34 3 0 0
106 107 0 0
186 131 0 0
138 83 0 0
74 39 0 0
94 63 0 0
10 167 0 0
6 119 0 0
30 127 0 0
146 115 0 0
106 79 0 0
102 91 0 0
78 43 0 0
70 43 0 0
146 143 0 0
2 119 0 0
150 111 0 0
122 83 0 0
22 7 0 0
6 111 0 0
142 91 0 0
78 39 0 0
158 107 0 0
34 183 0 0
170 127 0 0
42 11 0 0
150 119 0 0
78 67 0 0
138 123 0 0
6 119 0 0
26 15 0 0
134 83 0 0
106 99 0 0
114 103 0 0
30 19 0 0
98 87 0 0
14 163 0 0
66 23 0 0
26 143 0 0
114 55 0 0
30 23 0 0
150 135 0 0
114 83 0 0
6 123 0 0
138 103 0 0
130 87 0 0
150 127 0 0
150 123 0 0
158 115 0 0
134 91 0 0
74 15 0 0
22 167 0 0
34 167 0 0
78 43 0 0
78 39 0 0
38 7 0 0
62 19 0 0
38 7 0 0
150 119 0 0
74 47 0 0
142 119 0 0
70 31 0 0
46 11 0 0
70 43 0 0
142 103 0 0
150 119 0 0
94 39 0 0
46 11 0 0
34 3 0 0
54 11 0 0
34 3 0 0
10 131 0 0
2 139 0 0
102 71 0 0
38 7 0 0
34 3 0 0
6 123 0 0
138 111 0 0
70 19 0 0
146 123 0 0
38 7 0 0
22 7 0 0
114 43 0 0
118 115 0 0
2 147 0 0
102 67 0 0
6 119 0 0
2 143 0 0
10 119 0 0
66 15 0 0
66 11 0 0
102 71 0 0
66 35 0 0
110 75 0 0
110 55 0 0
6 119 0 0
78 43 0 0
70 43 0 0
42 7 0 0
98 51 0 0
10 143 0 0
134 83 0 0
174 119 0 0
62 11 0 0
174 119 0 0
134 95 0 0
26 175 0 0
38 3 0 0
42 7 0 0
98 67 0 0
150 115 0 0
118 79 0 0
102 47 0 0
106 103 0 0
30 23 0 0
138 95 0 0
158 111 0 0
122 123 0 0
98 47 0 0
86 71 0 0
34 155 0 0
46 15 0 0
74 43 0 0
98 95 0 0
70 27 0 0
2 119 0 0
106 75 0 0
106 71 0 0
150 115 0 0
2 135 0 0
70 63 0 0
70 39 0 0
94 79 0 0
138 99 0 0
110 79 0 0
90 75 0 0
26 151 0 0
74 43 0 0
10 155 0 0
106 103 0 0
170 115 0 0
98 47 0 0
130 79 0 0
98 67 0 0
110 99 0 0
30 23 0 0
150 119 0 0
150 107 0 0
62 11 0 0
142 87 0 0
10 159 0 0
42 31 0 0
86 75 0 0
70 39 0 0
150 91 0 0
30 151 0 0
66 39 0 0
70 43 0 0
114 83 0 0
146 111 0 0
38 11 0 0
62 15 0 0
142 99 0 0
70 39 0 0
74 15 0 0
146 139 0 0
42 7 0 0
70 39 0 0
42 11 0 0
38 7 0 0
10 175 0 0
114 51 0 0
42 11 0 0
58 3 0 0
134 83 0 0
110 71 0 0
42 11 0 0
70 39 0 0
122 99 0 0
38 11 0 0
162 111 0 0
106 51 0 0
6 123 0 0
98 87 0 0
138 135 0 0
34 155 0 0
142 139 0 0
158 127 0 0
38 3 0 0
158 111 0 0
46 11 0 0
166 115 0 0
34 3 0 0
146 91 0 0
134 111 0 0
46 11 0 0
142 111 0 0
