67 33 0 0 0
82 48 0 0 0
17 8 0 0 0
87 63 0 0 0
37 38 0 0 0
7 58 0 0 0
27 8 0 0 0
2 73 0 0 0
62 58 0 0 0
57 13 0 0 0
47 43 0 0 0
7 53 0 0 0
27 23 0 0 0
52 53 0 0 0
7 3 0 0 0
72 63 0 0 0
12 88 0 0 0
82 48 0 0 0
27 28 0 0 0
27 8 0 0 0
32 8 0 0 0
7 3 0 0 0
2 58 0 0 0
17 13 0 0 0
57 33 0 0 0
2 73 0 0 0
12 93 0 0 0
32 8 0 0 0
7 78 0 0 0
2 48 0 0 0
7 73 0 0 0
62 33 0 0 0
67 68 0 0 0
12 8 0 0 0
62 33 0 0 0
57 33 0 0 0
37 33 0 0 0
77 68 0 0 0
67 43 0 0 0
67 48 0 0 0
57 33 0 0 0
2 53 0 0 0
7 78 0 0 0
27 3 0 0 0
82 78 0 0 0
52 48 0 0 0
87 68 0 0 0
27 8 0 0 0
52 48 0 0 0
27 18 0 0 0
2 48 0 0 0
2 53 0 0 0
22 13 0 0 0
62 33 0 0 0
57 38 0 0 0
87 68 0 0 0
17 8 0 0 0
22 3 0 0 0
62 43 0 0 0
32 28 0 0 0
7 73 0 0 0
2 48 0 0 0
32 8 0 0 0
42 38 0 0 0
67 43 0 0 0
47 48 0 0 0
62 58 0 0 0
47 43 0 0 0
37 13 0 0 0
27 3 0 0 0
62 38 0 0 0
77 48 0 0 0
87 43 0 0 0
42 18 0 0 0
62 43 0 0 0
67 43 0 0 0
72 48 0 0 0
47 78 0 0 0
17 13 0 0 0
2 73 0 0 0
42 43 0 0 0
52 53 0 0 0
67 33 0 0 0
32 28 0 0 0
67 33 0 0 0
42 43 0 0 0
57 38 0 0 0
52 83 0 0 0
82 43 0 0 0
37 38 0 0 0
57 33 0 0 0
7 83 0 0 0
12 83 0 0 0
47 43 0 0 0
52 48 0 0 0
27 8 0 0 0
12 58 0 0 0
32 28 0 0 0
87 63 0 0 0
47 23 0 0 0
7 73 0 0 0
7 78 0 0 0
7 83 0 0 0
57 33 0 0 0
42 33 0 0 0
62 38 0 0 0
22 18 0 0 0
62 58 0 0 0
2 53 0 0 0
77 68 0 0 0
32 8 0 0 0
22 13 0 0 0
52 48 0 0 0
42 73 0 0 0
22 13 0 0 0
92 58 0 0 0
7 78 0 0 0
62 38 0 0 0
7 73 0 0 0
17 83 0 0 0
7 3 0 0 0
52 23 0 0 0
42 33 0 0 0
72 63 0 0 0
7 73 0 0 0
87 43 0 0 0
57 53 0 0 0
22 13 0 0 0
67 48 0 0 0
77 43 0 0 0
62 38 0 0 0
77 43 0 0 0
62 38 0 0 0
27 73 0 0 0
72 38 0 0 0
52 48 0 0 0
62 38 0 0 0
82 63 0 0 0
42 73 0 0 0
42 18 0 0 0
72 48 0 0 0
27 3 0 0 0
72 48 0 0 0
67 43 0 0 0
7 78 0 0 0
22 18 0 0 0
2 53 0 0 0
72 38 0 0 0
72 48 0 0 0
22 18 0 0 0
57 58 0 0 0
12 8 0 0 0
77 38 0 0 0
92 48 0 0 0
57 13 0 0 0
7 53 0 0 0
42 38 0 0 0
72 43 0 0 0
2 73 0 0 0
62 38 0 0 0
22 78 0 0 0
57 13 0 0 0
62 33 0 0 0
12 3 0 0 0
22 3 0 0 0
77 38 0 0 0
27 23 0 0 0
32 28 0 0 0
82 58 0 0 0
7 3 0 0 0
12 8 0 0 0
67 43 0 0 0
37 13 0 0 0
2 88 0 0 0
82 63 0 0 0
67 63 0 0 0
7 73 0 0 0
62 33 0 0 0
47 23 0 0 0
22 23 0 0 0
2 48 0 0 0
2 88 0 0 0
32 8 0 0 0
2 53 0 0 0
2 68 0 0 0
7 68 0 0 0
7 68 0 0 0
42 18 0 0 0
37 28 0 0 0
57 38 0 0 0
57 38 0 0 0
32 8 0 0 0
57 18 0 0 0
7 3 0 0 0
62 68 0 0 0
32 33 0 0 0
12 8 0 0 0
17 18 0 0 0
2 83 0 0 0
17 8 0 0 0
