-0.281755 -0.039873 -0.038973 -0.038378  -0.022315
4.570778 4.725503 -0.038973 -0.038378  201.014560
9.654785 9.827210 -0.038973 -0.038378  1849.022743
11.104169 11.285929 -0.038973 -0.038378  2806.686124
14.337378 14.527402 -0.038973 -0.038378  6013.139116
19.148574 19.353081 -0.038973 -0.138183  14269.706837
24.228378 24.450565 -0.038973 -0.138183  28839.688259
25.625324 25.856596 -0.038973 -0.138183  34113.832263
29.051656 29.190600 -0.038973 -0.138183  49392.968011
33.124905 33.280427 -0.038973 -0.138183  73207.572991
38.245901 38.418658 -0.138956 -0.237944  112649.850102
39.604491 39.786343 -0.138956 -0.237944  125100.191651
43.084171 43.173447 -0.138956 -0.237944  160447.811550
48.218074 48.324880 -0.138956 -0.237944  224958.987642
49.649624 49.765665 -0.138956 -0.237944  245641.265905
53.005684 53.028905 -0.138956 -0.237944  298045.622153
58.174146 58.214335 -0.138956 -0.337850  394157.874106
59.609498 59.659378 -0.138956 -0.337850  424152.112871
62.885626 62.942856 -0.138956 -0.337850  498054.860730
66.438516 66.510353 -0.138956 -0.337850  587481.689278
71.519152 71.612947 -0.138956 -0.437810  733080.616901
73.687872 73.793245 -0.138956 -0.437810  801954.922630
76.172735 76.283298 -0.138956 -0.437810  885879.367776
81.241353 81.367624 -0.138956 -0.437810  1074915.591507
83.303199 83.440845 -0.138956 -0.437810  1159022.608379
85.938008 86.081056 -0.138956 -0.537743  1272537.848636
91.055551 91.214425 -0.238881 -0.637426  1513862.689015
93.022842 93.192202 -0.238881 -0.637426  1614304.400066
95.799027 95.973969 -0.238881 -0.737166  1763208.027821
100.885713 101.077112 -0.238881 -0.837040  2059470.683642
102.701159 102.903273 -0.238881 -0.837040  2172895.179736
105.615191 105.823200 -0.238881 -0.936738  2363159.069136
110.645259 110.873846 -0.238881 -0.936738  2717534.428813
112.369812 112.608398 -0.238881 -0.936738  2846839.259057
115.415619 115.661827 -0.238881 -1.036505  3084709.873502
120.072687 120.342766 -0.238881 -1.036505  3473992.744915
122.805507 123.090049 -0.238881 -1.036505  3717011.489520
125.354997 125.653279 -0.238881 -1.136231  3953721.824621
127.953201 128.265313 -0.338811 -1.235853  4205073.950588
130.666340 130.992537 -0.338811 -1.235853  4478665.377663
133.456107 133.797162 -0.338811 -1.335538  4772120.527912
136.149308 136.503785 -0.338811 -1.435300  5067266.274010
138.902834 139.271368 -0.338811 -1.435300  5381372.657196
142.250766 142.626671 -0.438807 -1.535079  5779851.993889
