0.571442 0.912014 0.913627  0.182572
0.571442 0.912014 0.913627  0.182572
0.951006 0.951057 0.951153  0.859842
1.174755 1.174841 1.174903  1.620969
1.174755 1.174841 1.174903  1.620969
1.174755 1.174841 1.174903  1.620969
1.174755 1.174841 1.174903  1.620969
1.174755 1.174841 1.174903  1.620969
1.317201 1.317252 1.317327  2.284975
1.562071 1.562128 1.562203  3.811008
1.562071 1.562128 1.562203  3.811008
1.562071 1.562128 1.562203  3.811008
1.562071 1.562128 1.562203  3.811008
1.562071 1.562128 1.562203  3.811008
1.712566 1.712643 1.712708  5.022176
1.968314 1.968371 1.968466  7.624655
1.968314 1.968371 1.968466  7.624655
1.968314 1.968371 1.968466  7.624655
1.968314 1.968371 1.968466  7.624655
2.047238 2.047289 2.047385  8.579146
2.228924 2.228976 2.229046  11.072478
2.515483 2.515534 2.515630  15.915292
2.515483 2.515534 2.515630  15.915292
2.515483 2.515534 2.515630  15.915292
2.515483 2.515534 2.515630  15.915292
2.618661 2.618713 2.618808  17.955201
2.825825 2.825906 2.825977  22.563329
2.825825 2.825906 2.825977  22.563329
2.825825 2.825906 2.825977  22.563329
2.825825 2.825906 2.825977  22.563329
2.844770 2.844847 2.844917  23.020203
2.967292 2.967344 2.967435  26.124088
3.198129 3.198180 3.198255  32.708239
3.198129 3.198180 3.198255  32.708239
3.198129 3.198180 3.198255  32.708239
3.198129 3.198180 3.198255  32.708239
3.209154 3.209211 3.209301  33.047219
3.314145 3.314206 3.314272  36.398929
3.513351 3.513407 3.513498  43.364155
3.807422 3.807488 3.807553  55.191283
3.807422 3.807488 3.807553  55.191283
3.807422 3.807488 3.807553  55.191283
3.807422 3.807488 3.807553  55.191283
3.882803 3.882855 3.882950  58.533433
