0.331738 0.670447 0.672059  0.034328
0.331738 0.670447 0.672059  0.034328
0.331738 0.670447 0.672059  0.034328
0.725182 0.725234 0.725329  0.381215
1.002756 1.002842 1.002903  1.008106
1.002756 1.002842 1.002903  1.008106
1.002756 1.002842 1.002903  1.008106
1.002756 1.002842 1.002903  1.008106
1.002756 1.002842 1.002903  1.008106
1.202287 1.202339 1.202434  1.737485
1.202287 1.202339 1.202434  1.737485
1.202287 1.202339 1.202434  1.737485
1.202287 1.202339 1.202434  1.737485
1.202287 1.202339 1.202434  1.737485
1.308521 1.308602 1.308668  2.240147
1.518509 1.518581 1.518661  3.500931
1.518509 1.518581 1.518661  3.500931
1.518509 1.518581 1.518661  3.500931
1.518509 1.518581 1.518661  3.500931
1.518509 1.518581 1.518661  3.500931
1.643881 1.643932 1.644023  4.441594
1.872906 1.872958 1.873054  6.568736
1.872906 1.872958 1.873054  6.568736
1.872906 1.872958 1.873054  6.568736
1.872906 1.872958 1.873054  6.568736
1.914321 1.914372 1.914473  7.014164
2.058536 2.058597 2.058663  8.722355
2.305551 2.305602 2.305698  12.253777
2.305551 2.305602 2.305698  12.253777
2.305551 2.305602 2.305698  12.253777
2.305551 2.305602 2.305698  12.253777
2.360266 2.360342 2.360413  13.147520
2.520031 2.520083 2.520178  16.001784
2.783668 2.783725 2.783815  21.568002
2.783668 2.783725 2.783815  21.568002
2.783668 2.783725 2.783815  21.568002
2.783668 2.783725 2.783815  21.568002
2.841850 2.841931 2.841997  22.949498
2.996139 2.996211 2.996286  26.893865
3.243705 3.243761 3.243856  34.126012
3.243705 3.243761 3.243856  34.126012
3.243705 3.243761 3.243856  34.126012
3.243705 3.243761 3.243856  34.126012
3.262595 3.262656 3.262743  34.726041
