0.762271 -0.878279 -0.876620  0.439091
0.762271 -0.878279 -0.876620  0.439091
0.762271 -0.878279 -0.876620  0.439091
0.861454 0.861531 0.861597  0.639142
0.861454 0.861531 0.861597  0.639142
0.861454 0.861531 0.861597  0.639142
0.861454 0.861531 0.861597  0.639142
0.861454 0.861531 0.861597  0.639142
1.074208 1.074289 1.074355  1.239324
1.074208 1.074289 1.074355  1.239324
1.074208 1.074289 1.074355  1.239324
1.074208 1.074289 1.074355  1.239324
1.074208 1.074289 1.074355  1.239324
1.196529 1.196601 1.196677  1.712727
1.423610 1.423687 1.423757  2.884754
1.423610 1.423687 1.423757  2.884754
1.423610 1.423687 1.423757  2.884754
1.423610 1.423687 1.423757  2.884754
1.473144 1.473196 1.473292  3.196329
1.623791 1.623863 1.623938  4.280848
1.876701 1.876752 1.876848  6.608743
1.876701 1.876752 1.876848  6.608743
1.876701 1.876752 1.876848  6.608743
1.876701 1.876752 1.876848  6.608743
1.936308 1.936360 1.936455  7.258707
2.099418 2.099490 2.099570  9.252246
2.366025 2.366081 2.366172  13.243661
2.366025 2.366081 2.366172  13.243661
2.366025 2.366081 2.366172  13.243661
2.366025 2.366081 2.366172  13.243661
2.446918 2.446970 2.447065  14.648980
2.632362 2.632418 2.632509  18.238612
2.921530 2.921607 2.921677  24.934439
2.921530 2.921607 2.921677  24.934439
2.921530 2.921607 2.921677  24.934439
2.921530 2.921607 2.921677  24.934439
3.000581 3.000647 3.000728  27.013498
3.173998 3.174080 3.174141  31.973853
3.440554 3.440640 3.440696  40.725242
3.440554 3.440640 3.440696  40.725242
3.440554 3.440640 3.440696  40.725242
3.440554 3.440640 3.440696  40.725242
3.481936 3.482017 3.482078  42.212344
3.616832 3.616884 3.616959  47.310554
