-0.502083 -0.501775 -0.501656  -0.126659
-0.406596 -0.406373 -0.406283  -0.067263
-0.504975 -0.504914 -0.504823  -0.128838
-0.092361 -0.092280 -0.092205  -0.000790
-0.574841 -0.574755 -0.574684  -0.190021
-0.219661 -0.219600 -0.219514  -0.010611
-0.212220 -0.212164 -0.212073  -0.009570
-0.067962 -0.067876 -0.067810  -0.000315
-0.129751 -0.191480 -0.191394  -0.002194
-0.247308 -0.247247 -0.302922  -0.002443
-0.353049 -0.352963 -0.352897  -0.044030
-0.043922 -0.043861 -0.043770  -0.000085
-0.037941 -0.037860 -0.037789  -0.000055
-0.032050 -0.031993 -0.031902  -0.000033
-0.026477 -0.026391 -0.026325  -0.000019
-0.021387 -0.021326 -0.021240  -0.000010
-0.014518 -0.014457 -0.014371  -0.000003
-0.009411 -0.009330 -0.009259  -0.000001
-0.001977 -0.001916 -0.001826  -0.000000
0.008547 0.008643 0.008713  0.000001
0.022753 0.022872 0.022938  0.000012
0.042500 0.042566 0.042652  0.000076
0.067887 0.067948 0.068039  0.000312
0.030608 0.030665 0.030756  0.000028
-0.453000 -0.452939 -0.452848  -0.093015
-0.097366 -0.097305 -0.097219  -0.000925
-0.090446 -0.090385 -0.090294  -0.000742
0.052730 0.052817 0.052882  0.000146
0.111399 0.170145 0.170220  0.001376
0.234445 0.234521 0.298968  -0.000937
0.369154 0.369220 0.369306  0.050271
0.075679 0.075740 0.075831  0.000432
0.081688 0.081774 0.081840  0.000544
0.086972 0.087054 0.087124  0.000656
0.092185 0.092266 0.092332  0.000782
0.097223 0.097289 0.097355  0.000917
-0.097754 -0.097697 -0.097607  -0.000937
-0.091796 -0.091731 -0.091644  -0.000776
-0.086385 -0.086308 -0.086238  -0.000646
-0.081091 -0.081015 -0.080944  -0.000535
-0.156448 -0.156382 -0.156291  -0.003836
-0.225724 -0.225638 -0.225577  -0.011510
-0.288838 -0.288777 -0.288687  -0.024120
-0.057409 -0.057327 -0.057257  -0.000190
-0.540961 -0.540879 -0.540809  -0.158368
-0.185288 -0.185207 -0.185136  -0.006368
-0.178150 -0.178064 -0.177999  -0.005660
-0.033977 -0.033900 -0.033829  -0.000039
-0.062181 -0.090323 -0.090233  -0.000243
-0.112778 -0.112712 -0.135015  -0.000405
-0.151821 -0.151760 -0.151669  -0.003506
-0.010967 -0.010886 -0.010815  -0.000001
-0.005645 -0.005564 -0.005493  -0.000000
0.000018 0.000104 0.000165  -0.000000
0.006854 0.006919 0.007005  0.000000
0.012769 0.012830 0.012921  0.000002
0.018261 0.018318 0.018408  0.000006
0.023630 0.023716 0.023787  0.000013
0.029141 0.029228 0.029293  0.000025
0.034365 0.034421 0.034512  0.000040
0.074374 0.074444 0.074530  0.000410
0.120168 0.120245 0.120316  0.001732
0.171595 0.171660 0.171746  0.005045
0.057038 0.057094 0.057165  0.000185
-0.426343 -0.426278 -0.426192  -0.077543
-0.061669 -0.061580 -0.061494  -0.000236
-0.053531 -0.053454 -0.053384  -0.000154
0.090197 0.090273 0.090344  0.000732
0.185588 0.281041 0.281107  0.006377
0.181830 0.181911 0.082852  0.011463
-0.010933 -0.010872 -0.010781  -0.000001
-0.088051 -0.087969 -0.087899  -0.000684
-0.082103 -0.082026 -0.081956  -0.000555
-0.076718 -0.076657 -0.076566  -0.000453
-0.071230 -0.071169 -0.071079  -0.000363
-0.065633 -0.065567 -0.065481  -0.000284
-0.060364 -0.060283 -0.060217  -0.000221
-0.055113 -0.055042 -0.054961  -0.000168
-0.049781 -0.049711 -0.049625  -0.000124
-0.044768 -0.044707 -0.044616  -0.000090
-0.084062 -0.083952 -0.083882  -0.000596
-0.117796 -0.117731 -0.117644  -0.001638
-0.145612 -0.145526 -0.145456  -0.003092
-0.022251 -0.022190 -0.022100  -0.000011
-0.505752 -0.505665 -0.505600  -0.129414
-0.150445 -0.150364 -0.150298  -0.003410
-0.143151 -0.143074 -0.143004  -0.002938
0.000270 0.000340 0.000422  -0.000000
0.007378 0.014568 0.014634  0.000000
0.027117 0.027169 0.039865  -0.000023
0.057888 0.057970 0.058040  0.000193
0.023919 0.023990 0.024071  0.000014
0.029711 0.029777 0.029863  0.000026
0.034734 0.034790 0.034881  0.000042
0.040198 0.040259 0.040350  0.000065
0.045506 0.045567 0.045658  0.000094
0.050880 0.050941 0.051032  0.000131
0.056159 0.056220 0.056307  0.000176
0.061220 0.061306 0.061372  0.000229
0.066414 0.066490 0.066561  0.000292
0.138140 0.138226 0.138296  0.002632
0.215610 0.215696 0.215757  0.010015
0.298559 0.298625 0.298706  0.026591
0.087886 0.087967 0.088038  0.000677
-0.395689 -0.395599 -0.395528  -0.061986
-0.179057 -0.178791 -0.178726  -0.005747
-0.171593 -0.171511 -0.171441  -0.005059
-0.028078 -0.028012 -0.027926  -0.000022
-0.050502 -0.072840 -0.072774  -0.000130
-0.088931 -0.088865 -0.104825  -0.000253
-0.115320 -0.115243 -0.115173  -0.001536
-0.004627 -0.004566 -0.004475  -0.000000
0.001017 0.001078 0.001169  0.000000
0.008117 0.008199 0.008269  0.000001
0.014047 0.014138 0.014203  0.000003
0.019151 0.019203 0.019298  0.000007
0.024093 0.024183 0.024245  0.000014
0.029372 0.029429 0.029519  0.000025
0.034799 0.034855 0.034946  0.000042
0.040168 0.040259 0.040320  0.000065
0.085525 0.085644 0.085719  0.000624
0.135935 0.135986 0.136082  0.002507
0.191646 0.191727 0.191798  0.007031
0.060991 0.061052 0.061138  0.000226
-0.422556 -0.422495 -0.422409  -0.075495
-0.067173 -0.067112 -0.067026  -0.000304
-0.060069 -0.060007 -0.059921  -0.000218
0.083426 0.083507 0.083573  0.000579
0.172066 0.260771 0.260858  0.005077
0.354880 0.354937 0.449172  -0.001215
0.349248 0.349305 0.349395  0.042566
-0.094522 -0.094441 -0.094371  -0.000846
-0.088337 -0.088271 -0.088185  -0.000691
-0.082849 -0.082778 -0.082702  -0.000570
-0.077005 -0.076919 -0.076854  -0.000458
-0.071892 -0.071831 -0.071740  -0.000373
-0.066584 -0.066518 -0.066432  -0.000296
-0.061339 -0.061262 -0.061192  -0.000232
-0.056164 -0.056082 -0.056012  -0.000178
-0.051050 -0.050994 -0.050898  -0.000134
-0.096580 -0.096493 -0.096428  -0.000903
-0.136302 -0.136236 -0.136150  -0.002537
-0.170038 -0.169977 -0.169912  -0.004922
-0.028092 -0.028036 -0.027945  -0.000022
-0.511569 -0.511478 -0.511412  -0.133931
-0.156595 -0.156513 -0.156443  -0.003845
-0.149656 -0.149595 -0.149509  -0.003358
-0.006103 -0.006022 -0.005956  -0.000000
-0.006628 -0.007092 -0.007001  -0.000000
-0.002200 -0.002114 0.002929  -0.000000
0.014314 0.014371 0.014461  0.000003
0.016675 0.016736 0.016826  0.000005
0.021845 0.021906 0.021992  0.000010
0.027232 0.027323 0.027398  0.000020
0.032711 0.032802 0.032872  0.000035
0.037806 0.037862 0.037953  0.000054
0.042810 0.042876 0.042937  0.000078
0.047975 0.048036 0.048127  0.000110
0.053216 0.053302 0.053368  0.000150
0.058363 0.058419 0.058510  0.000198
0.121629 0.121720 0.121786  0.001796
0.190308 0.190390 0.190455  0.006885
0.264522 0.264594 0.264669  0.018493
0.079246 0.079328 0.079394  0.000496
-0.404224 -0.404158 -0.404072  -0.066091
-0.049168 -0.049102 -0.049041  -0.000119
-0.041913 -0.041836 -0.041766  -0.000074
-0.098326 -0.098265 -0.098175  -0.000953
-0.190999 -0.283615 -0.283524  -0.006990
-0.370416 -0.370330 -0.456975  -0.006185
-0.538440 -0.538354 -0.538288  -0.156161
-0.075307 -0.075251 -0.075160  -0.000429
-0.069815 -0.069749 -0.069668  -0.000341
-0.064484 -0.064423 -0.064332  -0.000269
-0.059105 -0.059024 -0.058953  -0.000207
-0.053760 -0.053678 -0.053608  -0.000156
-0.048504 -0.048438 -0.048352  -0.000115
-0.043121 -0.043039 -0.042969  -0.000081
-0.037722 -0.037661 -0.037570  -0.000054
-0.032276 -0.032215 -0.032129  -0.000034
-0.059373 -0.059303 -0.059212  -0.000210
-0.080106 -0.080050 -0.079964  -0.000516
-0.094861 -0.094805 -0.094714  -0.000856
-0.009424 -0.009362 -0.009276  -0.000001
-0.493005 -0.492924 -0.492853  -0.119878
-0.137755 -0.137678 -0.137608  -0.002618
-0.130802 -0.130721 -0.130655  -0.002241
0.012808 0.012869 0.012960  0.000002
0.030985 0.049228 0.049314  0.000029
0.072911 0.072993 0.096828  -0.000131
0.125948 0.126014 0.126100  0.001994
0.034673 0.034750 0.034821  0.000041
0.040380 0.040446 0.040528  0.000065
0.045583 0.045665 0.045730  0.000094
0.050692 0.050758 0.050844  0.000130
0.055863 0.055924 0.056010  0.000174
0.061122 0.061203 0.061274  0.000228
0.066079 0.066135 0.066226  0.000287
0.071387 0.071443 0.071534  0.000362
0.076438 0.076519 0.076585  0.000445
0.157819 0.157876 0.157971  0.003924
0.244626 0.244712 0.244777  0.014627
0.336978 0.337034 0.337130  0.038233
0.097342 0.097399 0.097489  0.000920
-0.585983 -0.585906 -0.585835  -0.201285
-0.230756 -0.230695 -0.230604  -0.012302
-0.223742 -0.223656 -0.223595  -0.011210
-0.079891 -0.079809 -0.079744  -0.000511
-0.154070 -0.228188 -0.228097  -0.003671
-0.211336 -0.211156 -0.194037  -0.011548
-0.171052 -0.170966 -0.170900  -0.005011
0.028702 0.028763 0.028853  0.000023
0.033937 0.034014 0.034085  0.000039
0.039212 0.039299 0.039364  0.000060
0.044567 0.044649 0.044719  0.000088
0.049728 0.049809 0.049875  0.000122
0.054912 0.054998 0.055064  0.000165
0.059912 0.059993 0.060063  0.000214
0.064869 0.064935 0.065021  0.000272
0.070282 0.070343 0.070408  0.000346
0.145757 0.145822 0.145909  0.003091
0.226671 0.226753 0.226818  0.011636
0.312851 0.312928 0.312998  0.030600
0.091763 0.091820 0.091911  0.000770
-0.391718 -0.391632 -0.391561  -0.060139
-0.236459 -0.236382 -0.236312  -0.013233
-0.229359 -0.229273 -0.229207  -0.012076
-0.086014 -0.085944 -0.085863  -0.000638
-0.166452 -0.246808 -0.246737  -0.004625
-0.321358 -0.321272 -0.395671  -0.004403
-0.464876 -0.464794 -0.464728  -0.100507
-0.063722 -0.063645 -0.063575  -0.000260
-0.058153 -0.058092 -0.058005  -0.000198
-0.052665 -0.052599 -0.052513  -0.000147
-0.047333 -0.047272 -0.047186  -0.000107
-0.042007 -0.041950 -0.041860  -0.000075
-0.036301 -0.036225 -0.036154  -0.000048
-0.030917 -0.030851 -0.030765  -0.000030
-0.025662 -0.025576 -0.025510  -0.000017
-0.020350 -0.020264 -0.020198  -0.000009
-0.034936 -0.034850 -0.034784  -0.000043
-0.043678 -0.043621 -0.043530  -0.000084
-0.046534 -0.046457 -0.046387  -0.000101
0.002466 0.002522 0.002613  0.000000
-0.479668 -0.479591 -0.479521  -0.110411
-0.124783 -0.124717 -0.124631  -0.001947
-0.117512 -0.117446 -0.117390  -0.001625
0.026296 0.026382 0.026443  0.000018
0.057558 0.088906 0.088967  0.000189
0.125291 0.125348 0.161880  -0.000306
0.203814 0.203891 0.203961  0.008458
0.047436 0.047518 0.047583  0.000106
0.052877 0.052963 0.053029  0.000147
0.058075 0.058157 0.058227  0.000195
0.062876 0.062937 0.063028  0.000247
0.067838 0.067899 0.067990  0.000311
0.073017 0.073083 0.073165  0.000388
0.077964 0.078050 0.078120  0.000473
0.083320 0.083386 0.083472  0.000577
0.088551 0.088637 0.088703  0.000693
0.182130 0.182216 0.182282  0.006035
0.281231 0.281292 0.281378  0.022222
0.185573 0.185643 0.185725  0.006382
-0.089682 -0.089596 -0.089535  -0.000723
-0.573091 -0.573026 -0.572944  -0.188303
-0.217970 -0.217893 -0.217823  -0.010366
-0.210898 -0.210842 -0.210751  -0.009392
-0.067379 -0.067318 -0.067252  -0.000307
-0.129488 -0.191517 -0.191451  -0.002178
-0.248176 -0.248120 -0.304632  -0.002291
-0.355414 -0.355358 -0.355288  -0.044922
-0.045100 -0.045034 -0.044948  -0.000092
-0.039399 -0.039318 -0.039247  -0.000061
-0.033949 -0.033863 -0.033802  -0.000039
-0.028641 -0.028555 -0.028489  -0.000024
-0.023509 -0.023443 -0.023357  -0.000013
-0.018205 -0.018140 -0.018054  -0.000006
-0.012689 -0.012619 -0.012528  -0.000002
-0.007429 -0.007372 -0.007302  -0.000000
-0.001913 -0.001856 -0.001765  -0.000000
0.001957 0.002027 0.002114  0.000000
0.011911 0.012002 0.012063  0.000002
0.027249 0.027331 0.027396  0.000020
0.020637 0.020693 0.020784  0.000009
-0.462483 -0.462427 -0.462356  -0.098966
-0.107106 -0.107020 -0.106954  -0.001231
-0.099911 -0.099850 -0.099764  -0.001000
0.044338 0.044420 0.044490  0.000087
0.094379 0.144480 0.144571  0.000835
0.200070 0.200156 0.255897  -0.000730
0.317472 0.317553 0.317619  0.031978
0.066950 0.067011 0.067102  0.000299
0.072840 0.072926 0.072992  0.000385
0.077879 0.077940 0.078006  0.000471
0.083105 0.083176 0.083262  0.000572
0.088280 0.088341 0.088432  0.000686
0.093431 0.093488 0.093583  0.000813
0.098564 0.098630 0.098716  0.000955
-0.096366 -0.096285 -0.096219  -0.000897
-0.090465 -0.090409 -0.090318  -0.000743
-0.175456 -0.175400 -0.175304  -0.005410
-0.254093 -0.254007 -0.253941  -0.016418
-0.326599 -0.326534 -0.326468  -0.034858
-0.067214 -0.067133 -0.067063  -0.000305
-0.550652 -0.550561 -0.550491  -0.167031
-0.195715 -0.195654 -0.195568  -0.007507
-0.188696 -0.188615 -0.188545  -0.006726
-0.045091 -0.045025 -0.044939  -0.000092
-0.084818 -0.124483 -0.124397  -0.000614
-0.158741 -0.158675 -0.192781  -0.000831
-0.221593 -0.221532 -0.221446  -0.010894
-0.023481 -0.023420 -0.023329  -0.000013
-0.018021 -0.017960 -0.017874  -0.000006
0.060000 0.060204 0.060290  0.000215
0.067537 0.067623 0.067689  0.000307
0.072555 0.072641 0.072702  0.000381
0.077778 0.077835 0.077926  0.000469
0.082811 0.082877 0.082963  0.000566
0.087668 0.087729 0.087820  0.000672
0.092757 0.092847 0.092908  0.000796
0.190585 0.190660 0.190741  0.006914
0.093913 0.093990 0.094060  0.000826
0.002631 0.002717 0.002778  0.000000
-0.084888 -0.084807 -0.084741  -0.000613
-0.567975 -0.567898 -0.567828  -0.183294
-0.212962 -0.212905 -0.212835  -0.009668
-0.206085 -0.206024 -0.205934  -0.008764
-0.062561 -0.062500 -0.062409  -0.000246
-0.119602 -0.176561 -0.176490  -0.001717
-0.227919 -0.227828 -0.279040  -0.001938
-0.324535 -0.324474 -0.324383  -0.034210
-0.039325 -0.039243 -0.039178  -0.000061
-0.033793 -0.033732 -0.033641  -0.000039
-0.028268 -0.028207 -0.028116  -0.000023
-0.022960 -0.022899 -0.022813  -0.000012
-0.017514 -0.017448 -0.017362  -0.000005
-0.012169 -0.012108 -0.012017  -0.000002
-0.006875 -0.006819 -0.006748  -0.000000
-0.001378 -0.001317 -0.001226  -0.000000
0.004318 0.004404 0.004470  0.000000
0.014617 0.014704 0.014769  0.000003
0.030495 0.030572 0.030642  0.000028
0.051653 0.051719 0.051805  0.000137
0.026157 0.026218 0.026309  0.000018
-0.457518 -0.457448 -0.457367  -0.095820
-0.102506 -0.102411 -0.102355  -0.001079
-0.095226 -0.095145 -0.095079  -0.000865
0.048487 0.048573 0.048639  0.000114
0.102202 0.155983 0.156069  0.001061
0.215215 0.215276 0.274654  -0.000774
0.339354 0.339415 0.339506  0.039049
0.070183 0.070254 0.070335  0.000344
0.075771 0.075828 0.075898  0.000434
0.080879 0.080965 0.081031  0.000528
0.085836 0.085902 0.085988  0.000631
0.090864 0.090930 0.091016  0.000748
0.095754 0.095835 0.095901  0.000876
-0.099366 -0.099289 -0.099219  -0.000983
-0.093768 -0.093687 -0.093616  -0.000826
-0.088276 -0.088190 -0.088124  -0.000689
-0.171300 -0.171230 -0.171143  -0.005034
-0.248182 -0.248121 -0.248030  -0.015303
-0.319249 -0.319163 -0.319097  -0.032558
-0.065465 -0.065399 -0.065308  -0.000282
-0.549007 -0.548917 -0.548846  -0.165540
-0.194127 -0.194061 -0.193980  -0.007325
-0.187061 -0.186980 -0.186909  -0.006553
-0.043460 -0.043390 -0.043329  -0.000082
-0.081339 -0.119136 -0.119066  -0.000541
-0.151417 -0.151356 -0.183486  -0.000762
-0.210274 -0.210193 -0.210127  -0.009306
-0.021680 -0.021619 -0.021532  -0.000010
-0.015969 -0.015893 -0.015818  -0.000004
-0.010809 -0.010732 -0.010662  -0.000001
-0.005501 -0.005424 -0.005354  -0.000000
-0.000226 -0.000156 -0.000065  -0.000000
0.005783 0.005865 0.005930  0.000000
0.011276 0.011362 0.011432  0.000001
0.016598 0.016674 0.016745  0.000005
0.021821 0.021877 0.021973  0.000010
0.048973 0.049044 0.049134  0.000117
0.081299 0.081380 0.081450  0.000536
0.119109 0.119170 0.119261  0.001686
0.042894 0.042976 0.043041  0.000079
-0.440795 -0.440714 -0.440648  -0.085685
-0.085740 -0.085653 -0.085588  -0.000632
-0.078403 -0.078326 -0.078256  -0.000483
0.065240 0.065301 0.065387  0.000277
0.135844 0.206525 0.206600  0.002497
0.282713 0.282769 0.359104  -0.001102
0.441373 0.441443 0.441529  0.085933
0.087595 0.087656 0.087747  0.000670
0.093235 0.093301 0.093387  0.000808
0.098230 0.098291 0.098377  0.000945
-0.096829 -0.096743 -0.096677  -0.000910
-0.091003 -0.090946 -0.090876  -0.000755
-0.085549 -0.085459 -0.085397  -0.000627
-0.080188 -0.080123 -0.080041  -0.000517
-0.074539 -0.074473 -0.074383  -0.000416
-0.069327 -0.069270 -0.069180  -0.000335
-0.133294 -0.133208 -0.133142  -0.002372
-0.191340 -0.191279 -0.191213  -0.007012
-0.243640 -0.243583 -0.243493  -0.014479
-0.046759 -0.046682 -0.046612  -0.000103
-0.530694 -0.530628 -0.530542  -0.149535
-0.175829 -0.175743 -0.175677  -0.005442
-0.168696 -0.168615 -0.168544  -0.004807
-0.025380 -0.025319 -0.025228  -0.000017
-0.045287 -0.065132 -0.065041  -0.000094
-0.079375 -0.079309 -0.093406  -0.000184
-0.101843 -0.101757 -0.101687  -0.001059
-0.002955 -0.002868 -0.002803  -0.000000
0.002975 0.003036 0.003122  0.000000
0.008823 0.008895 0.008974  0.000001
0.014292 0.014368 0.014439  0.000003
0.019980 0.020046 0.020136  0.000008
0.025155 0.025216 0.025307  0.000016
0.030267 0.030353 0.030414  0.000028
-0.089965 -0.089790 -0.089704  -0.000730
-0.083790 -0.083709 -0.083638  -0.000590
-0.161841 -0.161754 -0.161684  -0.004245
-0.234175 -0.234088 -0.234023  -0.012852
-0.300974 -0.300917 -0.300827  -0.027288
-0.061045 -0.060979 -0.060893  -0.000228
-0.544863 -0.544793 -0.544711  -0.161829
-0.190192 -0.190111 -0.190045  -0.006887
-0.183282 -0.183216 -0.183135  -0.006165
-0.039739 -0.039682 -0.039587  -0.000063
-0.074076 -0.108322 -0.108261  -0.000409
-0.137223 -0.137141 -0.165890  -0.000598
-0.189207 -0.189146 -0.189056  -0.006783
-0.017949 -0.017887 -0.017797  -0.000006
-0.012641 -0.012570 -0.012494  -0.000002
-0.007167 -0.007106 -0.007015  -0.000000
-0.001688 -0.001627 -0.001537  -0.000000
0.004540 0.004606 0.004692  0.000000
0.010701 0.010757 0.010848  0.000001
0.015994 0.016055 0.016142  0.000004
0.021160 0.021216 0.021307  0.000009
0.026335 0.026400 0.026491  0.000018
0.058167 0.058253 0.058323  0.000196
0.095217 0.095278 0.095369  0.000861
0.137485 0.137546 0.137632  0.002594
0.047475 0.047532 0.047622  0.000106
-0.436091 -0.436030 -0.435939  -0.082985
-0.081135 -0.081079 -0.080988  -0.000536
-0.073860 -0.073803 -0.073708  -0.000404
0.069763 0.069840 0.069910  0.000338
0.144948 0.220190 0.220281  0.003032
0.300849 0.300905 0.381712  -0.001142
0.468006 0.468071 0.468162  0.102447
0.091483 0.091564 0.091630  0.000764
0.097160 0.097242 0.097307  0.000915
-0.097635 -0.097574 -0.097483  -0.000933
-0.092252 -0.092171 -0.092101  -0.000787
-0.086883 -0.086797 -0.086732  -0.000657
-0.081709 -0.081627 -0.081562  -0.000547
-0.076088 -0.076006 -0.075936  -0.000442
-0.070684 -0.070619 -0.070533  -0.000354
-0.065283 -0.065206 -0.065136  -0.000279
-0.124807 -0.124716 -0.124655  -0.001947
-0.178747 -0.178666 -0.178600  -0.005717
-0.226684 -0.226598 -0.226532  -0.011658
-0.042329 -0.042268 -0.042178  -0.000076
-0.525972 -0.525877 -0.525816  -0.145559
-0.171129 -0.171068 -0.170977  -0.005020
-0.163732 -0.163650 -0.163580  -0.004395
-0.020154 -0.020093 -0.020002  -0.000008
-0.035096 -0.049977 -0.049886  -0.000044
-0.059085 -0.058999 -0.067951  -0.000098
-0.071371 -0.071300 -0.071244  -0.000364
0.002300 0.002376 0.002451  0.000000
0.008504 0.008575 0.008656  0.000001
0.014039 0.014125 0.014196  0.000003
0.019314 0.019370 0.019461  0.000007
0.024678 0.024760 0.024825  0.000015
0.030157 0.030243 0.030309  0.000027
0.035299 0.035364 0.035446  0.000044
0.040663 0.040744 0.040815  0.000067
0.045767 0.045824 0.045914  0.000095
0.096595 0.096686 0.096756  0.000899
0.152389 0.152471 0.152537  0.003534
0.213639 0.213709 0.213791  0.009740
0.066646 0.066728 0.066798  0.000295
-0.417095 -0.417043 -0.416948  -0.072611
-0.061978 -0.061901 -0.061831  -0.000239
-0.054859 -0.054798 -0.054712  -0.000166
0.088750 0.088822 0.088897  0.000697
0.182912 0.277140 0.277222  0.006101
0.376795 0.376877 0.476683  -0.001290
0.382167 0.382249 0.382314  0.055787
-0.089222 -0.089141 -0.089075  -0.000712
-0.083639 -0.083578 -0.083487  -0.000587
-0.078228 -0.078146 -0.078076  -0.000480
-0.072782 -0.072701 -0.072630  -0.000387
-0.067512 -0.067446 -0.067360  -0.000309
-0.062304 -0.062228 -0.062157  -0.000243
-0.057120 -0.057039 -0.056973  -0.000187
-0.051693 -0.051627 -0.051541  -0.000139
-0.046495 -0.046409 -0.046343  -0.000101
-0.087715 -0.087649 -0.087558  -0.000677
-0.123510 -0.123414 -0.123348  -0.001887
-0.153280 -0.153219 -0.153133  -0.003607
-0.024144 -0.024083 -0.023993  -0.000014
-0.507796 -0.507715 -0.507645  -0.130993
-0.153086 -0.153016 -0.152935  -0.003593
-0.146063 -0.145972 -0.145911  -0.003120
-0.002165 -0.002083 -0.002018  -0.000000
0.001529 0.005289 0.005375  -0.000000
0.014807 0.014868 0.024538  -0.000008
0.039535 0.039596 0.039687  0.000061
0.020209 0.020295 0.020356  0.000008
0.025650 0.025711 0.025797  0.000017
0.030916 0.030977 0.031067  0.000029
0.036067 0.036128 0.036198  0.000047
0.041184 0.041270 0.041336  0.000070
0.046748 0.046809 0.046896  0.000102
0.051743 0.051804 0.051895  0.000138
0.056614 0.056675 0.056761  0.000181
0.061434 0.061495 0.061581  0.000231
0.127961 0.128042 0.128118  0.002092
0.199873 0.199929 0.200020  0.007974
0.152974 0.153169 0.153235  0.003575
-0.041173 -0.041117 -0.041026  -0.000070
-0.524393 -0.524332 -0.524246  -0.144273
-0.169386 -0.169300 -0.169234  -0.004866
-0.162176 -0.162115 -0.162025  -0.004273
-0.018477 -0.018420 -0.018330  -0.000006
-0.031419 -0.044284 -0.044209  -0.000031
-0.051648 -0.051586 -0.058798  -0.000072
-0.060517 -0.060451 -0.060365  -0.000223
0.003797 0.003883 0.003949  0.000000
0.010296 0.010362 0.010448  0.000001
0.015868 0.015945 0.016016  0.000004
0.021669 0.021751 0.021821  0.000010
0.027580 0.027657 0.027732  0.000021
0.033025 0.033091 0.033173  0.000036
0.038242 0.038319 0.038390  0.000056
0.043261 0.043337 0.043408  0.000081
0.048484 0.048545 0.048636  0.000113
0.102000 0.102071 0.102162  0.001058
0.161430 0.161512 0.161578  0.004202
0.226350 0.226411 0.226497  0.011584
0.070496 0.070583 0.070648  0.000349
-0.412666 -0.412595 -0.412504  -0.070320
-0.057549 -0.057483 -0.057397  -0.000191
-0.050364 -0.050287 -0.050212  -0.000128
0.092999 0.093051 0.093146  0.000802
0.191044 0.289176 0.289241  0.006956
0.193966 0.194108 0.099150  0.013636
0.011530 0.011677 0.011801  0.000001
-0.079366 -0.079277 -0.079149  -0.000502
-0.068956 -0.068818 -0.068704  -0.000329
-0.060408 -0.060323 -0.060195  -0.000222
-0.051852 -0.051742 -0.051628  -0.000140
-0.043100 -0.042967 -0.042848  -0.000081
-0.032651 -0.032522 -0.032403  -0.000035
-0.023462 -0.023359 -0.023236  -0.000013
-0.014360 -0.014251 -0.014119  -0.000003
-0.004889 -0.004756 -0.004609  -0.000000
-0.000742 -0.000599 -0.000447  -0.000000
0.014036 0.014155 0.014264  0.000003
0.038276 0.038395 0.038524  0.000056
0.032873 0.032967 0.033086  0.000035
-0.446487 -0.446363 -0.446225  -0.089090
-0.085326 -0.085193 -0.085051  -0.000624
-0.075168 -0.075035 -0.074916  -0.000427
0.073419 0.073508 0.073608  0.000394
0.155180 0.237065 0.237154  0.003722
0.327749 0.327872 0.418808  -0.003006
0.319040 0.319163 0.319301  0.032432
-0.090348 -0.090230 -0.090096  -0.000741
-0.079789 -0.079676 -0.079534  -0.000511
-0.069914 -0.069820 -0.069701  -0.000343
-0.060907 -0.060793 -0.060674  -0.000227
-0.051733 -0.051609 -0.051501  -0.000139
-0.041844 -0.041739 -0.041636  -0.000074
-0.031328 -0.031200 -0.031076  -0.000031
-0.020147 -0.020030 -0.019897  -0.000008
-0.010188 -0.010045 -0.009912  -0.000001
-0.010049 -0.009935 -0.009816  -0.000001
-0.000405 -0.000305 -0.000092  -0.000000
0.019708 0.020059 0.020187  0.000007
0.029021 0.029163 0.029276  0.000024
-0.450571 -0.450438 -0.450309  -0.091550
-0.090905 -0.090772 -0.090639  -0.000755
-0.079214 -0.079081 -0.078934  -0.000500
0.067873 0.068010 0.068143  0.000311
0.145160 0.222553 0.222651  0.003044
0.309517 0.309636 0.396827  -0.003151
0.493145 0.493239 0.493377  0.119829
-0.093650 -0.093526 -0.093404  -0.000825
-0.083723 -0.083618 -0.083476  -0.000590
-0.074341 -0.074217 -0.074103  -0.000413
-0.065082 -0.064958 -0.064839  -0.000277
-0.055931 -0.055789 -0.055686  -0.000176
-0.046222 -0.046098 -0.046009  -0.000099
-0.036769 -0.036618 -0.036494  -0.000050
-0.026747 -0.026628 -0.026500  -0.000019
-0.015942 -0.015804 -0.015676  -0.000004
-0.022231 -0.021918 -0.021709  -0.000011
-0.017801 -0.017691 -0.017567  -0.000006
-0.004916 -0.004783 -0.004636  -0.000000
0.022569 0.022678 0.022792  0.000011
-0.456339 -0.456206 -0.456103  -0.095095
-0.096005 -0.095872 -0.095739  -0.000889
-0.084740 -0.084607 -0.084489  -0.000611
0.063527 0.063627 0.063735  0.000255
0.136878 0.210323 0.210427  0.002551
0.292789 0.292927 0.375660  -0.002779
0.469107 0.469236 0.469345  0.103160
-0.097944 -0.097825 -0.097740  -0.000942
-0.087342 -0.087209 -0.087092  -0.000669
-0.078240 -0.078135 -0.078032  -0.000481
-0.068568 -0.068470 -0.068351  -0.000324
-0.059328 -0.059234 -0.059116  -0.000210
-0.050317 -0.050222 -0.050084  -0.000128
-0.040669 -0.040536 -0.040398  -0.000068
-0.031301 -0.031182 -0.031064  -0.000031
-0.021734 -0.021568 -0.021444  -0.000010
-0.034166 -0.034066 -0.033938  -0.000040
-0.036998 -0.036898 -0.036790  -0.000051
-0.030557 -0.030444 -0.030306  -0.000029
0.015525 0.015658 0.015786  0.000004
-0.464308 -0.464170 -0.464053  -0.100172
-0.147129 -0.146788 -0.146660  -0.003193
-0.130425 -0.130268 -0.130130  -0.002226
0.018802 0.018919 0.019067  0.000006
0.047057 0.075444 0.075592  0.000102
0.114983 0.115107 0.154888  -0.000670
0.205066 0.205190 0.205299  0.008610
0.060585 0.060670 0.060789  0.000221
0.071461 0.071589 0.071727  0.000363
0.080810 0.080948 0.081100  0.000525
0.089894 0.089983 0.090102  0.000724
0.099194 0.099309 0.099418  0.000973
-0.090949 -0.090839 -0.090735  -0.000755
-0.080927 -0.080803 -0.080670  -0.000533
-0.070472 -0.070339 -0.070206  -0.000352
-0.060634 -0.060497 -0.060364  -0.000224
-0.111113 -0.110975 -0.110872  -0.001376
-0.152333 -0.152224 -0.152096  -0.003544
-0.184840 -0.184740 -0.184641  -0.006325
-0.022460 -0.022337 -0.022233  -0.000011
-0.501501 -0.501388 -0.501241  -0.126240
-0.142158 -0.142020 -0.141894  -0.002881
-0.131995 -0.131866 -0.131729  -0.002307
0.014840 0.014940 0.015043  0.000003
0.039233 0.063749 0.063864  0.000059
0.097174 0.097263 0.130896  -0.000405
0.174366 0.174481 0.174570  0.005293
0.052834 0.052967 0.053109  0.000146
0.062515 0.062628 0.062770  0.000243
0.072328 0.072437 0.072552  0.000377
0.081322 0.081450 0.081554  0.000536
0.090485 0.090580 0.090723  0.000737
0.099304 0.099388 0.099517  0.000975
-0.090148 -0.090010 -0.089863  -0.000736
-0.080642 -0.080562 -0.080434  -0.000527
-0.070544 -0.070411 -0.070283  -0.000353
-0.132029 -0.131891 -0.131758  -0.002308
-0.184059 -0.183970 -0.183856  -0.006247
-0.227482 -0.227382 -0.227254  -0.011792
-0.035529 -0.035396 -0.035312  -0.000045
-0.516785 -0.516710 -0.516586  -0.138115
-0.158850 -0.158717 -0.158609  -0.004016
-0.148360 -0.148246 -0.148136  -0.003273
-0.000675 -0.000537 -0.000415  -0.000000
0.009999 0.020798 0.020926  0.000001
0.040656 0.040740 0.060802  -0.000090
0.090820 0.090909 0.091037  0.000746
0.038864 0.038964 0.039092  0.000058
0.048545 0.048664 0.048773  0.000114
0.057406 0.057539 0.057642  0.000188
0.066636 0.066716 0.066840  0.000294
0.077175 0.077313 0.077455  0.000457
0.086581 0.086709 0.086838  0.000646
0.095209 0.095337 0.095465  0.000860
-0.095542 -0.095409 -0.094972  -0.000884
-0.084646 -0.084513 -0.084380  -0.000609
-0.158891 -0.158705 -0.158592  -0.004020
-0.223377 -0.223269 -0.223140  -0.011165
-0.276116 -0.275897 -0.275784  -0.021077
-0.042645 -0.042550 -0.042421  -0.000078
-0.522611 -0.522506 -0.522392  -0.142830
-0.164515 -0.164406 -0.164282  -0.004463
-0.152757 -0.152629 -0.152486  -0.003574
-0.005130 -0.004993 -0.004841  -0.000000
-0.001462 0.002339 0.002458  -0.000000
0.017050 0.017144 0.032073  -0.000023
0.056573 0.056687 0.056811  0.000180
0.034030 0.034163 0.034301  0.000039
0.043293 0.043412 0.043550  0.000080
0.052979 0.053112 0.053250  0.000148
0.062452 0.062546 0.062679  0.000242
0.071388 0.071507 0.071606  0.000362
0.080453 0.080551 0.080675  0.000518
0.089450 0.089688 0.089786  0.000713
0.099738 0.099876 -0.099986  0.002988
-0.090529 -0.090400 -0.090258  -0.000745
-0.171775 -0.171628 -0.171486  -0.005081
-0.243516 -0.243402 -0.243297  -0.014459
-0.304205 -0.304095 -0.303985  -0.028182
-0.050505 -0.050420 -0.050301  -0.000130
-0.528342 -0.528204 -0.528061  -0.147603
-0.168812 -0.168700 -0.168571  -0.004822
-0.157913 -0.157762 -0.157649  -0.003946
-0.010340 -0.010207 -0.010107  -0.000001
-0.010774 -0.011067 -0.010660  -0.000001
-0.000052 0.000086 0.011377  -0.000001
0.032324 0.032452 0.032595  0.000033
0.030771 0.030871 0.031009  0.000029
0.040295 0.040424 0.040508  0.000065
0.049255 0.049402 0.049526  0.000119
0.058964 0.059088 0.059207  0.000204
0.068816 0.068944 0.069087  0.000324
0.077306 0.077411 0.077530  0.000460
0.086959 0.087088 0.087221  0.000655
0.095924 0.096052 0.096194  0.000879
-0.094898 -0.094760 -0.094622  -0.000858
-0.179569 -0.179422 -0.179303  -0.005802
-0.254569 -0.254460 -0.254341  -0.016521
-0.318744 -0.318650 -0.318536  -0.032418
-0.053911 -0.053778 -0.053665  -0.000158
-0.533554 -0.533446 -0.533327  -0.151994
-0.173623 -0.173510 -0.173372  -0.005246
-0.162880 -0.162800 -0.162672  -0.004331
-0.015268 -0.015188 -0.015064  -0.000004
-0.020323 -0.025265 -0.025161  -0.000009
-0.019928 -0.019819 -0.014254  -0.000013
-0.060301 -0.060017 -0.059894  -0.000221
-0.035940 -0.035826 -0.035721  -0.000047
-0.025096 -0.025012 -0.024888  -0.000016
-0.015396 -0.015302 -0.015179  -0.000004
-0.005488 -0.005364 -0.005252  -0.000000
0.004439 0.004572 0.004715  0.000000
0.015440 0.015548 0.015662  0.000004
0.024584 0.024680 0.024806  0.000015
0.033639 0.033772 0.033880  0.000038
0.042367 0.042470 0.042608  0.000075
0.093418 0.093533 0.093652  0.000812
0.155162 0.155280 0.155422  0.003725
0.226869 0.227002 0.227154  0.011653
0.080990 0.081105 0.081224  0.000529
-0.397509 -0.397405 -0.397291  -0.062866
-0.237602 -0.237483 -0.237346  -0.013437
-0.225711 -0.225631 -0.225489  -0.011521
-0.078175 -0.078061 -0.077923  -0.000480
-0.146725 -0.215190 -0.215057  -0.003177
-0.273785 -0.273647 -0.331971  -0.004429
-0.380196 -0.380084 -0.379946  -0.055017
-0.037511 -0.037396 -0.037302  -0.000053
-0.027806 -0.027706 -0.027602  -0.000022
-0.018073 -0.017940 -0.017835  -0.000006
-0.008742 -0.008619 -0.008530  -0.000001
0.001427 0.001512 0.001654  0.000000
0.012948 0.013076 0.013214  0.000002
0.022496 0.022629 0.022743  0.000011
0.031826 0.031936 0.032039  0.000032
0.040464 0.040564 0.040658  0.000066
0.090508 0.090727 0.090816  0.000739
0.150605 0.150747 0.150880  0.003407
0.220715 0.220852 0.220965  0.010736
0.078960 0.079088 0.079217  0.000490
-0.400403 -0.400280 -0.400181  -0.064241
-0.040937 -0.040785 -0.040686  -0.000069
-0.229426 -0.229350 -0.229222  -0.012096
-0.079750 -0.079570 -0.079432  -0.000510
-0.149533 -0.219200 -0.219048  -0.003365
-0.279075 -0.278961 -0.338633  -0.004612
-0.388719 -0.388567 -0.388439  -0.058795
-0.040324 -0.040234 -0.040115  -0.000066
-0.030951 -0.030843 -0.030700  -0.000030
-0.021451 -0.021327 -0.021209  -0.000010
-0.012097 -0.011964 -0.011812  -0.000002
-0.002820 -0.002691 -0.002255  -0.000000
0.007763 0.007896 0.008015  0.000000
0.016510 0.016643 0.016746  0.000004
0.025650 0.025792 0.025916  0.000017
0.070070 0.070250 0.070379  0.000342
0.149694 0.149878 0.150002  0.003346
0.239548 0.239671 0.239800  0.013724
0.147745 0.147883 0.148020  0.003216
-0.082881 -0.082773 -0.082663  -0.000572
-0.561297 -0.561154 -0.561054  -0.176933
-0.202099 -0.201986 -0.201849  -0.008271
-0.190735 -0.190632 -0.190504  -0.006953
-0.042644 -0.042559 -0.042440  -0.000078
-0.075342 -0.107906 -0.107792  -0.000432
-0.082083 -0.081604 -0.055090  -0.000929
-0.005878 -0.005675 -0.005243  -0.000000
0.059855 0.060283 0.060444  0.000213
0.070228 0.070328 0.070447  0.000345
0.078648 0.078786 0.078909  0.000484
0.088234 0.088376 0.088509  0.000684
0.097697 0.097844 0.097948  0.000930
-0.092988 -0.092883 -0.092741  -0.000808
-0.083739 -0.083620 -0.083491  -0.000590
-0.074034 -0.073910 -0.073777  -0.000408
-0.064608 -0.064447 -0.064348  -0.000271
-0.120337 -0.120190 -0.120067  -0.001748
-0.163568 -0.163431 -0.163312  -0.004386
-0.197681 -0.197501 -0.197392  -0.007738
-0.024072 -0.023955 -0.023798  -0.000014
-0.503502 -0.503369 -0.503261  -0.127727
-0.143842 -0.143708 -0.143561  -0.002985
-0.132943 -0.132824 -0.132705  -0.002356
0.089296 0.089504 0.089637  0.000709
0.188643 0.288095 0.288193  0.006689
0.197497 0.197634 0.107321  0.014187
0.026514 0.026652 0.026790  0.000018
-0.070254 -0.070135 -0.070035  -0.000348
-0.060587 -0.060477 -0.060379  -0.000223
-0.051048 -0.050920 -0.050826  -0.000134
-0.041149 -0.041016 -0.040888  -0.000070
-0.031999 -0.031856 -0.031748  -0.000033
-0.019051 -0.018922 -0.018780  -0.000007
-0.009521 -0.009412 -0.009293  -0.000001
0.000080 0.000236 0.000349  -0.000000
0.012953 0.013081 0.013199  0.000002
0.035900 0.036013 0.036117  0.000046
0.068735 0.068854 0.068968  0.000323
0.111281 0.111414 0.111556  0.001373
0.051975 0.052085 0.052204  0.000139
-0.428110 -0.427981 -0.427872  -0.078523
-0.067676 -0.067533 -0.067419  -0.000312
-0.056302 -0.056179 -0.056074  -0.000179
0.091415 0.091539 0.091667  0.000761
-0.008114 -0.107487 -0.107364  -0.000005
-0.195619 -0.195520 -0.283448  0.007813
-0.361178 -0.361045 -0.360907  -0.047169
-0.067855 -0.067722 -0.067579  -0.000314
-0.059017 -0.058889 -0.058795  -0.000207
-0.050195 -0.050048 -0.049929  -0.000127
-0.036963 -0.036578 -0.036449  -0.000051
-0.026906 -0.026807 -0.026698  -0.000020
-0.017619 -0.017495 -0.017348  -0.000006
-0.007232 -0.007132 -0.006999  -0.000000
0.003370 0.003493 0.003608  0.000000
0.016623 0.016712 0.016836  0.000004
0.041470 0.041607 0.041717  0.000071
0.076074 0.076154 0.076264  0.000438
0.118177 0.118267 0.118405  0.001645
0.032706 0.032986 0.033096  0.000035
-0.446302 -0.446160 -0.446050  -0.088962
-0.086223 -0.086100 -0.085981  -0.000644
-0.075794 -0.075670 -0.075547  -0.000438
0.071165 0.071279 0.071373  0.000359
0.150611 0.230186 0.230298  0.003398
0.319659 0.319764 0.409460  -0.003290
0.309734 0.309843 0.309942  0.029686
-0.091753 -0.091668 -0.091526  -0.000776
-0.081498 -0.081337 -0.081214  -0.000544
-0.072600 -0.072472 -0.072353  -0.000385
-0.062421 -0.062283 -0.062164  -0.000245
-0.052142 -0.051990 -0.051857  -0.000143
-0.042864 -0.042736 -0.042626  -0.000079
-0.034080 -0.033942 -0.033809  -0.000040
-0.024560 -0.024432 -0.024275  -0.000015
-0.014808 -0.014689 -0.014570  -0.000003
-0.020557 -0.020410 -0.020272  -0.000009
-0.015685 -0.015562 -0.015433  -0.000004
-0.000728 -0.000628 -0.000506  -0.000000
0.027127 0.027265 0.027393  0.000020
-0.451615 -0.451486 -0.451339  -0.092199
-0.092405 -0.092248 -0.091812  -0.000800
-0.081188 -0.081069 -0.080950  -0.000537
0.067008 0.067165 0.067289  0.000299
0.143039 0.219168 0.219278  0.002911
0.304960 0.305079 0.391123  -0.003077
0.486629 0.486752 0.486876  0.115149
-0.094927 -0.094827 -0.094689  -0.000859
-0.084625 -0.084477 -0.084335  -0.000609
-0.074981 -0.074843 -0.074726  -0.000424
-0.065765 -0.065671 -0.065552  -0.000286
-0.057811 -0.057702 -0.057574  -0.000194
-0.048813 -0.048684 -0.048547  -0.000117
-0.039853 -0.039739 -0.039654  -0.000064
-0.029384 -0.029275 -0.029172  -0.000026
-0.020192 -0.019780 -0.019652  -0.000008
