-0.595008 -0.248127 -0.246468  -0.210957
-0.595008 -0.248127 -0.246468  -0.210957
-0.595008 -0.248127 -0.246468  -0.210957
-0.595008 -0.248127 -0.246468  -0.210957
0.049556 0.049613 0.049703  0.000121
0.049556 0.049613 0.049703  0.000121
0.148599 0.148650 0.148746  0.003275
0.148599 0.148650 0.148746  0.003275
0.148599 0.148650 0.148746  0.003275
0.148599 0.148650 0.148746  0.003275
0.148599 0.148650 0.148746  0.003275
0.435437 0.435494 0.435580  0.082512
0.435437 0.435494 0.435580  0.082512
0.435437 0.435494 0.435580  0.082512
0.435437 0.435494 0.435580  0.082512
0.435437 0.435494 0.435580  0.082512
0.435437 0.435494 0.435580  0.082512
0.669647 0.669708 0.669794  0.300172
0.669647 0.669708 0.669794  0.300172
0.669647 0.669708 0.669794  0.300172
0.669647 0.669708 0.669794  0.300172
0.669647 0.669708 0.669794  0.300172
0.821428 0.821510 0.821575  0.554121
1.077615 1.077687 1.077767  1.251107
1.077615 1.077687 1.077767  1.251107
1.077615 1.077687 1.077767  1.251107
1.077615 1.077687 1.077767  1.251107
1.144691 1.144768 1.144838  1.499631
1.313704 1.313780 1.313846  2.266872
1.313704 1.313780 1.313846  2.266872
1.313704 1.313780 1.313846  2.266872
1.313704 1.313780 1.313846  2.266872
1.381754 1.381826 1.381901  2.637674
1.552369 1.552420 1.552516  3.740282
1.825366 1.825418 1.825509  6.081145
1.825366 1.825418 1.825509  6.081145
1.825366 1.825418 1.825509  6.081145
1.825366 1.825418 1.825509  6.081145
1.905619 1.905675 1.905771  6.918991
2.087681 2.087763 2.087828  9.098116
2.372145 2.372197 2.372292  13.346624
2.372145 2.372197 2.372292  13.346624
2.372145 2.372197 2.372292  13.346624
2.372145 2.372197 2.372292  13.346624
