-0.645981 -0.306786 -0.305127  -0.270029
0.493975 0.494052 0.494122  0.120484
0.493975 0.494052 0.494122  0.120484
0.493975 0.494052 0.494122  0.120484
0.493975 0.494052 0.494122  0.120484
0.493975 0.494052 0.494122  0.120484
0.493975 0.494052 0.494122  0.120484
0.751894 0.751955 0.752042  0.424934
0.751894 0.751955 0.752042  0.424934
0.751894 0.751955 0.752042  0.424934
0.751894 0.751955 0.752042  0.424934
0.751894 0.751955 0.752042  0.424934
0.925277 0.925363 0.925424  0.792008
1.200872 1.200959 1.201024  1.731487
1.200872 1.200959 1.201024  1.731487
1.200872 1.200959 1.201024  1.731487
1.200872 1.200959 1.201024  1.731487
1.286887 1.286943 1.287030  2.130758
1.478159 1.478231 1.478306  3.229215
1.773114 1.773205 1.773261  5.574020
1.773114 1.773205 1.773261  5.574020
1.773114 1.773205 1.773261  5.574020
1.773114 1.773205 1.773261  5.574020
1.875610 1.875667 1.875757  6.597277
2.080893 2.080950 2.081025  9.009536
2.080893 2.080950 2.081025  9.009536
2.080893 2.080950 2.081025  9.009536
2.080893 2.080950 2.081025  9.009536
2.102217 2.102268 2.102344  9.289363
2.224907 2.224979 2.225059  11.012580
2.451665 2.451722 2.451817  14.734412
2.451665 2.451722 2.451817  14.734412
2.451665 2.451722 2.451817  14.734412
2.451665 2.451722 2.451817  14.734412
2.490896 2.490973 2.491039  15.453703
2.633971 2.634052 2.634118  18.272598
2.882579 2.882631 2.882731  23.949606
2.882579 2.882631 2.882731  23.949606
2.882579 2.882631 2.882731  23.949606
2.882579 2.882631 2.882731  23.949606
2.908143 2.908199 2.908290  24.592716
3.027268 3.027329 3.027415  27.740573
3.241258 3.241314 3.241409  34.048836
3.241258 3.241314 3.241409  34.048836
