0.395895 0.396051 0.396170  0.061994
0.360258 0.360501 0.360601  0.046717
0.375334 0.375481 0.375600  0.052825
0.023987 0.024092 0.024206  0.000014
0.358887 0.359038 0.359153  0.046180
0.720554 0.720664 0.720758  0.373964
0.730647 0.730761 0.730899  0.389831
0.058338 0.058499 0.058637  0.000197
0.126295 0.194366 0.194485  0.002001
0.272184 0.272308 0.350378  -0.002657
0.437052 0.437190 0.437302  0.083419
0.095837 0.095961 0.096080  0.000877
-0.093423 -0.093314 -0.093210  -0.000818
-0.082775 -0.082632 -0.082523  -0.000569
-0.073834 -0.073701 -0.073582  -0.000404
-0.064816 -0.064713 -0.064589  -0.000274
-0.055487 -0.055368 -0.055254  -0.000172
-0.046190 -0.046091 -0.045977  -0.000099
-0.035807 -0.035669 -0.035560  -0.000046
-0.027013 -0.026890 -0.026766  -0.000020
-0.044103 -0.043990 -0.043876  -0.000086
-0.051571 -0.051433 -0.051300  -0.000138
-0.049223 -0.049080 -0.048966  -0.000120
0.013438 0.013585 0.013717  0.000002
0.350263 0.350401 0.350504  0.042934
0.713742 0.713861 0.714003  0.363382
0.724888 0.725026 0.725173  0.380669
0.052816 0.052949 0.053082  0.000146
0.115137 0.177610 0.177748  0.001513
0.250050 0.250167 0.322867  -0.002366
0.405579 0.405707 0.405831  0.066654
0.092005 0.092109 0.092223  0.000776
-0.097864 -0.097736 -0.097631  -0.000940
-0.086228 -0.086125 -0.086010  -0.000644
-0.076656 -0.076533 -0.076415  -0.000453
-0.067113 -0.067033 -0.066909  -0.000304
-0.058419 -0.058310 -0.058200  -0.000200
-0.048724 -0.048572 -0.048453  -0.000117
-0.038763 -0.038630 -0.038459  -0.000059
-0.029518 -0.029390 -0.029238  -0.000026
-0.050166 -0.050048 -0.049934  -0.000127
-0.061456 -0.061358 -0.061220  -0.000234
-0.064427 -0.064285 -0.064180  -0.000269
0.006640 0.006768 0.006906  0.000000
0.343351 0.343460 0.343579  0.040435
0.704943 0.705014 0.705161  0.350098
0.714296 0.714391 0.714529  0.364236
0.041090 0.041232 0.041356  0.000069
0.091672 0.142357 0.142471  0.000763
0.200830 0.200968 0.259694  -0.001297
0.327702 0.327821 0.327924  0.035158
0.077072 0.077177 0.077281  0.000456
0.086174 0.086317 0.086445  0.000637
0.095125 0.095234 0.095349  0.000858
-0.097500 -0.097390 -0.097262  -0.000930
-0.086931 -0.086812 -0.086718  -0.000659
-0.078147 -0.078042 -0.077939  -0.000479
-0.067005 -0.066910 -0.066772  -0.000303
-0.057765 -0.057660 -0.057537  -0.000194
-0.048407 -0.048278 -0.048145  -0.000114
-0.086772 -0.086648 -0.086524  -0.000656
-0.114886 -0.114744 -0.114650  -0.001520
-0.132809 -0.132704 -0.132557  -0.002350
-0.008174 -0.007985 -0.007875  -0.000001
0.329291 0.329452 0.329576  0.035666
0.691433 0.691528 0.691652  0.330382
0.721818 0.721989 0.722093  0.375918
0.049390 0.049484 0.049594  0.000120
0.109196 0.169167 0.169300  0.001291
0.238502 0.238640 0.308218  -0.002123
0.386935 0.387082 0.387192  0.057882
0.087137 0.087212 0.087331  0.000659
0.095267 0.095391 0.095655  0.000857
-0.096907 -0.096731 -0.096589  -0.000914
-0.086999 -0.086903 -0.086779  -0.000661
-0.077815 -0.077731 -0.077612  -0.000473
-0.068106 -0.067982 -0.067893  -0.000317
-0.058672 -0.058548 -0.058429  -0.000203
-0.048706 -0.048554 -0.048455  -0.000116
-0.040382 -0.040230 -0.040120  -0.000066
-0.072164 -0.072059 -0.071955  -0.000377
-0.096223 -0.096143 -0.096024  -0.000894
-0.112812 -0.112679 -0.112590  -0.001439
-0.008981 -0.008882 -0.008744  -0.000001
0.325221 0.325321 0.325411  0.034370
0.686015 0.686115 0.686239  0.322676
0.694738 0.694814 0.694933  0.335151
0.020342 0.020417 0.020540  0.000008
0.048928 0.077607 0.077726  0.000115
0.114996 0.115134 0.152731  -0.000516
0.195722 0.195784 0.195870  0.007488
0.048384 0.048465 0.048535  0.000113
0.053881 0.053957 0.054028  0.000156
0.058976 0.059046 0.059128  0.000204
0.063980 0.064041 0.064132  0.000261
0.069435 0.069501 0.069566  0.000334
0.074458 0.074524 0.074610  0.000411
0.079352 0.079413 0.079504  0.000498
0.084565 0.084642 0.084712  0.000603
0.089380 0.089436 0.089527  0.000712
0.183726 0.183792 0.183882  0.006192
0.083843 0.083929 0.083995  0.000588
-0.010412 -0.010342 -0.010256  -0.000001
-0.088646 -0.088564 -0.088498  -0.000698
0.243570 0.243626 0.243717  0.014434
0.602600 0.602681 0.602747  0.218749
0.681186 0.681385 0.681446  0.315995
0.005408 0.005465 0.005556  0.000000
0.017216 0.029079 0.029175  0.000005
0.046587 0.046673 0.064328  -0.000063
0.087600 0.087690 0.087761  0.000671
0.028953 0.029035 0.029105  0.000024
0.034527 0.034618 0.034674  0.000041
0.040048 0.040129 0.040195  0.000064
0.045262 0.045323 0.045414  0.000092
0.050213 0.050294 0.050360  0.000126
0.055373 0.055460 0.055521  0.000169
0.060459 0.060525 0.060611  0.000220
0.065723 0.065804 0.065875  0.000283
0.070780 0.070842 0.070928  0.000353
0.146906 0.146967 0.147058  0.003165
0.228392 0.228458 0.228539  0.011901
0.315313 0.315384 0.315465  0.031325
0.092059 0.092125 0.092190  0.000779
0.424198 0.424259 0.424349  0.076283
0.582828 0.582910 0.582980  0.197909
0.589919 0.590001 0.590066  0.205226
-0.086483 -0.086422 -0.086331  -0.000649
-0.167057 -0.247549 -0.247479  -0.004675
-0.322250 -0.322185 -0.396734  -0.004463
-0.465805 -0.465739 -0.465653  -0.101123
-0.063199 -0.063118 -0.063048  -0.000253
-0.057829 -0.057768 -0.057677  -0.000194
-0.052584 -0.052502 -0.052432  -0.000146
-0.047409 -0.047332 -0.047257  -0.000107
-0.042305 -0.042244 -0.042153  -0.000076
-0.037149 -0.037088 -0.037001  -0.000052
-0.031590 -0.031509 -0.031443  -0.000032
-0.025746 -0.025684 -0.025594  -0.000017
-0.020505 -0.020428 -0.020358  -0.000009
-0.035726 -0.035660 -0.035574  -0.000046
-0.045117 -0.045051 -0.044970  -0.000092
-0.048797 -0.048731 -0.048650  -0.000117
0.001850 0.001911 0.001997  0.000000
0.342883 0.342974 0.343044  0.040287
0.701780 0.701861 0.701932  0.345519
0.708880 0.708971 0.709032  0.356128
0.032364 0.032429 0.032516  0.000034
0.070320 0.108338 0.108424  0.000345
0.151724 0.151805 0.195344  -0.000463
0.244061 0.244143 0.244213  0.014525
0.054035 0.054112 0.054182  0.000157
0.059714 0.059775 0.059861  0.000212
0.064737 0.064793 0.064889  0.000270
0.070239 0.070304 0.070390  0.000345
0.075717 0.075783 0.075864  0.000433
0.080796 0.080873 0.080944  0.000526
0.085882 0.085938 0.086029  0.000631
0.091015 0.091071 0.091162  0.000752
0.096023 0.096084 0.096175  0.000883
-0.002916 -0.002850 -0.002764  -0.000000
-0.094727 -0.094666 -0.094580  -0.000852
-0.180642 -0.180561 -0.180491  -0.005902
-0.080175 -0.080119 -0.080028  -0.000517
0.251964 0.252025 0.252116  0.015979
0.610790 0.610851 0.610937  0.227768
0.617947 0.618023 0.618098  0.235882
-0.058637 -0.058551 -0.058485  -0.000202
-0.111463 -0.164213 -0.164143  -0.001391
-0.211200 -0.211144 -0.257983  -0.001664
-0.299236 -0.299155 -0.299084  -0.026813
-0.035613 -0.035527 -0.035461  -0.000045
-0.030140 -0.030058 -0.029988  -0.000028
-0.024500 -0.024418 -0.024353  -0.000015
-0.018949 -0.018888 -0.018798  -0.000007
-0.013756 -0.013699 -0.013609  -0.000003
-0.008439 -0.008373 -0.008287  -0.000001
-0.002780 -0.002699 -0.002628  -0.000000
0.002850 0.002932 0.003002  0.000000
0.008941 0.008997 0.009088  0.000001
0.023488 0.023554 0.023640  0.000013
0.043641 0.043727 0.043788  0.000083
0.069316 0.069382 0.069468  0.000332
0.030665 0.030731 0.030822  0.000029
0.362542 0.362629 0.362694  0.047626
0.721231 0.721313 0.721383  0.375056
0.728161 0.728242 0.728313  0.385972
0.051829 0.051915 0.051981  0.000139
0.109578 0.167388 0.167474  0.001309
0.230378 0.230464 0.293601  -0.000841
0.362311 0.362372 0.362458  0.047527
0.073909 0.073990 0.074056  0.000403
0.079999 0.080065 0.080151  0.000510
0.085193 0.085270 0.085340  0.000617
0.090340 0.090396 0.090487  0.000735
0.095528 0.095610 0.095676  0.000870
-0.099287 -0.099201 -0.099135  -0.000981
-0.093281 -0.093216 -0.093130  -0.000814
-0.087490 -0.087429 -0.087343  -0.000672
-0.081955 -0.081874 -0.081808  -0.000552
-0.158483 -0.158413 -0.158327  -0.003987
-0.229046 -0.228965 -0.228894  -0.012027
-0.293991 -0.293930 -0.293840  -0.025433
-0.059016 -0.058955 -0.058864  -0.000206
0.273018 0.273109 0.273174  0.020336
0.631868 0.631954 0.632025  0.252193
0.638722 0.638788 0.638854  0.260497
-0.037681 -0.037625 -0.037534  -0.000054
-0.069779 -0.101811 -0.101746  -0.000342
-0.128412 -0.128351 -0.154800  -0.000522
-0.175614 -0.175553 -0.175462  -0.005424
-0.014838 -0.014777 -0.014686  -0.000003
0.090281 0.090410 0.090496  0.000734
0.095642 0.095713 0.095790  0.000873
-0.099003 -0.098942 -0.098851  -0.000973
-0.093363 -0.093307 -0.093216  -0.000816
-0.088169 -0.088088 -0.088022  -0.000687
-0.082600 -0.082539 -0.082448  -0.000565
-0.077126 -0.077056 -0.076970  -0.000460
-0.071501 -0.071440 -0.071369  -0.000367
-0.137642 -0.137576 -0.137486  -0.002613
-0.197774 -0.197713 -0.197623  -0.007747
-0.252148 -0.252087 -0.252001  -0.016048
-0.048843 -0.048757 -0.048692  -0.000117
0.283377 0.283438 0.283529  0.022734
0.642227 0.642288 0.642374  0.264783
0.649147 0.649203 0.649294  0.273430
-0.026963 -0.026881 -0.026815  -0.000020
-0.047835 -0.068650 -0.068555  -0.000111
-0.083693 -0.083612 -0.098508  -0.000215
-0.108215 -0.108129 -0.108068  -0.001269
-0.004105 -0.004033 -0.003958  -0.000000
0.002385 0.002451 0.002512  0.000000
0.008090 0.008147 0.008237  0.000001
0.013816 0.013877 0.013968  0.000003
0.019241 0.019323 0.019393  0.000007
0.024682 0.024768 0.024834  0.000015
0.029772 0.029838 0.029899  0.000026
0.035018 0.035099 0.035169  0.000043
0.040491 0.040582 0.040643  0.000066
0.086258 0.086319 0.086410  0.000640
0.137573 0.137629 0.137720  0.002599
0.194310 0.194376 0.194467  0.007326
0.062106 0.062188 0.062258  0.000239
0.394303 0.394364 0.394450  0.061264
0.753223 0.753305 0.753371  0.427226
0.760020 0.760106 0.760172  0.438896
0.083389 0.083471 0.083541  0.000578
0.172460 0.261613 0.261684  0.005115
0.356135 0.356225 0.450899  -0.001299
0.550885 0.350961 0.351032  0.167153
-0.094839 -0.094758 -0.094688  -0.000855
-0.088639 -0.088583 -0.088492  -0.000699
-0.083133 -0.083067 -0.082986  -0.000576
-0.077948 -0.077862 -0.077797  -0.000475
-0.072688 -0.072622 -0.072536  -0.000385
-0.067389 -0.067323 -0.067258  -0.000307
-0.061940 -0.061864 -0.061793  -0.000238
-0.056584 -0.056514 -0.056432  -0.000182
-0.051140 -0.051063 -0.050993  -0.000134
-0.096797 -0.096711 -0.096640  -0.000909
-0.137065 -0.136988 -0.136917  -0.002579
-0.171536 -0.171480 -0.171389  -0.005055
-0.028771 -0.028685 -0.028624  -0.000024
0.303241 0.303302 0.303393  0.027860
0.662248 0.662309 0.662395  0.290330
0.669030 0.669091 0.669182  0.299337
-0.007308 -0.007222 -0.007156  -0.000000
-0.008681 -0.009974 -0.009903  -0.000001
-0.005465 -0.005399 -0.000739  -0.000000
0.009253 0.009319 0.009405  0.000001
0.015267 0.015332 0.015419  0.000003
0.020593 0.020654 0.020740  0.000009
0.026000 0.026086 0.026147  0.000017
0.031730 0.031791 0.031882  0.000032
0.037237 0.037303 0.037389  0.000051
0.042402 0.042459 0.042549  0.000076
0.047374 0.047439 0.047525  0.000106
0.052364 0.052429 0.052516  0.000143
0.057485 0.057567 0.057637  0.000189
0.120037 0.120103 0.120189  0.001726
0.188181 0.188242 0.188328  0.006655
0.261533 0.261599 0.261685  0.017871
0.078934 0.079016 0.079086  0.000490
0.411187 0.411264 0.411339  0.069483
0.770009 0.770086 0.770156  0.456424
0.777029 0.777090 0.777176  0.468995
-0.099355 -0.099279 -0.099204  -0.000983
-0.192520 -0.285624 -0.285533  -0.007158
-0.372747 -0.372665 -0.459636  -0.006440
-0.541061 -0.540996 -0.540910  -0.158470
-0.075222 -0.075136 -0.075075  -0.000427
-0.069667 -0.069606 -0.069520  -0.000339
-0.064170 -0.064109 -0.064018  -0.000265
-0.058990 -0.058924 -0.058834  -0.000206
-0.053659 -0.053598 -0.053512  -0.000155
-0.048531 -0.048475 -0.048384  -0.000115
-0.043242 -0.043181 -0.043115  -0.000081
-0.038116 -0.038030 -0.037964  -0.000056
-0.032565 -0.032504 -0.032413  -0.000035
-0.059771 -0.059685 -0.059619  -0.000214
-0.081706 -0.081620 -0.081554  -0.000547
-0.097946 -0.097860 -0.097794  -0.000942
-0.010932 -0.010866 -0.010784  -0.000001
0.320913 0.320994 0.321065  0.033027
0.679669 0.679740 0.679816  0.313867
0.686512 0.686594 0.686660  0.323460
0.010370 0.010452 0.010517  0.000001
0.026770 0.043235 0.043322  0.000019
0.065265 0.065322 0.087479  -0.000113
0.115375 0.115457 0.115522  0.001533
0.033489 0.033550 0.033641  0.000037
0.039522 0.039608 0.039674  0.000061
0.044825 0.044906 0.044977  0.000090
0.050257 0.050313 0.050404  0.000126
0.056001 0.056067 0.056153  0.000175
0.061076 0.061162 0.061228  0.000227
0.065970 0.066061 0.066122  0.000286
-0.039022 -0.038889 -0.038798  -0.000060
-0.032908 -0.032822 -0.032756  -0.000036
-0.060247 -0.060181 -0.060091  -0.000220
-0.081743 -0.081687 -0.081591  -0.000548
-0.097817 -0.097760 -0.097670  -0.000939
-0.010605 -0.010539 -0.010458  -0.000001
0.321600 0.321686 0.321752  0.033242
0.680569 0.680655 0.680721  0.315130
0.687517 0.687598 0.687669  0.324875
0.011015 0.011071 0.011162  0.000001
0.027896 0.044859 0.044930  0.000021
0.067201 0.067277 0.089766  -0.000115
0.117847 0.117913 0.117999  0.001633
0.033204 0.033265 0.033351  0.000036
0.038634 0.038716 0.038786  0.000057
0.043790 0.043876 0.043942  0.000084
0.048852 0.048913 0.048999  0.000116
0.053719 0.053775 0.053866  0.000154
0.058879 0.058950 0.059036  0.000203
0.064078 0.064134 0.064230  0.000262
0.069561 0.069622 0.069708  0.000335
0.074726 0.074792 0.074878  0.000416
0.154604 0.154674 0.154760  0.003689
0.240400 0.240490 0.240552  0.013883
0.331975 0.332031 0.332122  0.036556
0.096423 0.096488 0.096549  0.000895
0.228727 0.228784 0.228874  0.011952
0.587353 0.587430 0.587501  0.202555
0.594292 0.594374 0.594444  0.209819
-0.081953 -0.081892 -0.081806  -0.000552
-0.158026 -0.234017 -0.233946  -0.003958
-0.304127 -0.304041 -0.374004  -0.003920
-0.438641 -0.438560 -0.438494  -0.084435
-0.058441 -0.058380 -0.058289  -0.000201
-0.052797 -0.052706 -0.052645  -0.000148
-0.047433 -0.047347 -0.047290  -0.000107
-0.041959 -0.041882 -0.041812  -0.000074
-0.036675 -0.036618 -0.036527  -0.000050
-0.031248 -0.031177 -0.031096  -0.000031
-0.026049 -0.025984 -0.025898  -0.000018
-0.020931 -0.020861 -0.020774  -0.000009
-0.011721 -0.011530 -0.011450  -0.000002
-0.014709 -0.014572 -0.014438  -0.000003
-0.009624 -0.009514 -0.009269  -0.000001
0.005531 0.005655 0.005777  0.000000
0.022773 0.022862 0.023000  0.000012
0.356918 0.357003 0.357122  0.045423
0.717348 0.717428 0.717570  0.368919
0.726146 0.726231 0.726350  0.382700
0.051768 0.051868 0.051976  0.000138
0.111610 0.171564 0.171702  0.001378
0.239588 0.239663 0.307881  -0.001665
0.384261 0.384394 0.384480  0.056701
0.081812 0.081868 0.081959  0.000546
0.087599 0.087669 0.087751  0.000670
0.092925 0.092982 0.093073  0.000800
0.098423 0.098509 0.098575  0.000952
-0.096592 -0.096526 -0.096440  -0.000904
-0.090796 -0.090735 -0.090649  -0.000751
-0.085413 -0.085331 -0.085266  -0.000625
-0.080147 -0.080086 -0.079995  -0.000517
-0.074778 -0.074692 -0.074626  -0.000419
-0.144167 -0.144102 -0.144015  -0.003002
-0.207776 -0.207694 -0.207624  -0.008979
-0.265341 -0.265264 -0.265194  -0.018696
-0.052133 -0.052077 -0.051986  -0.000142
0.279650 0.279720 0.279811  0.021848
0.638699 0.638785 0.638846  0.260474
0.645710 0.645771 0.645836  0.269141
-0.030680 -0.030623 -0.030533  -0.000029
-0.055402 -0.080043 -0.079973  -0.000171
-0.099339 -0.099273 -0.118417  -0.000298
-0.132262 -0.132206 -0.132135  -0.002317
-0.008301 -0.008210 -0.008149  -0.000001
-0.002619 -0.002528 -0.002463  -0.000000
0.003633 0.003714 0.003780  0.000000
0.009837 0.009903 0.009994  0.000001
0.015458 0.015524 0.015610  0.000004
0.020799 0.020860 0.020951  0.000009
0.026201 0.026287 0.026348  0.000018
0.031509 0.031599 0.031660  0.000031
0.037031 0.037092 0.037183  0.000050
0.079634 0.079720 0.079786  0.000504
0.127608 0.127669 0.127759  0.002073
0.180974 0.181030 0.181125  0.005918
0.058592 0.058669 0.058744  0.000200
0.390917 0.390983 0.391065  0.059701
0.749592 0.749649 0.749719  0.421068
0.756431 0.756492 0.756578  0.432673
0.079767 0.079833 0.079924  0.000506
0.165521 0.251335 0.251425  0.004518
0.342263 0.342324 0.433399  -0.001198
0.529796 0.529852 0.529943  0.148628
-0.098608 -0.098547 -0.098461  -0.000961
-0.091878 -0.091812 -0.091726  -0.000778
-0.086172 -0.086091 -0.086020  -0.000641
-0.080841 -0.080764 -0.080694  -0.000530
-0.075295 -0.075234 -0.075143  -0.000428
-0.070339 -0.070258 -0.070192  -0.000349
-0.065183 -0.065107 -0.065036  -0.000278
-0.059946 -0.059885 -0.059799  -0.000216
-0.054853 -0.054776 -0.054705  -0.000166
-0.104330 -0.104260 -0.104174  -0.001138
-0.147828 -0.147747 -0.147676  -0.003235
-0.185472 -0.185391 -0.185320  -0.006387
0.065451 0.065612 0.065683  0.000279
0.397779 0.397861 0.397931  0.062907
0.756407 0.756473 0.756559  0.432632
0.763208 0.763274 0.763355  0.444416
0.086844 0.086900 0.086971  0.000653
0.180024 0.273290 0.273356  0.005820
0.371806 0.371892 0.470560  -0.001362
0.374811 0.374872 0.374958  0.052618
-0.090375 -0.090289 -0.090223  -0.000740
-0.084455 -0.084399 -0.084308  -0.000604
-0.079138 -0.079068 -0.078986  -0.000497
-0.073991 -0.073930 -0.073840  -0.000407
-0.068599 -0.068513 -0.068452  -0.000324
-0.063499 -0.063438 -0.063348  -0.000257
-0.058444 -0.058362 -0.058292  -0.000200
-0.053079 -0.052998 -0.052932  -0.000150
-0.047970 -0.047909 -0.047819  -0.000111
-0.090666 -0.090600 -0.090514  -0.000747
-0.127604 -0.127523 -0.127452  -0.002081
-0.158835 -0.158745 -0.158684  -0.004012
-0.025867 -0.025786 -0.025720  -0.000017
0.306301 0.306372 0.306453  0.028714
0.664937 0.665014 0.665084  0.293903
0.671782 0.671843 0.671929  0.303052
-0.004755 -0.004673 -0.004603  -0.000000
-0.003608 -0.002396 -0.002310  -0.000000
0.005310 0.005367 0.013220  -0.000002
0.027064 0.027125 0.027211  0.000020
0.019374 0.019455 0.019521  0.000007
0.025009 0.025090 0.025156  0.000016
0.030597 0.030653 0.030744  0.000028
0.035791 0.035867 0.035942  0.000046
0.041141 0.041222 0.041297  0.000069
0.046350 0.046411 0.046477  0.000099
0.051453 0.051539 0.051605  0.000136
0.056310 0.056391 0.056457  0.000178
0.061319 0.061405 0.061466  0.000230
0.127875 0.127945 0.128026  0.002087
0.199856 0.199922 0.200008  0.007972
0.277136 0.277212 0.277283  0.021269
0.082289 0.082370 0.082440  0.000556
0.414988 0.415049 0.415140  0.071420
0.773938 0.773994 0.774065  0.463447
0.780587 0.780653 0.780739  0.475467
-0.096092 -0.096015 -0.095945  -0.000889
-0.186430 -0.276686 -0.276620  -0.006495
-0.361090 -0.361029 -0.445286  -0.005847
-0.524268 -0.524207 -0.524121  -0.144169
-0.073176 -0.073115 -0.073024  -0.000393
-0.067684 -0.067623 -0.067532  -0.000311
-0.062385 -0.062324 -0.062233  -0.000244
-0.057210 -0.057149 -0.057059  -0.000188
-0.052103 -0.052017 -0.051946  -0.000142
-0.046819 -0.046737 -0.046667  -0.000103
-0.041653 -0.041567 -0.041501  -0.000073
-0.036226 -0.036165 -0.036079  -0.000048
-0.030914 -0.030853 -0.030767  -0.000030
-0.056274 -0.056183 -0.056118  -0.000179
-0.076226 -0.076140 -0.076074  -0.000444
-0.090364 -0.090302 -0.090212  -0.000740
-0.008621 -0.008540 -0.008469  -0.000001
0.323594 0.323665 0.323746  0.033859
0.682344 0.682426 0.682491  0.317603
0.689098 0.689155 0.689245  0.327093
0.012440 0.012501 0.012587  0.000002
0.031234 0.050110 0.050181  0.000030
0.074511 0.074602 0.099155  -0.000146
0.128799 0.128865 0.128951  0.002132
0.035012 0.035083 0.035164  0.000043
0.040533 0.040614 0.040685  0.000066
0.045684 0.045771 0.045836  0.000095
0.050698 0.050784 0.050845  0.000130
0.055940 0.056001 0.056067  0.000174
0.061267 0.061328 0.061419  0.000229
0.066474 0.066535 0.066622  0.000293
0.071526 0.071607 0.071673  0.000365
0.076754 0.076815 0.076880  0.000451
0.158591 0.158682 0.158743  0.003984
0.246026 0.246107 0.246173  0.014880
0.339063 0.339119 0.339210  0.038949
0.098121 0.098198 0.098264  0.000943
0.230218 0.230279 0.230365  0.012188
0.588925 0.589007 0.589077  0.204185
0.595859 0.595941 0.596006  0.211489
-0.080666 -0.080605 -0.080514  -0.000527
-0.155931 -0.231114 -0.231044  -0.003803
-0.300564 -0.300478 -0.369775  -0.003721
-0.433684 -0.433623 -0.433532  -0.081619
-0.057719 -0.057633 -0.057572  -0.000193
-0.052449 -0.052379 -0.052293  -0.000145
-0.047137 -0.047066 -0.046985  -0.000105
-0.041810 -0.041744 -0.041658  -0.000074
-0.036569 -0.036479 -0.036418  -0.000049
-0.031327 -0.031262 -0.031171  -0.000031
-0.026005 -0.025935 -0.025849  -0.000018
-0.020447 -0.020370 -0.020300  -0.000009
-0.014455 -0.014385 -0.014303  -0.000003
-0.023689 -0.023623 -0.023537  -0.000013
-0.027250 -0.027184 -0.027093  -0.000020
-0.024891 -0.024834 -0.024744  -0.000016
0.007429 0.007510 0.007576  0.000000
0.339768 0.339829 0.339915  0.039194
0.698537 0.698623 0.698688  0.340757
0.705618 0.705695 0.705765  0.351219
0.029181 0.029268 0.029333  0.000025
-0.055566 -0.140171 -0.140085  -0.000177
-0.217694 -0.217617 -0.294994  0.005048
-0.366990 -0.366925 -0.366839  -0.049462
-0.065959 -0.065878 -0.065812  -0.000288
-0.060528 -0.060467 -0.060381  -0.000223
-0.055262 -0.055201 -0.055110  -0.000170
-0.049727 -0.049666 -0.049580  -0.000124
-0.044258 -0.044202 -0.044111  -0.000087
-0.038908 -0.038822 -0.038756  -0.000059
-0.033771 -0.033715 -0.033624  -0.000039
-0.028335 -0.028274 -0.028188  -0.000023
-0.022989 -0.022928 -0.022847  -0.000012
-0.040505 -0.040439 -0.040348  -0.000067
-0.052343 -0.052273 -0.052182  -0.000144
-0.058813 -0.058731 -0.058666  -0.000204
-0.001227 -0.001171 -0.001080  -0.000000
0.332121 0.332182 0.332268  0.036606
0.690805 0.690871 0.690953  0.329544
0.697535 0.697616 0.697682  0.339293
0.021009 0.021070 0.021161  0.000009
0.047933 0.074918 0.075009  0.000109
0.107330 0.107396 0.139955  -0.000266
0.177817 0.177873 0.177944  0.005616
0.043032 0.043089 0.043159  0.000079
0.048880 0.048941 0.049032  0.000116
0.054312 0.054377 0.054459  0.000159
0.059272 0.059349 0.059419  0.000207
0.064272 0.064353 0.064423  0.000265
0.069446 0.069528 0.069598  0.000334
0.074555 0.074621 0.074702  0.000413
0.079702 0.079763 0.079849  0.000505
0.084545 0.084611 0.084697  0.000602
0.174232 0.174298 0.174388  0.005281
0.269453 0.269515 0.269580  0.019549
0.170252 0.170318 0.170404  0.004927
-0.093480 -0.093403 -0.093333  -0.000819
0.239224 0.239289 0.239375  0.013675
0.597959 0.598041 0.598111  0.213728
0.604814 0.604879 0.604966  0.221146
-0.071746 -0.071665 -0.071595  -0.000370
-0.137853 -0.203874 -0.203808  -0.002628
-0.264060 -0.264004 -0.324044  -0.002787
-0.378387 -0.378306 -0.378240  -0.054205
-0.048538 -0.048457 -0.048391  -0.000115
-0.043111 -0.043020 -0.042959  -0.000080
-0.037567 -0.037481 -0.037415  -0.000053
-0.032363 -0.032301 -0.032211  -0.000034
-0.026989 -0.026928 -0.026837  -0.000020
-0.021620 -0.021539 -0.021468  -0.000010
-0.016212 -0.016156 -0.016065  -0.000004
-0.011213 -0.011156 -0.011065  -0.000001
-0.005877 -0.005815 -0.005725  -0.000000
-0.006260 -0.006195 -0.006109  -0.000000
-0.001034 -0.000944 -0.000873  -0.000000
0.010382 0.010454 0.010529  0.000001
0.054244 0.054387 0.054462  0.000159
0.386406 0.386492 0.386558  0.057665
0.745233 0.745310 0.745380  0.413764
0.752314 0.752396 0.752461  0.425681
0.075945 0.076006 0.076072  0.000437
0.157477 0.239089 0.239160  0.003893
0.325948 0.326024 0.413030  -0.001177
0.505660 0.505737 0.505808  0.129240
0.098039 0.098100 0.098186  0.000940
-0.095781 -0.095705 -0.095634  -0.000881
-0.090065 -0.089999 -0.089913  -0.000733
-0.084743 -0.084682 -0.084591  -0.000611
-0.079517 -0.079435 -0.079370  -0.000504
-0.074090 -0.074024 -0.073938  -0.000408
-0.068697 -0.068616 -0.068546  -0.000325
-0.063455 -0.063404 -0.063304  -0.000257
-0.058138 -0.058077 -0.057986  -0.000197
-0.111059 -0.110973 -0.110903  -0.001372
-0.158060 -0.157979 -0.157913  -0.003954
-0.199161 -0.199095 -0.199013  -0.007909
-0.035661 -0.035579 -0.035509  -0.000046
0.296274 0.296361 0.296426  0.025989
0.654930 0.654987 0.655078  0.280805
0.661874 0.661940 0.662030  0.289832
-0.014392 -0.014310 -0.014245  -0.000003
-0.022612 -0.030766 -0.030680  -0.000012
-0.032872 -0.032811 -0.034765  -0.000029
-0.031369 -0.031313 -0.031222  -0.000031
0.008912 0.008964 0.009059  0.000001
0.014638 0.014699 0.014785  0.000003
0.019988 0.020058 0.020140  0.000008
0.025499 0.025585 0.025651  0.000016
0.030779 0.030840 0.030931  0.000029
0.036229 0.036290 0.036381  0.000047
0.041712 0.041773 0.041859  0.000072
0.047034 0.047100 0.047186  0.000103
0.052351 0.052408 0.052503  0.000143
0.109740 0.109810 0.109896  0.001318
0.172890 0.172972 0.173037  0.005162
0.241700 0.241766 0.241852  0.014105
0.074174 0.074231 0.074322  0.000407
0.406802 0.406888 0.406949  0.067290
0.765652 0.765733 0.765803  0.448718
0.772653 0.772719 0.772805  0.461114
0.096037 0.096098 0.096188  0.000883
-0.002126 -0.100227 -0.100136  -0.000003
-0.192551 -0.192470 -0.284642  0.008793
-0.371279 -0.371188 -0.371127  -0.051205
-0.081110 -0.081049 -0.080963  -0.000535
-0.075604 -0.075543 -0.075452  -0.000434
0.012972 0.013119 0.013185  0.000002
0.020257 0.020338 0.020404  0.000008
0.025513 0.025574 0.025665  0.000016
0.030901 0.030987 0.031052  0.000029
0.035991 0.036057 0.036143  0.000046
0.041280 0.041346 0.041432  0.000070
0.046567 0.046649 0.046715  0.000101
0.098188 0.098258 0.098349  0.000944
0.154995 0.155081 0.155147  0.003719
0.217084 0.217150 0.217215  0.010221
0.067458 0.067528 0.067609  0.000306
0.399858 0.399924 0.400010  0.063890
0.758565 0.758622 0.758713  0.436338
0.765343 0.765413 0.765495  0.448156
0.088631 0.088712 0.088778  0.000695
0.182864 0.277158 0.277245  0.006095
0.376828 0.376889 0.476710  -0.001289
0.382171 0.382237 0.382323  0.055780
-0.089422 -0.089336 -0.089270  -0.000717
-0.083250 -0.083185 -0.083099  -0.000579
-0.077772 -0.077716 -0.077625  -0.000472
-0.072469 -0.072417 -0.072322  -0.000382
-0.067494 -0.067408 -0.067347  -0.000308
-0.062224 -0.062143 -0.062077  -0.000242
-0.057096 -0.057035 -0.056944  -0.000187
-0.052073 -0.052007 -0.051921  -0.000142
-0.047027 -0.046945 -0.046880  -0.000104
-0.088851 -0.088765 -0.088694  -0.000703
-0.125052 -0.124986 -0.124900  -0.001960
-0.154959 -0.154903 -0.154833  -0.003726
-0.024543 -0.024477 -0.024391  -0.000015
0.307406 0.307458 0.307553  0.029022
0.666151 0.666233 0.666298  0.295522
0.673085 0.673172 0.673237  0.304848
-0.003265 -0.003204 -0.003113  -0.000000
0.000390 0.004102 0.004193  -0.000000
0.013909 0.013990 0.023949  -0.000008
0.039500 0.039556 0.039647  0.000061
0.020822 0.020873 0.020969  0.000009
0.026300 0.026366 0.026452  0.000018
0.031863 0.031940 0.032010  0.000032
0.037418 0.037475 0.037565  0.000052
0.042574 0.042635 0.042701  0.000077
0.047663 0.047744 0.047810  0.000108
0.052847 0.052928 0.052999  0.000147
0.057861 0.057942 0.058012  0.000193
0.062870 0.062951 0.063021  0.000248
0.131128 0.131194 0.131280  0.002250
0.205154 0.205240 0.205305  0.008626
0.284530 0.284591 0.284678  0.023014
0.084552 0.084613 0.084704  0.000603
0.416875 0.416957 0.417022  0.072412
0.775454 0.775536 0.775606  0.466177
0.582227 0.582313 0.582379  0.197302
-0.094032 -0.093971 -0.093880  -0.000834
-0.182639 -0.271160 -0.271094  -0.006107
-0.354032 -0.353966 -0.436686  -0.005449
-0.513965 -0.513909 -0.513818  -0.135841
-0.071412 -0.071336 -0.071265  -0.000365
-0.066014 -0.065953 -0.065862  -0.000289
-0.060479 -0.060409 -0.060327  -0.000222
-0.054977 -0.054896 -0.054825  -0.000167
-0.049982 -0.049921 -0.049830  -0.000126
-0.044698 -0.044637 -0.044546  -0.000090
-0.039448 -0.039367 -0.039296  -0.000062
-0.034087 -0.034031 -0.033960  -0.000040
-0.028571 -0.028519 -0.028424  -0.000024
-0.051887 -0.051801 -0.051731  -0.000140
-0.069434 -0.069378 -0.069287  -0.000336
-0.081574 -0.081518 -0.081427  -0.000545
-0.006980 -0.006918 -0.006828  -0.000000
0.325211 0.325297 0.325363  0.034374
0.683900 0.683986 0.684047  0.319787
0.690962 0.691053 0.691114  0.329798
0.014402 0.014474 0.014549  0.000003
0.034184 0.054027 0.054113  0.000039
0.079159 0.079216 0.104495  -0.000148
0.135110 0.135180 0.135262  0.002462
0.035984 0.036061 0.036136  0.000046
0.041686 0.041752 0.041834  0.000072
0.046770 0.046857 0.046922  0.000102
0.051959 0.052045 0.052111  0.000140
0.056949 0.057031 0.057101  0.000184
0.061930 0.061986 0.062077  0.000236
0.067053 0.067110 0.067200  0.000300
0.072749 0.072835 0.072901  0.000384
0.077948 0.078034 0.078099  0.000472
0.161032 0.161109 0.161184  0.004170
0.249715 0.249791 0.249866  0.015557
0.344132 0.344193 0.344259  0.040731
0.099520 0.099611 0.099677  0.000984
0.231787 0.231864 0.231934  0.012441
0.590803 0.590880 0.590950  0.206145
0.597761 0.597838 0.597908  0.213515
-0.078690 -0.078613 -0.078543  -0.000489
-0.151682 -0.224613 -0.224527  -0.003503
-0.291486 -0.291425 -0.358147  -0.003577
-0.419413 -0.419352 -0.419266  -0.073823
-0.055333 -0.055272 -0.055201  -0.000170
-0.049831 -0.049765 -0.049679  -0.000124
-0.044845 -0.044784 -0.044714  -0.000091
-0.039581 -0.039495 -0.039429  -0.000062
-0.034231 -0.034150 -0.034079  -0.000040
-0.028714 -0.028648 -0.028562  -0.000024
-0.023648 -0.023587 -0.023501  -0.000013
-0.018226 -0.018165 -0.018074  -0.000006
0.066715 0.066843 0.066934  0.000296
0.140688 0.140754 0.140840  0.002780
0.220348 0.220404 0.220474  0.010688
0.305346 0.305423 0.305494  0.028450
0.090199 0.090275 0.090346  0.000732
0.422291 0.422372 0.422442  0.075269
0.580895 0.580956 0.581022  0.195950
0.587857 0.587928 0.588014  0.203060
-0.088698 -0.088617 -0.088546  -0.000699
-0.170937 -0.253098 -0.253028  -0.005008
-0.329198 -0.329137 -0.405089  -0.004857
-0.475696 -0.475640 -0.475549  -0.107705
-0.064825 -0.064759 -0.064673  -0.000273
-0.059489 -0.059428 -0.059337  -0.000211
-0.054281 -0.054220 -0.054134  -0.000161
-0.048983 -0.048922 -0.048835  -0.000118
-0.043864 -0.043798 -0.043733  -0.000085
-0.038671 -0.038614 -0.038523  -0.000058
-0.033344 -0.033283 -0.033192  -0.000037
-0.028183 -0.028122 -0.028031  -0.000023
-0.022733 -0.022672 -0.022601  -0.000012
-0.040286 -0.040216 -0.040130  -0.000066
-0.051817 -0.051760 -0.051670  -0.000140
-0.057498 -0.057432 -0.057366  -0.000191
-0.000545 -0.000454 -0.000393  -0.000000
0.333383 0.333453 0.333544  0.037023
0.692313 0.692394 0.692464  0.331722
0.699125 0.699181 0.699272  0.341582
0.022550 0.022616 0.022702  0.000011
0.050750 0.079010 0.079097  0.000129
0.112840 0.112897 0.146873  -0.000293
0.186385 0.186471 0.186542  0.006468
0.044824 0.044906 0.044976  0.000090
0.050772 0.050849 0.050919  0.000130
0.056122 0.056204 0.056270  0.000176
0.061332 0.061393 0.061483  0.000230
0.066619 0.066696 0.066766  0.000295
0.071936 0.072027 0.072088  0.000371
0.077088 0.077169 0.077235  0.000457
0.082092 0.082178 0.082244  0.000552
0.087334 0.087400 0.087481  0.000664
0.179923 0.180009 0.180079  0.005818
0.277886 0.277963 0.278033  0.021442
0.181261 0.181343 0.181413  0.005948
-0.090923 -0.090862 -0.090771  -0.000754
0.241552 0.241614 0.241700  0.014079
0.600559 0.600620 0.600706  0.216511
0.607332 0.607388 0.607479  0.223915
-0.069242 -0.069166 -0.069095  -0.000333
-0.132607 -0.195906 -0.195820  -0.002342
-0.253479 -0.253418 -0.310839  -0.002527
-0.362826 -0.362740 -0.362674  -0.047789
-0.046170 -0.045938 -0.045848  -0.000099
-0.040152 -0.040091 -0.040000  -0.000065
-0.034484 -0.034407 -0.034337  -0.000041
-0.028991 -0.028910 -0.028839  -0.000025
-0.023532 -0.023445 -0.023375  -0.000013
-0.018299 -0.018242 -0.018152  -0.000006
-0.013068 -0.012977 -0.012916  -0.000002
-0.007921 -0.007860 -0.007769  -0.000001
-0.002106 -0.002025 -0.001954  -0.000000
0.001661 0.001731 0.001822  0.000000
0.011792 0.011848 0.011939  0.000002
0.027070 0.027156 0.027222  0.000020
0.020824 0.020885 0.020955  0.000009
0.352710 0.352792 0.352862  0.043853
0.711243 0.711324 0.711395  0.359687
0.718072 0.718158 0.718224  0.370156
0.041423 0.041504 0.041574  0.000071
0.088343 0.135339 0.135410  0.000686
0.187562 0.187644 0.240014  -0.000621
0.297839 0.297895 0.297986  0.026397
0.062995 0.063056 0.063147  0.000249
0.068820 0.068896 0.068967  0.000325
0.074298 0.074379 0.074450  0.000409
0.079464 0.079545 0.079611  0.000501
0.084587 0.084643 0.084734  0.000603
0.089458 0.089514 0.089610  0.000714
0.094614 0.094675 0.094761  0.000845
0.099452 0.099518 0.099604  0.000981
-0.095567 -0.095502 -0.095415  -0.000875
-0.185310 -0.185240 -0.185154  -0.006372
-0.268916 -0.268854 -0.268768  -0.019465
-0.346416 -0.346335 -0.346265  -0.041597
-0.072226 -0.072160 -0.072079  -0.000378
0.260065 0.260130 0.260217  0.017572
0.618772 0.618863 0.618929  0.236839
0.625636 0.625697 0.625763  0.244809
-0.050980 -0.050915 -0.050849  -0.000133
-0.096071 -0.141075 -0.141009  -0.000891
-0.179946 -0.179885 -0.218610  -0.001200
-0.251187 -0.251106 -0.251035  -0.015862
-0.026525 -0.026454 -0.026373  -0.000019
-0.021065 -0.021009 -0.020913  -0.000009
-0.015687 -0.015605 -0.015539  -0.000004
-0.010351 -0.010274 -0.010203  -0.000001
-0.005094 -0.005024 -0.004938  -0.000000
0.000370 0.000431 0.000522  -0.000000
0.006711 0.006792 0.006863  0.000000
0.012423 0.012484 0.012570  0.000002
0.017810 0.017892 0.017962  0.000006
0.040942 0.040999 0.041094  0.000068
0.069378 0.069439 0.069505  0.000333
0.103147 0.103224 0.103295  0.001095
0.039028 0.039089 0.039154  0.000059
0.371232 0.371313 0.371384  0.051132
0.610201 0.610343 0.610413  0.227126
0.616969 0.617030 0.617116  0.234751
-0.059358 -0.059297 -0.059206  -0.000210
-0.112849 -0.166264 -0.166189  -0.001443
-0.213978 -0.213892 -0.261454  -0.001710
-0.303073 -0.302987 -0.302921  -0.027856
-0.036201 -0.036136 -0.036050  -0.000048
-0.030662 -0.030580 -0.030510  -0.000029
-0.025013 -0.024931 -0.024866  -0.000016
-0.019628 -0.019563 -0.019472  -0.000008
-0.014297 -0.014231 -0.014145  -0.000003
-0.008975 -0.008914 -0.008823  -0.000001
-0.003492 -0.003426 -0.003340  -0.000000
0.002783 0.002844 0.002930  0.000000
0.009091 0.009173 0.009243  0.000001
0.023946 0.024017 0.024098  0.000014
0.044303 0.044359 0.044430  0.000087
0.070108 0.070194 0.070260  0.000344
0.030886 0.030963 0.031033  0.000029
0.362969 0.363050 0.363116  0.047794
0.721762 0.721819 0.721910  0.375854
0.728568 0.728624 0.728720  0.386580
0.052384 0.052445 0.052531  0.000143
0.110312 0.168321 0.168391  0.001336
0.231594 0.231671 0.295092  -0.000840
0.364341 0.364423 0.364493  0.048336
0.074648 0.074709 0.074800  0.000414
0.080725 0.080786 0.080872  0.000524
0.085928 0.085993 0.086075  0.000633
0.090988 0.091074 0.091135  0.000752
0.095969 0.096050 0.096116  0.000882
-0.098714 -0.098633 -0.098567  -0.000964
-0.093088 -0.093002 -0.092941  -0.000808
-0.087662 -0.087596 -0.087510  -0.000676
-0.082080 -0.081998 -0.081928  -0.000554
