-0.735691 -0.565694 -0.564818 -0.564387  -0.219250
-2.760835 -2.096642 -0.664185 -4.828603  82.623597
-4.974307 -4.300166 -0.664185 -9.248608  586.988980
-6.527848 -5.846748 -0.664185 -12.491498  1458.571604
-7.171391 -6.484199 -0.664185 -13.914918  2025.595031
-9.051546 -8.353714 -0.664185 -17.564221  4094.965073
-11.325971 -10.617007 -0.664185 -22.192891  8278.123928
-13.079639 -12.364443 -0.664185 -25.840602  13081.066825
-13.929695 -13.208269 -0.664185 -27.589505  15993.868710
-15.475426 -14.744107 -0.664185 -30.661697  21915.176065
-17.721092 -16.978104 -0.664185 -35.129101  32894.059548
-19.300205 -18.547354 -0.664185 -38.263794  42455.462945
-20.988714 -20.225089 -0.664185 -41.730914  55195.487107
-22.732133 -21.959020 -0.664185 -45.294634  70591.506843
-24.538174 -23.755312 -0.664185 -48.983080  89350.735343
-26.557145 -25.769515 -0.664185 -53.108724  113952.468529
-26.980278 -26.187277 -0.664185 -54.045499  120264.367562
-29.098059 -28.296202 -0.664185 -58.260696  150465.227549
-31.416988 -30.609247 -0.664185 -62.983005  190157.014154
-32.055115 -31.243051 -0.664185 -64.251227  201808.808189
-33.888098 -33.067924 -0.664185 -67.898333  237947.506450
-36.279473 -35.453060 -0.664185 -72.665216  291376.967180
-36.966868 -36.136701 -0.664185 -74.032950  308059.403037
-38.682480 -37.844610 -0.664185 -77.446346  352433.751267
-41.058534 -40.214450 -0.664185 -82.310777  423117.428373
-41.662374 -40.814494 -0.664185 -83.676889  444675.006893
-43.476617 -42.621077 -0.664185 -87.205287  503575.244726
-45.828724 -44.967033 -0.664185 -91.992965  591332.063078
-46.753805 -45.886708 -0.664185 -93.931018  629938.577565
-48.112841 -47.238552 -0.664185 -96.807695  689397.968949
-49.101096 -48.219873 -0.664185 -98.803858  734046.251694
-51.020741 -50.131728 -0.664185 -102.622978  821968.227503
-53.330694 -52.435847 -0.664185 -107.228079  937039.402641
-53.552931 -52.655547 -0.664185 -107.863647  953688.732633
-55.796727 -54.890950 -0.664185 -112.239151  1074877.008319
-57.932529 -57.021547 -0.664185 -116.639193  1206153.576878
-58.285045 -57.369745 -0.664185 -117.300340  1227151.606953
-60.859923 -59.935418 -0.664185 -122.428633  1394353.000897
-62.759542 -61.824847 -0.664185 -126.305257  1531427.022132
-64.577986 -63.633959 -0.664185 -129.918080  1665915.647175
-66.431140 -65.458757 -0.664185 -133.702796  1816482.102320
-68.174599 -67.194404 -0.664185 -137.301825  1967725.977517
-69.958972 -68.971749 -0.664185 -140.856223  2124151.847895
-71.639264 -70.645318 -0.664185 -144.299565  2284418.660625
