-0.217346 -0.042725 -0.042012 -0.041605  -0.010199
4.931241 5.122120 -0.141858 -0.141228  254.303915
8.343699 8.548814 -0.141858 -0.141228  1205.632640
10.049878 10.263478 -0.241766 -0.240914  2096.199975
14.195396 14.418857 -0.241766 -0.240914  5858.239389
19.393418 19.635011 -0.341672 -0.340582  14863.992153
21.423217 21.676405 -0.341672 -0.340582  20017.336779
24.204746 24.466745 -0.341672 -0.440255  28827.262650
29.075019 29.350152 -0.341672 -0.440255  49861.957943
32.906861 33.196991 -0.341672 -0.440255  72218.053282
34.165870 34.362959 -0.341672 -0.440255  80458.373735
38.540691 38.748374 -0.341672 -0.540182  115426.152373
43.571761 43.797290 -0.341672 -0.540182  166733.091496
44.358779 44.591599 -0.341672 -0.540182  175951.393340
48.430762 48.672928 -0.341672 -0.540182  228905.114399
53.560689 53.820313 -0.341672 -0.640082  309549.685502
54.350755 54.617722 -0.341672 -0.640082  323482.504286
58.332293 58.608343 -0.341672 -0.740077  399801.186787
63.462083 63.755477 -0.341672 -0.740077  514740.532872
64.347713 64.648143 -0.341672 -0.740077  536629.626565
68.266940 68.576276 -0.341672 -0.740077  640643.862882
73.371834 73.698169 -0.441604 -0.839771  795278.242053
74.297324 74.631133 -0.441604 -0.839771  825809.602261
77.930194 78.271892 -0.441604 -0.939599  952811.796076
83.069423 83.428602 -0.441604 -1.039589  1153914.868045
84.230697 84.598314 -0.441604 -1.039589  1203061.397688
87.641068 88.016203 -0.441604 -1.039589  1355016.629699
92.777809 93.170274 -0.441604 -1.039589  1607389.621898
93.984444 94.385384 -0.441604 -1.039589  1671014.421150
97.479275 97.887894 -0.441604 -1.039589  1864235.011597
102.567298 102.893377 -0.441604 -1.039589  2168351.073372
103.811424 104.146251 -0.441604 -1.039589  2248373.436998
107.055225 107.397430 -0.441604 -1.039589  2465685.946144
112.125047 112.486194 -0.441604 -1.139323  2832944.521411
113.770685 114.141670 -0.441604 -1.139323  2959697.080424
116.804161 117.181505 -0.441604 -1.239141  3202664.333974
121.953465 122.348981 -0.541495 -1.338815  3645248.758604
123.614773 124.020425 -0.541495 -1.338815  3796477.945766
126.655350 127.067233 -0.541495 -1.438621  4083392.611789
131.732278 132.164123 -0.541495 -1.538423  4594563.449749
133.467893 133.909827 -0.541495 -1.538423  4778807.333643
136.304685 136.752691 -0.541495 -1.638312  5089857.658306
141.472483 141.836750 -0.541495 -1.638312  5684923.601300
143.374354 143.749115 -0.541495 -1.638312  5917640.809967
