0.831226 -0.830581 -0.828922  0.570897
0.831226 -0.830581 -0.828922  0.570897
0.831226 -0.830581 -0.828922  0.570897
0.831226 -0.830581 -0.828922  0.570897
0.831226 -0.830581 -0.828922  0.570897
0.831226 -0.830581 -0.828922  0.570897
0.831226 -0.830581 -0.828922  0.570897
0.831226 -0.830581 -0.828922  0.570897
1.055626 1.055687 1.055769  1.176061
1.055626 1.055687 1.055769  1.176061
1.055626 1.055687 1.055769  1.176061
1.055626 1.055687 1.055769  1.176061
1.055626 1.055687 1.055769  1.176061
1.200380 1.200461 1.200527  1.729356
1.450348 1.450429 1.450495  3.050403
1.450348 1.450429 1.450495  3.050403
1.450348 1.450429 1.450495  3.050403
1.450348 1.450429 1.450495  3.050403
1.508772 1.508838 1.508924  3.433972
1.669798 1.669870 1.669945  4.655141
1.933804 1.933876 1.933956  7.230752
1.933804 1.933876 1.933956  7.230752
1.933804 1.933876 1.933956  7.230752
1.933804 1.933876 1.933956  7.230752
2.003700 2.003751 2.003842  8.043384
2.177516 2.177577 2.177663  10.323626
2.454032 2.454084 2.454179  14.777129
2.454032 2.454084 2.454179  14.777129
2.454032 2.454084 2.454179  14.777129
2.454032 2.454084 2.454179  14.777129
2.544583 2.544655 2.544730  16.474458
2.739338 2.739410 2.739485  20.554222
2.838436 2.838517 2.838583  22.866882
2.838436 2.838517 2.838583  22.866882
2.838436 2.838517 2.838583  22.866882
2.839722 2.839808 2.839869  22.898108
2.935127 2.935209 2.935274  25.284342
3.124413 3.124469 3.124560  30.497721
3.406647 3.406704 3.406795  39.531822
3.406647 3.406704 3.406795  39.531822
3.406647 3.406704 3.406795  39.531822
3.406647 3.406704 3.406795  39.531822
3.461128 3.461184 3.461279  41.458815
3.610094 3.610146 3.610236  47.046005
