-0.311822 -0.965302 -0.964050 -0.963267  0.859984
-1.773881 -2.416390 -4.030960 -4.103175  114.874129
-3.159694 -3.792907 -4.030960 -6.950349  327.197261
-3.159694 -3.792907 -4.030960 -6.950349  327.197261
-5.447115 -6.068492 -4.030960 -11.601381  1241.864508
-7.671008 -8.282533 -4.030960 -16.029222  3165.140749
-9.231788 -9.836940 -4.030960 -19.238441  5450.111197
-9.874715 -10.473451 -4.030960 -20.611833  6715.505038
-11.741838 -12.329886 -4.030960 -24.324931  10966.049737
-13.983500 -14.560388 -4.030960 -28.884184  18342.467815
-15.771636 -16.341862 -4.030960 -32.455092  25966.440266
-16.666028 -17.230155 -4.030960 -34.231783  30438.813345
-18.142281 -18.696705 -4.030960 -37.164879  38891.530442
-20.403861 -20.946586 -4.030960 -41.763468  55227.286364
-22.294614 -22.832284 -4.030960 -45.632605  72105.856515
-22.755512 -23.287524 -4.030960 -46.740892  77462.936329
-24.793228 -25.316192 -4.030960 -50.705750  98967.838004
-27.187905 -27.704389 -4.030960 -55.578458  130385.851294
-28.089483 -28.602185 -4.030960 -57.372881  143358.775914
-29.570412 -30.075686 -4.030960 -60.317250  166448.019225
-32.095101 -32.593126 -4.030960 -65.366989  211560.668406
-33.116240 -33.610861 -4.030960 -67.467345  232354.185346
-34.483780 -34.971375 -4.030960 -70.114329  260973.215292
-37.033575 -37.513846 -4.030960 -75.213495  321815.421676
-38.043487 -38.520515 -4.030960 -77.313760  349987.549643
-39.400150 -39.869821 -4.030960 -80.010614  387726.796934
-41.886488 -42.349088 -4.030960 -85.064987  466161.468620
-43.291905 -43.749368 -4.030960 -88.013608  516382.973465
-44.548126 -44.999701 -4.030960 -90.573322  563559.587853
-45.822926 -46.267595 -4.030960 -93.107122  611945.612541
-48.135343 -48.571245 -4.030960 -97.809781  709669.939656
-50.304079 -50.734302 -4.030960 -102.301181  812188.921669
-50.840776 -51.267178 -4.030960 -103.417441  838659.338853
-52.794565 -53.211365 -4.030960 -107.289529  937263.956965
-54.406813 -54.815609 -4.030960 -110.595398  1027040.406694
-56.030198 -56.431513 -4.030960 -113.824977  1119190.964978
-57.508740 -57.901956 -4.030960 -116.863802  1211774.012759
-58.969020 -59.354156 -4.030960 -119.866701  1308160.921340
-60.300913 -60.679940 -4.030960 -122.680713  1402290.858861
-61.496214 -61.868178 -4.030960 -125.180695  1490452.138302
-62.785060 -63.149881 -4.030960 -127.674795  1581945.625040
-63.909733 -64.267363 -4.030960 -130.100777  1673392.997350
-65.062662 -65.411658 -4.030960 -132.309675  1760962.338895
-66.541891 -66.881821 -4.030960 -135.248493  1880232.829009
