-0.269107 0.192461 0.194731  -0.019744
-0.269107 0.192461 0.194731  -0.019744
-0.269107 0.192461 0.194731  -0.019744
0.514983 0.515077 0.515182  0.136494
0.514983 0.515077 0.515182  0.136494
0.514983 0.515077 0.515182  0.136494
0.514983 0.515077 0.515182  0.136494
0.791035 0.791158 0.791262  0.494785
0.791035 0.791158 0.791262  0.494785
0.791035 0.791158 0.791262  0.494785
0.791035 0.791158 0.791262  0.494785
0.791035 0.791158 0.791262  0.494785
0.791035 0.791158 0.791262  0.494785
0.791035 0.791158 0.791262  0.494785
0.974336 0.974446 0.974555  0.924655
0.974336 0.974446 0.974555  0.924655
0.974336 0.974446 0.974555  0.924655
0.974336 0.974446 0.974555  0.924655
1.183057 1.183146 1.183255  1.655373
1.183057 1.183146 1.183255  1.655373
1.183057 1.183146 1.183255  1.655373
1.262516 1.262610 1.262706  2.011927
1.508173 1.508297 1.508405  3.429734
1.508173 1.508297 1.508405  3.429734
1.508173 1.508297 1.508405  3.429734
1.626909 1.627010 1.627099  4.305451
1.901899 1.902004 1.902093  6.878618
1.901899 1.902004 1.902093  6.878618
1.901899 1.902004 1.902093  6.878618
2.042287 2.042406 2.042509  8.516953
2.241042 2.041184 2.041303  11.253623
2.241042 2.041184 2.041303  11.253623
2.252993 2.253115 2.253248  11.434117
2.423498 2.423617 2.423750  14.231681
2.423498 2.423617 2.423750  14.231681
2.423498 2.423617 2.423750  14.231681
2.459344 2.459472 2.459561  14.873407
2.661090 2.661214 2.661352  18.841322
2.661090 2.661214 2.661352  18.841322
2.661090 2.661214 2.661352  18.841322
2.705928 2.706057 2.706190  19.810012
2.906049 2.906163 2.906271  24.539203
2.906049 2.906163 2.906271  24.539203
2.906049 2.906163 2.906271  24.539203
