-0.467779 -0.125312 -0.123653  -0.102435
-0.467779 -0.125312 -0.123653  -0.102435
-0.467779 -0.125312 -0.123653  -0.102435
-0.467779 -0.125312 -0.123653  -0.102435
0.073610 0.073692 0.073757  0.000398
0.550975 0.551032 0.551118  0.167183
0.550975 0.551032 0.551118  0.167183
0.550975 0.551032 0.551118  0.167183
0.550975 0.551032 0.551118  0.167183
0.550975 0.551032 0.551118  0.167183
0.550975 0.551032 0.551118  0.167183
0.748331 0.748387 0.748473  0.418920
0.748331 0.748387 0.748473  0.418920
0.748331 0.748387 0.748473  0.418920
0.748331 0.748387 0.748473  0.418920
0.748331 0.748387 0.748473  0.418920
0.961057 0.961138 0.961204  0.887478
0.961057 0.961138 0.961204  0.887478
0.961057 0.961138 0.961204  0.887478
0.961057 0.961138 0.961204  0.887478
0.961057 0.961138 0.961204  0.887478
1.081795 1.081851 1.081947  1.265668
1.307216 1.307292 1.307368  2.233402
1.307216 1.307292 1.307368  2.233402
1.307216 1.307292 1.307368  2.233402
1.307216 1.307292 1.307368  2.233402
1.344598 1.344649 1.344745  2.430439
1.484557 1.484629 1.484704  3.271332
1.726672 1.726729 1.726819  5.147083
1.726672 1.726729 1.726819  5.147083
1.726672 1.726729 1.726819  5.147083
1.726672 1.726729 1.726819  5.147083
1.777205 1.777277 1.777352  5.612514
1.929870 1.929922 1.930013  7.186592
2.187362 2.187413 2.187484  10.464535
2.187362 2.187413 2.187484  10.464535
2.187362 2.187413 2.187484  10.464535
2.187362 2.187413 2.187484  10.464535
2.256416 2.256467 2.256563  11.486882
2.430294 2.430346 2.430441  14.352428
2.698925 2.698986 2.699052  19.658066
2.698925 2.698986 2.699052  19.658066
2.698925 2.698986 2.699052  19.658066
2.698925 2.698986 2.699052  19.658066
