-0.692929 -0.692740 -0.692579  -0.332942
-0.773798 -0.773557 -0.773419  -0.463569
-0.843720 -0.843607 -0.843469  -0.600906
-0.060691 -0.060544 -0.060411  -0.000225
-0.722344 -0.722211 -0.722078  -0.377113
-0.262099 -0.261942 -0.261800  -0.018034
-0.248761 -0.248658 -0.248525  -0.015419
-0.018447 -0.018358 -0.018211  -0.000006
-0.026213 -0.033842 -0.033713  -0.000018
-0.030917 -0.030784 -0.027602  -0.000038
-0.014517 -0.014398 -0.014260  -0.000003
0.022965 0.023103 0.023241  0.000012
0.032438 0.032576 0.032728  0.000034
0.042669 0.042778 0.042888  0.000077
0.051705 0.051843 0.051976  0.000137
0.060821 0.060935 0.061059  0.000224
0.069900 0.070028 0.070156  0.000340
0.080254 0.080392 0.080525  0.000514
0.090045 0.090178 0.090311  0.000727
-0.099505 -0.099397 -0.099246  -0.000990
-0.188131 -0.187955 -0.187817  -0.006673
-0.267539 -0.267406 -0.267264  -0.019180
-0.335739 -0.335602 -0.335464  -0.037891
-0.059121 -0.058984 -0.058832  -0.000208
-0.720770 -0.720632 -0.720489  -0.374668
-0.260952 -0.260819 -0.260686  -0.017797
-0.248838 -0.248710 -0.248602  -0.015428
-0.019150 -0.019013 -0.018884  -0.000007
-0.028510 -0.037795 -0.037676  -0.000024
-0.037090 -0.036739 -0.035574  -0.000056
-0.023737 -0.023604 -0.023494  -0.000014
0.021357 0.021476 0.021565  0.000010
0.030966 0.031062 0.031181  0.000029
0.039755 0.039884 0.040003  0.000062
0.050338 0.050476 0.050604  0.000127
0.059412 0.059517 0.059630  0.000209
0.069126 0.069264 0.069397  0.000328
0.077831 0.078006 0.078144  0.000469
0.086828 0.086942 0.087056  0.000652
0.096191 0.096320 0.096409  0.000888
0.002340 0.002448 0.002557  0.000000
-0.073191 -0.073058 -0.072915  -0.000394
-0.138393 -0.138265 -0.138123  -0.002659
-0.053914 -0.053781 -0.053668  -0.000158
-0.715889 -0.715756 -0.715614  -0.367110
-0.255549 -0.255426 -0.255284  -0.016716
-0.244280 -0.244182 -0.244049  -0.014601
-0.014431 -0.014327 -0.014233  -0.000003
-0.019149 -0.023738 -0.023609  -0.000007
-0.018963 -0.018821 -0.013777  -0.000011
0.000967 0.001100 0.001251  0.000000
0.027684 0.027826 0.027959  0.000021
0.038267 0.038379 0.038517  0.000055
0.047383 0.047521 0.047668  0.000105
0.057120 0.057253 0.057391  0.000185
0.066442 0.066521 0.066650  0.000292
0.075534 0.075691 0.075847  0.000428
0.083977 0.084090 0.084232  0.000589
0.094782 0.094925 0.095038  0.000848
-0.096277 -0.096148 -0.096036  -0.000896
-0.180886 -0.180753 -0.180634  -0.005930
-0.254945 -0.254798 -0.254684  -0.016593
-0.318944 -0.318840 -0.318721  -0.032481
-0.054547 -0.054418 -0.054262  -0.000164
-0.716976 -0.716896 -0.716777  -0.368748
-0.257779 -0.257679 -0.257571  -0.017151
-0.226247 -0.226125 -0.225992  -0.011601
0.004081 0.004181 0.004308  0.000000
0.018777 0.033607 0.033719  0.000006
0.058174 0.058307 0.083159  -0.000180
0.117914 0.118047 0.118195  0.001633
0.044474 0.044607 0.044745  0.000087
0.054966 0.055099 0.055317  0.000164
0.063935 0.064073 0.064220  0.000260
0.074172 0.074315 0.074427  0.000406
0.083454 0.083587 0.083720  0.000578
0.092149 0.092267 0.092409  0.000779
-0.098550 -0.098417 -0.098279  -0.000961
-0.087868 -0.087763 -0.087640  -0.000681
-0.077631 -0.077528 -0.077409  -0.000470
-0.144060 -0.143923 -0.143780  -0.002999
-0.201035 -0.200897 -0.200741  -0.008144
-0.246527 -0.246384 -0.246242  -0.015009
-0.036598 -0.036513 -0.036390  -0.000050
-0.697933 -0.697786 -0.697658  -0.340158
-0.238931 -0.238802 -0.238650  -0.013666
-0.227695 -0.227567 -0.227424  -0.011827
0.001585 0.002525 0.002628  0.000000
0.014488 0.027495 0.027598  0.000003
0.049831 0.049960 0.072576  -0.000134
0.103991 0.104096 0.104215  0.001121
0.040926 0.041073 0.041201  0.000068
0.051104 0.051223 0.051342  0.000133
0.060454 0.060568 0.060657  0.000220
0.070771 0.070855 0.070965  0.000353
0.080485 0.080604 0.080716  0.000519
0.089430 0.089568 0.089715  0.000712
0.098780 0.098874 0.098983  0.000961
-0.091488 -0.091364 -0.091217  -0.000769
-0.081124 -0.081014 -0.080886  -0.000536
-0.152401 -0.152277 -0.152144  -0.003549
-0.213132 -0.213024 -0.212900  -0.009698
-0.263861 -0.263728 -0.263606  -0.018396
-0.040649 -0.040536 -0.040389  -0.000068
-0.703407 -0.703279 -0.703136  -0.348244
-0.275437 -0.275147 -0.275009  -0.020927
-0.263318 -0.263167 -0.263077  -0.018276
-0.034371 -0.034252 -0.034124  -0.000041
-0.058297 -0.082090 -0.081957  -0.000201
-0.095464 -0.095354 -0.108499  -0.000460
-0.111625 -0.111478 -0.111340  -0.001396
0.006858 0.006947 0.007090  0.000000
0.016467 0.016600 0.016685  0.000004
0.025969 0.026111 0.026210  0.000017
0.036470 0.036603 0.036750  0.000048
0.046294 0.046373 0.046502  0.000098
0.055480 0.055594 0.055728  0.000170
0.064806 0.064934 0.065033  0.000271
0.074429 0.074567 0.074691  0.000410
0.083209 0.083323 0.083428  0.000574
0.175767 0.175891 0.176019  0.005418
0.078297 0.078425 0.078572  0.000477
-0.009124 -0.008995 -0.008876  -0.000001
-0.076952 -0.076842 -0.076720  -0.000458
-0.737974 -0.737845 -0.737708  -0.402129
-0.278820 -0.278701 -0.278563  -0.021708
-0.265995 -0.265895 -0.265757  -0.018849
-0.036373 -0.036264 -0.036136  -0.000049
-0.062724 -0.088971 -0.088847  -0.000250
-0.104706 -0.104606 -0.120142  -0.000558
-0.126785 -0.126671 -0.126533  -0.002045
0.003674 0.003798 0.003931  0.000000
0.016775 0.016879 0.017012  0.000005
0.027214 0.027347 0.027457  0.000020
0.037507 0.037612 0.037741  0.000052
0.046534 0.046663 0.046757  0.000100
0.056557 0.056695 0.056832  0.000180
0.065815 0.066323 0.066456  0.000283
0.076289 0.076408 0.076545  0.000442
0.084176 0.084295 0.084414  0.000594
0.177550 0.177702 0.177853  0.005583
0.079623 0.079703 0.079836  0.000502
-0.010483 -0.010374 -0.010231  -0.000001
-0.081872 -0.081748 -0.081615  -0.000551
-0.745459 -0.745350 -0.745207  -0.414496
-0.285284 -0.285142 -0.284995  -0.023254
-0.273665 -0.273528 -0.273409  -0.020522
-0.043555 -0.043413 -0.043280  -0.000083
-0.078069 -0.111483 -0.111341  -0.000481
-0.135804 -0.135725 -0.159842  -0.000921
-0.173771 -0.173638 -0.173501  -0.005260
-0.004054 -0.003935 -0.003807  -0.000000
0.006714 0.006847 0.006951  0.000000
0.016376 0.016481 0.016603  0.000004
0.025487 0.025616 0.025749  0.000016
0.034926 0.035054 0.035183  0.000042
0.043161 0.043313 0.043427  0.000080
0.052410 0.052515 0.052639  0.000143
0.062547 0.062685 0.062813  0.000243
0.071303 0.071422 0.071521  0.000361
0.150769 0.150893 0.151030  0.003418
0.239234 0.239318 0.239423  0.013674
0.337653 0.337743 0.337857  0.038457
-0.092322 -0.092198 -0.092084  -0.000790
-0.753580 -0.753452 -0.753347  -0.428124
-0.292879 -0.292742 -0.292613  -0.025156
-0.281716 -0.281525 -0.281407  -0.022386
-0.051928 -0.051814 -0.051700  -0.000141
-0.093435 -0.134803 -0.134700  -0.000821
-0.166629 -0.166540 -0.198157  -0.001465
-0.220653 -0.220543 -0.220434  -0.010759
-0.013142 -0.013009 -0.012867  -0.000002
-0.003664 -0.003547 -0.003419  -0.000000
0.007131 0.007263 0.007382  0.000000
0.016925 0.017063 0.017201  0.000005
0.026141 0.026265 0.026403  0.000018
0.035391 0.035496 0.035619  0.000044
0.045091 0.045238 0.045376  0.000091
0.054625 0.055071 0.055246  0.000161
0.064168 0.064311 0.064425  0.000263
0.136366 0.136485 0.136600  0.002529
0.218603 0.218715 0.218862  0.010425
0.309706 0.309839 0.309977  0.029667
0.099795 0.099880 -0.099996  0.002990
-0.760715 -0.760577 -0.760444  -0.440447
-0.300564 -0.300470 -0.300346  -0.027186
-0.288613 -0.288484 -0.288400  -0.024062
-0.059257 -0.059119 -0.059019  -0.000209
-0.108307 -0.157228 -0.157072  -0.001282
-0.196450 -0.196340 -0.235016  -0.002170
-0.263418 -0.263275 -0.263147  -0.018305
-0.018915 -0.018806 -0.018712  -0.000007
-0.009334 -0.009229 -0.009106  -0.000001
0.000646 0.000770 0.000850  0.000000
0.012152 0.012285 0.012418  0.000002
0.021236 0.021341 0.021469  0.000009
0.030884 0.031003 0.031122  0.000029
0.040210 0.040327 0.040460  0.000064
0.049919 0.050008 0.050127  0.000124
0.057821 0.057954 0.058073  0.000192
0.125010 0.125133 0.125266  0.001947
0.202069 0.202202 0.202335  0.008235
0.290058 0.290172 0.290300  0.024371
0.097432 0.097560 0.097712  0.000921
-0.763865 -0.763727 -0.763594  -0.445939
-0.303990 -0.303876 -0.303743  -0.028129
-0.292636 -0.292526 -0.292432  -0.025084
-0.061965 -0.061852 -0.061710  -0.000240
-0.113263 -0.164414 -0.164271  -0.001465
-0.205974 -0.205846 -0.247179  -0.002359
-0.327649 -0.327378 -0.327289  -0.035203
-0.066411 -0.066259 -0.066135  -0.000295
-0.056417 -0.056337 -0.056218  -0.000181
-0.047272 -0.047149 -0.047025  -0.000106
-0.037065 -0.036932 -0.036785  -0.000052
-0.027478 -0.027389 -0.027274  -0.000021
-0.017607 -0.017499 -0.017390  -0.000006
-0.008183 -0.008050 -0.007917  -0.000001
0.002424 0.002527 0.002632  0.000000
0.012783 0.012911 0.012996  0.000002
0.034966 0.035081 0.035184  0.000042
0.066789 0.066922 0.067030  0.000296
0.107020 0.107124 0.107238  0.001222
0.049363 0.049457 0.049571  0.000119
-0.613206 -0.613105 -0.612972  -0.230728
-0.154663 -0.154558 -0.154425  -0.003709
-0.142398 -0.142285 -0.142147  -0.002896
0.088077 0.088219 0.088338  0.000680
0.185721 0.283470 0.283564  0.006383
0.189657 0.189742 0.096450  0.012756
0.012574 0.012707 0.012863  0.000002
-0.074319 -0.073877 -0.073754  -0.000413
-0.064390 -0.064301 -0.064177  -0.000269
-0.053718 -0.053590 -0.053482  -0.000156
-0.044474 -0.044331 -0.044189  -0.000089
-0.035182 -0.035054 -0.034944  -0.000044
-0.025354 -0.025221 -0.025078  -0.000017
-0.016119 -0.016005 -0.015897  -0.000004
-0.007126 -0.007003 -0.006865  -0.000000
0.002394 0.002508 0.002632  0.000000
0.015578 0.015721 0.015858  0.000004
0.037643 0.037771 0.037895  0.000053
0.069010 0.069118 0.069260  0.000327
0.041593 0.041687 0.041801  0.000071
-0.620520 -0.620383 -0.620245  -0.239088
-0.160565 -0.160465 -0.160346  -0.004149
-0.148124 -0.147996 -0.147869  -0.003258
0.081830 0.081967 0.082080  0.000546
0.173507 0.265277 0.265406  0.005196
0.165886 0.165984 0.066806  0.008840
-0.023442 -0.023323 -0.023209  -0.000013
-0.080267 -0.080187 -0.080073  -0.000519
-0.069766 -0.069628 -0.069490  -0.000342
-0.058648 -0.058505 -0.058396  -0.000203
-0.049062 -0.048929 -0.048800  -0.000119
-0.038834 -0.038717 -0.038589  -0.000059
-0.029851 -0.029737 -0.029648  -0.000027
-0.019862 -0.019777 -0.019668  -0.000008
-0.010005 -0.009867 -0.009755  -0.000001
-0.000368 -0.000244 -0.000130  -0.000000
0.010786 0.010910 0.011053  0.000001
0.031613 0.031722 0.031825  0.000031
0.061445 0.061578 0.061672  0.000231
0.038285 0.038428 0.038570  0.000055
-0.623836 -0.623747 -0.623618  -0.242929
-0.163378 -0.163245 -0.163098  -0.004373
-0.151906 -0.151782 -0.151673  -0.003513
0.079054 0.079158 0.079300  0.000491
0.167760 0.256599 0.256741  0.004693
0.354990 0.355091 0.453725  -0.003898
0.361424 0.361527 0.361660  0.047159
-0.082825 -0.082687 -0.082550  -0.000571
-0.072375 -0.072238 -0.072100  -0.000381
-0.062367 -0.062253 -0.062140  -0.000244
-0.052567 -0.052482 -0.052368  -0.000146
-0.044096 -0.043958 -0.043854  -0.000086
-0.034486 -0.034353 -0.034234  -0.000041
-0.024483 -0.024345 -0.024202  -0.000015
-0.015542 -0.015432 -0.015338  -0.000004
-0.006235 -0.006155 -0.006026  -0.000000
-0.002671 -0.002547 -0.002400  -0.000000
0.012135 0.012268 0.012410  0.000002
0.035792 0.035925 0.036019  0.000045
0.032991 0.033119 0.033248  0.000035
-0.629571 -0.629492 -0.629340  -0.249717
-0.169782 -0.169653 -0.169545  -0.004903
-0.157873 -0.157749 -0.157612  -0.003945
0.071487 0.071602 0.071739  0.000363
0.152219 0.233075 0.233208  0.003505
0.322070 0.322198 0.411416  -0.002781
0.510641 0.510770 0.510917  0.133037
-0.091397 -0.091278 -0.091159  -0.000766
-0.081113 -0.080999 -0.080891  -0.000536
-0.071612 -0.071446 -0.071342  -0.000369
-0.062496 -0.062372 -0.062297  -0.000245
-0.052468 -0.052340 -0.052251  -0.000145
-0.042351 -0.042247 -0.042138  -0.000077
-0.033458 -0.033353 -0.033239  -0.000038
-0.024868 -0.024763 -0.024658  -0.000016
-0.014921 -0.014802 -0.014712  -0.000003
-0.019924 -0.019805 -0.019686  -0.000008
-0.013846 -0.013671 -0.013561  -0.000003
0.001509 0.001637 0.001761  0.000000
0.026274 0.026417 0.026545  0.000018
-0.635587 -0.635473 -0.635354  -0.256903
-0.175389 -0.175309 -0.175190  -0.005406
-0.162641 -0.162522 -0.162398  -0.004312
0.067086 0.067223 0.067350  0.000300
0.143610 0.220248 0.220377  0.002943
0.306942 0.307080 0.393996  -0.003286
0.491775 0.491913 0.492051  0.118832
-0.092299 -0.092152 -0.092009  -0.000790
-0.082300 -0.082176 -0.082066  -0.000560
-0.072647 -0.072553 -0.072448  -0.000385
0.093733 0.093964 0.094079  0.000820
-0.095397 -0.095264 -0.095163  -0.000871
-0.084937 -0.084818 -0.084725  -0.000615
-0.075845 -0.075712 -0.075583  -0.000438
-0.066315 -0.066182 -0.066045  -0.000293
-0.056872 -0.056763 -0.056648  -0.000185
-0.105082 -0.104955 -0.104831  -0.001164
-0.142768 -0.142654 -0.142526  -0.002918
-0.170284 -0.170151 -0.170018  -0.004949
-0.018252 -0.018138 -0.018049  -0.000006
-0.679644 -0.679543 -0.679415  -0.314116
-0.219132 -0.219043 -0.218924  -0.010540
-0.207462 -0.207319 -0.207181  -0.008947
0.022094 0.022232 0.022350  0.000011
0.052978 0.083985 0.084074  0.000147
0.123690 0.123823 0.163790  -0.000603
0.214377 0.214510 0.214657  0.009832
0.060154 0.060278 0.060386  0.000216
0.069370 0.069464 0.069574  0.000332
0.079444 0.079563 0.079673  0.000499
0.088282 0.088390 0.088518  0.000685
0.098195 0.098328 0.098480  0.000942
-0.092808 -0.092698 -0.092579  -0.000802
-0.083980 -0.083837 -0.083734  -0.000594
-0.074137 -0.074043 -0.073910  -0.000410
-0.064708 -0.064570 -0.064428  -0.000273
-0.119455 -0.119337 -0.119190  -0.001711
-0.163587 -0.163470 -0.163351  -0.004387
-0.196791 -0.196697 -0.196583  -0.007634
-0.023721 -0.023593 -0.023471  -0.000014
-0.685896 -0.685763 -0.685673  -0.322807
-0.226206 -0.226068 -0.225963  -0.011591
-0.214197 -0.214055 -0.213931  -0.009844
0.014243 0.014380 0.014499  0.000003
0.038082 0.062011 0.062120  0.000054
0.094298 0.094378 0.126883  -0.000364
0.166967 0.167095 0.167228  0.004644
0.048361 0.048485 0.048599  0.000112
0.056040 0.056140 0.056302  0.000174
0.064532 0.064630 0.064754  0.000267
0.074089 0.074207 0.074340  0.000404
0.083722 0.083865 0.083984  0.000584
0.091354 0.091469 0.091558  0.000760
-0.099581 -0.099462 -0.099359  -0.000991
-0.089269 -0.089136 -0.089014  -0.000714
-0.079826 -0.079693 -0.079564  -0.000511
-0.149426 -0.149316 -0.149197  -0.003344
-0.208912 -0.208812 -0.208660  -0.009138
-0.258243 -0.258124 -0.257987  -0.017250
-0.039024 -0.038881 -0.038764  -0.000060
-0.701359 -0.701226 -0.701128  -0.345147
-0.241247 -0.241105 -0.240972  -0.014064
-0.229187 -0.229058 -0.228920  -0.012060
0.000426 0.000568 0.000711  -0.000000
0.012785 0.025268 0.025362  0.000002
0.046132 0.046270 0.067399  -0.000109
0.097897 0.098002 0.098101  0.000935
0.040473 0.040586 0.040724  0.000066
0.050092 0.050202 0.050330  0.000125
0.058944 0.059042 0.059161  0.000204
0.067513 0.067623 0.067756  0.000306
0.077134 0.077267 0.077404  0.000456
0.085567 0.085647 0.085766  0.000624
0.093744 0.093873 0.093996  0.000821
-0.098647 -0.098525 -0.098406  -0.000963
-0.089564 -0.089470 -0.089351  -0.000721
-0.170509 -0.170410 -0.170287  -0.004968
-0.241604 -0.241508 -0.241410  -0.014120
-0.302847 -0.302700 -0.302553  -0.027816
-0.051485 -0.051362 -0.051258  -0.000137
-0.714765 -0.714617 -0.714489  -0.365361
-0.254619 -0.254519 -0.254386  -0.016533
-0.243692 -0.243550 -0.243407  -0.014497
-0.014578 -0.014479 -0.014369  -0.000003
-0.018682 -0.022688 -0.022578  -0.000007
-0.016557 -0.016424 -0.010008  -0.000008
0.005050 0.005159 0.005253  0.000000
0.023781 0.023889 0.024013  0.000013
0.032963 0.033096 0.033234  0.000035
0.041298 0.041406 0.041520  0.000070
0.050447 0.050557 0.050655  0.000128
0.059616 0.059724 0.059843  0.000211
0.070450 0.070587 0.070730  0.000348
0.079533 0.079657 0.079765  0.000501
0.088801 0.088939 0.089058  0.000697
0.098003 0.098117 0.098216  0.000938
0.005052 0.005137 0.005256  0.000000
-0.077498 -0.077385 -0.077276  -0.000467
-0.149163 -0.149030 -0.148892  -0.003328
-0.062178 -0.062045 -0.061931  -0.000242
-0.725219 -0.725096 -0.724992  -0.381587
-0.265098 -0.264955 -0.264832  -0.018656
-0.253530 -0.253397 -0.253264  -0.016322
-0.023065 -0.022932 -0.022799  -0.000012
-0.036467 -0.049736 -0.049575  -0.000050
-0.052661 -0.052263 -0.054671  -0.000125
-0.047982 -0.047844 -0.047734  -0.000111
0.015864 0.015987 0.016072  0.000004
0.024325 0.024426 0.024520  0.000014
0.033399 0.033518 0.033626  0.000037
0.042592 0.042686 0.042810  0.000077
0.051309 0.051419 0.051528  0.000134
0.059103 0.059222 0.059336  0.000205
0.066602 0.066726 0.066819  0.000294
0.075823 0.075933 0.076080  0.000433
0.026549 0.026786 0.026900  0.000018
0.061390 0.061509 0.061603  0.000230
0.103868 0.103977 0.104104  0.001116
0.153810 0.153900 0.154023  0.003630
0.057684 0.057774 0.057897  0.000191
-0.606796 -0.606672 -0.606558  -0.223549
-0.149438 -0.149354 -0.149235  -0.003345
-0.139157 -0.139048 -0.138934  -0.002701
0.088742 0.088852 0.088994  0.000695
0.185335 0.282060 0.282151  0.006344
0.184079 0.184170 0.086336  0.011841
-0.006213 -0.006147 -0.006057  -0.000000
-0.086337 -0.086260 -0.086185  -0.000645
-0.080412 -0.080331 -0.080265  -0.000521
-0.074915 -0.074838 -0.074768  -0.000422
-0.069360 -0.069303 -0.069213  -0.000335
-0.063806 -0.063730 -0.063659  -0.000261
-0.058218 -0.058132 -0.058062  -0.000198
-0.053123 -0.053067 -0.052996  -0.000151
-0.047944 -0.047873 -0.047787  -0.000111
-0.042666 -0.042584 -0.042514  -0.000078
-0.079951 -0.079881 -0.079795  -0.000513
-0.111908 -0.111826 -0.111760  -0.001404
-0.138066 -0.138005 -0.137914  -0.002637
-0.020666 -0.020609 -0.020519  -0.000009
-0.687108 -0.687047 -0.686961  -0.324518
-0.231788 -0.231701 -0.231636  -0.012463
-0.224152 -0.224071 -0.224000  -0.011273
0.001538 0.001594 0.001689  0.000000
0.010465 0.019478 0.019544  0.000001
0.033751 0.033828 0.048248  -0.000035
0.068085 0.068155 0.068246  0.000314
0.024841 0.024912 0.024998  0.000015
0.030196 0.030267 0.030357  0.000027
0.035257 0.035333 0.035404  0.000044
0.040375 0.040441 0.040527  0.000065
0.045527 0.045588 0.045674  0.000094
0.050545 0.050611 0.050692  0.000129
0.055454 0.055535 0.055605  0.000170
0.060577 0.060638 0.060728  0.000221
0.065553 0.065614 0.065705  0.000281
0.136346 0.136427 0.136498  0.002531
0.212652 0.212718 0.212804  0.009605
0.293947 0.294028 0.294098  0.025380
0.086736 0.086822 0.086887  0.000651
-0.579352 -0.579275 -0.579200  -0.194534
-0.123751 -0.123674 -0.123604  -0.001898
-0.316144 -0.316067 -0.315996  -0.031619
-0.090174 -0.090108 -0.090022  -0.000735
-0.174808 -0.259356 -0.259290  -0.005355
-0.338156 -0.338065 -0.416704  -0.004947
-0.490173 -0.490087 -0.490021  -0.117821
-0.067682 -0.067596 -0.067530  -0.000311
-0.062136 -0.062075 -0.061989  -0.000241
-0.056872 -0.056791 -0.056725  -0.000185
-0.051824 -0.051759 -0.051673  -0.000140
-0.046542 -0.046460 -0.046390  -0.000101
-0.040716 -0.040655 -0.040564  -0.000068
-0.035437 -0.035356 -0.035286  -0.000045
-0.030181 -0.030116 -0.030029  -0.000028
-0.024745 -0.024689 -0.024598  -0.000015
-0.043965 -0.043899 -0.043808  -0.000086
-0.057470 -0.057409 -0.057323  -0.000191
-0.065515 -0.065438 -0.065368  -0.000282
-0.002719 -0.002637 -0.002567  -0.000000
-0.668297 -0.668232 -0.668145  -0.298591
-0.212990 -0.212929 -0.212843  -0.009674
-0.205194 -0.205133 -0.205047  -0.008650
0.020648 0.020704 0.020795  0.000009
0.046475 0.072359 0.072454  0.000099
0.103726 0.103802 0.135316  -0.000243
0.172304 0.172390 0.172451  0.005110
0.042466 0.042552 0.042618  0.000076
0.047921 0.047978 0.048068  0.000109
0.053068 0.053124 0.053215  0.000149
0.058019 0.058105 0.058171  0.000195
0.063018 0.063095 0.063165  0.000249
0.068223 0.068289 0.068354  0.000317
0.073316 0.073407 0.073473  0.000393
0.078259 0.078320 0.078406  0.000478
0.083439 0.083500 0.083591  0.000579
0.172176 0.172242 0.172333  0.005096
0.266448 0.266509 0.266580  0.018901
0.366230 0.366307 0.366377  0.049092
-0.094827 -0.094771 -0.094680  -0.000855
-0.760625 -0.760564 -0.760498  -0.440174
-0.305437 -0.305356 -0.305286  -0.028515
-0.297811 -0.297741 -0.297655  -0.026436
-0.072364 -0.072283 -0.072212  -0.000380
-0.139103 -0.205760 -0.205694  -0.002700
-0.266541 -0.266460 -0.327089  -0.002861
-0.382111 -0.382050 -0.381959  -0.055831
-0.049402 -0.049341 -0.049254  -0.000121
-0.043900 -0.043839 -0.043752  -0.000085
-0.038141 -0.038080 -0.037994  -0.000056
-0.032720 -0.032639 -0.032569  -0.000035
-0.027142 -0.027085 -0.026995  -0.000020
-0.021640 -0.021563 -0.021493  -0.000010
-0.015905 -0.015844 -0.015758  -0.000004
-0.010744 -0.010683 -0.010592  -0.000001
-0.005569 -0.005503 -0.005413  -0.000000
-0.005774 -0.005688 -0.005622  -0.000000
-0.000382 -0.000300 -0.000230  -0.000000
0.096740 0.097002 0.097067  0.000904
-0.095465 -0.095374 -0.095308  -0.000872
-0.761655 -0.761594 -0.761504  -0.442009
-0.306292 -0.306211 -0.306140  -0.028755
-0.298590 -0.298528 -0.298442  -0.026644
-0.073161 -0.073100 -0.073014  -0.000393
-0.140715 -0.208204 -0.208118  -0.002797
-0.270228 -0.270172 -0.332049  -0.002843
-0.388529 -0.388448 -0.388377  -0.058682
-0.050640 -0.050584 -0.050493  -0.000131
-0.044944 -0.044888 -0.044797  -0.000091
-0.039498 -0.039433 -0.039351  -0.000062
-0.034200 -0.034134 -0.034053  -0.000040
-0.028775 -0.028698 -0.028628  -0.000024
-0.023395 -0.023334 -0.023248  -0.000013
-0.018220 -0.018159 -0.018068  -0.000006
-0.012846 -0.012770 -0.012699  -0.000002
-0.007197 -0.007121 -0.007050  -0.000000
-0.008541 -0.008475 -0.008389  -0.000001
-0.004302 -0.004241 -0.004155  -0.000000
0.006265 0.006321 0.006412  0.000000
0.016106 0.016158 0.016254  0.000004
-0.650299 -0.650217 -0.650152  -0.275087
-0.195172 -0.195086 -0.195020  -0.007442
-0.187446 -0.187380 -0.187289  -0.006596
0.038058 0.038144 0.038210  0.000055
0.081395 0.124819 0.124885  0.000536
0.173630 0.173682 0.222640  -0.000562
0.277575 0.277652 0.277722  0.021370
0.060532 0.060593 0.060684  0.000221
0.065882 0.065964 0.066034  0.000285
0.071228 0.071314 0.071379  0.000360
0.076369 0.076451 0.076521  0.000444
0.081497 0.081558 0.081649  0.000539
0.086548 0.086635 0.086700  0.000647
0.091543 0.091634 0.091695  0.000766
0.096248 0.096330 0.096400  0.000890
-0.098500 -0.098444 -0.098348  -0.000958
-0.191152 -0.191086 -0.190996  -0.006994
-0.278003 -0.277947 -0.277856  -0.021507
-0.359178 -0.359096 -0.359030  -0.046362
-0.075530 -0.075444 -0.075383  -0.000432
-0.741601 -0.741531 -0.741440  -0.408010
-0.286346 -0.286285 -0.286215  -0.023496
-0.278736 -0.278659 -0.278589  -0.021672
-0.053259 -0.053198 -0.053107  -0.000152
-0.100941 -0.148541 -0.148476  -0.001033
-0.190792 -0.190731 -0.232834  -0.001261
-0.269549 -0.269473 -0.269402  -0.019600
-0.031109 -0.031023 -0.030957  -0.000030
-0.025644 -0.025558 -0.025497  -0.000017
-0.020166 -0.020075 -0.020014  -0.000008
-0.014797 -0.014711 -0.014650  -0.000003
-0.009237 -0.009176 -0.009090  -0.000001
-0.003840 -0.003759 -0.003688  -0.000000
0.002318 0.002379 0.002470  0.000000
0.008493 0.008574 0.008640  0.000001
0.014204 0.014265 0.014352  0.000003
0.033801 0.033887 0.033958  0.000038
0.058696 0.058778 0.058848  0.000201
0.088823 0.088899 0.088970  0.000699
0.035193 0.035254 0.035345  0.000043
-0.631174 -0.631093 -0.631023  -0.251532
-0.175805 -0.175749 -0.175658  -0.005442
-0.168123 -0.168062 -0.167971  -0.004760
0.057638 0.057714 0.057785  0.000191
0.120513 0.183453 0.183544  0.001741
0.251606 0.251688 0.319993  -0.000894
0.393692 0.393753 0.393839  0.060979
0.079119 0.079191 0.079267  0.000494
0.084376 0.084441 0.084527  0.000599
0.089242 0.089328 0.089389  0.000709
0.094071 0.094127 0.094218  0.000830
0.099146 0.099227 0.099293  0.000973
-0.095551 -0.095465 -0.095395  -0.000874
-0.089788 -0.089732 -0.089641  -0.000726
-0.084433 -0.084356 -0.084286  -0.000603
-0.078969 -0.078883 -0.078817  -0.000494
-0.152735 -0.152644 -0.152583  -0.003567
-0.221083 -0.221002 -0.220931  -0.010816
-0.283696 -0.283631 -0.283549  -0.022853
-0.057036 -0.056955 -0.056884  -0.000186
-0.723374 -0.723313 -0.723222  -0.378662
-0.268329 -0.268243 -0.268177  -0.019334
-0.260962 -0.260901 -0.260836  -0.017785
-0.035543 -0.035478 -0.035412  -0.000045
-0.065694 -0.095789 -0.095698  -0.000286
-0.120205 -0.120139 -0.144403  -0.000460
-0.163147 -0.163081 -0.162995  -0.004349
-0.013342 -0.013265 -0.013194  -0.000002
-0.008067 -0.007976 -0.007905  -0.000001
-0.002450 -0.002394 -0.002303  -0.000000
0.003432 0.003493 0.003559  0.000000
0.009322 0.009403 0.009474  0.000001
0.015171 0.015228 0.015298  0.000003
0.020569 0.020650 0.020720  0.000009
0.026038 0.026103 0.026189  0.000017
0.031331 0.031388 0.031478  0.000030
0.068165 0.068235 0.068326  0.000315
0.110381 0.110442 0.110528  0.001342
0.157891 0.157972 0.158038  0.003931
0.053079 0.053140 0.053226  0.000149
-0.613155 -0.613090 -0.613003  -0.230619
-0.157379 -0.157293 -0.157227  -0.003903
-0.277584 -0.277428 -0.277342  -0.021409
-0.050088 -0.050007 -0.049941  -0.000126
-0.094602 -0.139060 -0.138965  -0.000852
-0.177968 -0.177907 -0.216662  -0.001097
-0.249865 -0.249783 -0.249717  -0.015612
-0.027396 -0.027315 -0.027245  -0.000021
-0.021927 -0.021841 -0.021780  -0.000011
-0.016501 -0.016435 -0.016353  -0.000005
-0.011155 -0.011074 -0.011003  -0.000001
-0.005833 -0.005752 -0.005681  -0.000000
-0.000511 -0.000430 -0.000359  -0.000000
0.006039 0.006105 0.006191  0.000000
0.011613 0.011674 0.011745  0.000002
0.016987 0.017043 0.017134  0.000005
0.039258 0.039324 0.039410  0.000060
0.067177 0.067268 0.067333  0.000302
0.100405 0.100461 0.100552  0.001009
0.038578 0.038644 0.038730  0.000057
-0.627717 -0.627656 -0.627570  -0.247441
-0.172349 -0.172273 -0.172198  -0.005126
-0.164495 -0.164439 -0.164368  -0.004457
0.060824 0.060885 0.060971  0.000224
0.126813 0.192864 0.192950  0.002030
0.264227 0.264317 0.335832  -0.000963
0.412921 0.412982 0.413068  0.070361
0.082221 0.082282 0.082368  0.000554
0.087969 0.088050 0.088121  0.000679
0.093286 0.093368 0.093433  0.000810
0.098329 0.098386 0.098452  0.000949
-0.096752 -0.096691 -0.096601  -0.000908
-0.091183 -0.091122 -0.091052  -0.000760
-0.085620 -0.085539 -0.085468  -0.000629
-0.080261 -0.080184 -0.080114  -0.000518
-0.074939 -0.074862 -0.074787  -0.000422
-0.144621 -0.144551 -0.144460  -0.003030
-0.208414 -0.208328 -0.208267  -0.009061
-0.266200 -0.266139 -0.266048  -0.018883
-0.052090 -0.052014 -0.051943  -0.000142
-0.718514 -0.718433 -0.718367  -0.371044
-0.263003 -0.262937 -0.262851  -0.018210
-0.255206 -0.255145 -0.255054  -0.016639
-0.029626 -0.029560 -0.029474  -0.000026
-0.053684 -0.077660 -0.077594  -0.000156
-0.095855 -0.095789 -0.113832  -0.000285
-0.126472 -0.126396 -0.126325  -0.002026
-0.007347 -0.007261 -0.007195  -0.000000
-0.002186 -0.002100 -0.002039  -0.000000
0.003710 0.003776 0.003862  0.000000
0.009667 0.009728 0.009815  0.000001
0.015169 0.015230 0.015316  0.000003
0.020734 0.020800 0.020865  0.000009
0.026264 0.026325 0.026411  0.000018
0.031310 0.031392 0.031462  0.000030
0.036884 0.036941 0.037032  0.000050
0.079019 0.079105 0.079175  0.000492
0.126472 0.126528 0.126624  0.002018
0.179194 0.179259 0.179346  0.005746
0.057930 0.058016 0.058081  0.000194
-0.607716 -0.607630 -0.607569  -0.224509
-0.152281 -0.152200 -0.152129  -0.003536
-0.144403 -0.144347 -0.144256  -0.003017
0.080925 0.081011 0.081081  0.000529
0.167029 0.253215 0.253281  0.004647
0.344746 0.344807 0.436486  -0.001191
0.533956 0.534021 0.534103  0.152166
-0.097337 -0.097275 -0.097185  -0.000925
-0.091360 -0.091274 -0.091213  -0.000764
-0.085768 -0.085707 -0.085616  -0.000633
-0.080635 -0.080569 -0.080483  -0.000526
-0.075210 -0.075128 -0.075058  -0.000427
-0.069893 -0.069816 -0.069745  -0.000342
-0.064513 -0.064447 -0.064361  -0.000270
-0.059092 -0.059006 -0.058945  -0.000207
-0.054083 -0.054007 -0.053936  -0.000159
-0.103062 -0.102992 -0.102901  -0.001098
-0.146336 -0.146275 -0.146184  -0.003139
-0.184017 -0.183935 -0.183865  -0.006238
-0.032088 -0.032027 -0.031936  -0.000033
-0.698360 -0.698304 -0.698213  -0.340728
-0.242110 -0.242023 -0.241958  -0.014203
-0.234465 -0.234413 -0.234318  -0.012905
-0.009259 -0.009193 -0.009111  -0.000001
-0.013057 -0.016800 -0.016725  -0.000002
-0.014940 -0.014875 -0.012868  -0.000004
-0.005431 -0.005345 -0.005280  -0.000000
0.012812 0.012882 0.012968  0.000002
0.018134 0.018190 0.018281  0.000006
0.023550 0.023626 0.023697  0.000013
0.029037 0.029128 0.029189  0.000024
0.034132 0.034193 0.034280  0.000039
0.039515 0.039606 0.039667  0.000061
0.044629 0.044685 0.044776  0.000088
0.049533 0.049610 0.049680  0.000121
0.054717 0.054803 0.054869  0.000163
0.114534 0.114591 0.114686  0.001499
0.179867 0.179933 0.180014  0.005811
0.250195 0.250272 0.250342  0.015648
0.075370 0.075456 0.075521  0.000427
-0.590424 -0.590338 -0.590276  -0.205886
-0.134617 -0.134552 -0.134466  -0.002444
-0.126916 -0.126835 -0.126764  -0.002048
0.098526 0.098612 0.098678  0.000955
0.002129 -0.094203 -0.094117  -0.000002
-0.184971 -0.184910 -0.275530  0.008266
-0.360781 -0.360720 -0.360639  -0.046992
-0.005518 -0.005375 -0.005289  -0.000000
0.000065 0.000131 0.000217  -0.000000
0.007532 0.007621 0.007712  0.000000
0.012929 0.013010 0.013081  0.000002
0.018209 0.018279 0.018360  0.000006
0.023563 0.023635 0.023711  0.000013
0.028928 0.029014 0.029075  0.000024
0.034065 0.034151 0.034217  0.000039
0.039454 0.039515 0.039601  0.000061
0.083987 0.084069 0.084139  0.000591
0.133763 0.133844 0.133910  0.002390
0.189125 0.189211 0.189277  0.006758
0.060808 0.060864 0.060959  0.000224
-0.605687 -0.605631 -0.605560  -0.222278
-0.150177 -0.150095 -0.150025  -0.003392
-0.142551 -0.142489 -0.142403  -0.002902
0.082854 0.082920 0.083006  0.000567
0.171201 0.259605 0.259695  0.005000
0.353748 0.353804 0.448094  -0.001417
0.548001 0.548067 0.348148  0.286996
-0.093505 -0.093449 -0.093358  -0.000820
-0.087401 -0.087340 -0.087249  -0.000670
-0.081628 -0.081567 -0.081476  -0.000546
-0.076121 -0.076060 -0.075970  -0.000443
-0.070444 -0.070363 -0.070292  -0.000351
-0.065064 -0.065003 -0.064917  -0.000277
-0.059961 -0.059885 -0.059814  -0.000216
-0.054705 -0.054640 -0.054558  -0.000164
-0.049455 -0.049365 -0.049304  -0.000121
-0.093603 -0.093512 -0.093446  -0.000822
-0.132342 -0.132252 -0.132190  -0.002321
-0.165480 -0.165419 -0.165333  -0.004538
-0.027731 -0.027650 -0.027579  -0.000021
-0.693893 -0.693823 -0.693732  -0.334233
-0.238222 -0.238145 -0.238070  -0.013532
-0.230339 -0.230283 -0.230192  -0.012235
-0.004787 -0.004721 -0.004640  -0.000000
-0.004163 -0.003462 -0.003387  -0.000000
0.002769 0.002850 0.009233  -0.000001
0.021483 0.021545 0.021610  0.000010
0.017938 0.017999 0.018085  0.000006
0.023496 0.023577 0.023648  0.000013
0.028818 0.028894 0.028965  0.000024
0.033913 0.033969 0.034065  0.000039
0.038987 0.039064 0.039139  0.000059
0.043797 0.043874 0.043945  0.000084
0.048608 0.048669 0.048759  0.000114
0.053621 0.053673 0.053768  0.000153
0.058583 0.058653 0.058714  0.000200
0.122388 0.122458 0.122544  0.001829
0.191641 0.191732 0.191793  0.007032
0.266085 0.266146 0.266232  0.018821
0.079609 0.079670 0.079761  0.000503
-0.586322 -0.586261 -0.586174  -0.201650
-0.130891 -0.130810 -0.130744  -0.002246
-0.123199 -0.123108 -0.123047  -0.001873
-0.097837 -0.097780 -0.097690  -0.000939
-0.189938 -0.281974 -0.281888  -0.006873
-0.368564 -0.368508 -0.454951  -0.005942
-0.536086 -0.536030 -0.535939  -0.154143
-0.075463 -0.075406 -0.075311  -0.000431
-0.069937 -0.069856 -0.069785  -0.000343
-0.064620 -0.064534 -0.064473  -0.000271
-0.059146 -0.059065 -0.058999  -0.000208
-0.054065 -0.054000 -0.053914  -0.000159
-0.048621 -0.048531 -0.048469  -0.000115
-0.043398 -0.043337 -0.043246  -0.000082
-0.038172 -0.038090 -0.038020  -0.000056
-0.032768 -0.032707 -0.032616  -0.000035
-0.060362 -0.060296 -0.060205  -0.000221
-0.082411 -0.082345 -0.082264  -0.000561
-0.098797 -0.098716 -0.098645  -0.000966
-0.010698 -0.010632 -0.010551  -0.000001
-0.677332 -0.677245 -0.677180  -0.310835
-0.221696 -0.221626 -0.221544  -0.010908
-0.214018 -0.213957 -0.213871  -0.009815
0.011614 0.011695 0.011761  0.000002
0.028446 0.045339 0.045409  0.000023
0.067507 0.067568 0.089888  -0.000110
0.117687 0.117752 0.117834  0.001627
0.033163 0.033224 0.033315  0.000036
0.038788 0.038849 0.038940  0.000058
0.044024 0.044110 0.044176  0.000085
0.049266 0.049332 0.049418  0.000119
0.054270 0.054331 0.054422  0.000159
0.059373 0.059455 0.059520  0.000209
0.064548 0.064833 0.064971  0.000267
0.070340 0.070430 0.070491  0.000347
0.075776 0.075862 0.075923  0.000434
0.156721 0.156808 0.156878  0.003844
0.243103 0.243190 0.243255  0.014356
0.334987 0.335074 0.335139  0.037569
0.097405 0.097481 0.097552  0.000922
-0.768739 -0.768653 -0.768583  -0.454419
-0.313687 -0.313626 -0.313536  -0.030894
-0.305972 -0.305895 -0.305825  -0.028665
-0.080476 -0.080415 -0.080325  -0.000523
-0.155399 -0.230241 -0.230170  -0.003764
-0.299134 -0.299068 -0.367810  -0.003757
-0.430846 -0.430765 -0.430694  -0.080017
-0.057315 -0.057259 -0.057188  -0.000189
-0.051899 -0.051813 -0.051752  -0.000140
-0.046344 -0.046283 -0.046197  -0.000100
-0.040791 -0.040700 -0.040634  -0.000068
0.044162 0.044323 0.044389  0.000086
0.049673 0.049759 0.049825  0.000122
0.054791 0.054848 0.054939  0.000164
0.059833 0.059894 0.059980  0.000213
0.065017 0.065094 0.065164  0.000274
0.135319 0.135385 0.135471  0.002473
0.211245 0.211321 0.211392  0.009417
0.292522 0.292603 0.292674  0.025013
0.086347 0.086424 0.086494  0.000642
-0.579706 -0.579649 -0.579559  -0.194907
-0.124665 -0.124584 -0.124518  -0.001941
-0.316408 -0.316331 -0.316261  -0.031698
-0.090989 -0.090908 -0.090842  -0.000755
-0.176547 -0.262043 -0.261957  -0.005520
-0.341900 -0.341809 -0.421514  -0.005009
-0.495764 -0.495683 -0.495617  -0.121899
-0.069017 -0.068947 -0.068886  -0.000330
-0.063569 -0.063487 -0.063417  -0.000258
-0.058060 -0.058004 -0.057934  -0.000196
-0.052450 -0.052364 -0.052299  -0.000145
-0.047147 -0.047061 -0.046996  -0.000105
-0.041891 -0.041825 -0.041739  -0.000074
-0.036347 -0.036266 -0.036195  -0.000048
-0.030735 -0.030654 -0.030584  -0.000029
-0.025465 -0.025404 -0.025318  -0.000017
-0.045760 -0.045695 -0.045608  -0.000096
-0.060156 -0.060070 -0.060009  -0.000218
-0.068807 -0.068721 -0.068660  -0.000327
-0.002958 -0.002869 -0.002783  -0.000000
-0.668064 -0.667998 -0.667917  -0.298272
-0.212895 -0.212814 -0.212748  -0.009658
-0.205302 -0.205241 -0.205155  -0.008664
0.019965 0.020051 0.020112  0.000008
0.045661 0.071423 0.071513  0.000094
0.102364 0.102440 0.133529  -0.000233
0.170422 0.170499 0.170570  0.004944
0.042709 0.042795 0.042861  0.000078
0.048719 0.048780 0.048867  0.000115
0.053875 0.053936 0.054023  0.000156
0.058836 0.058912 0.058983  0.000203
0.063879 0.063935 0.064006  0.000260
0.069281 0.069358 0.069428  0.000332
0.074523 0.074589 0.074650  0.000413
0.079537 0.079598 0.079688  0.000501
0.084786 0.084873 0.084938  0.000608
