-0.497274 -0.263955 -0.262272 -0.261466  -0.105441
-0.065382 2.901976 -0.262272 -0.261466  24.473022
-0.065382 6.218582 -0.262272 -0.261466  240.501091
-0.065382 9.831841 -0.262272 -0.361187  950.431612
-0.065382 13.558145 -0.262272 -0.361187  2492.328160
-0.065382 16.601183 -0.262272 -0.361187  4575.296962
-0.065382 19.597041 -0.262272 -0.460773  7526.228683
-0.065382 22.595740 -0.262272 -0.460773  11536.702104
-0.065382 25.685336 -0.262272 -0.560497  16945.734450
-0.065382 28.815875 -0.262272 -0.560497  23927.564569
-0.065382 32.227423 -0.362193 -0.660128  33471.880480
-0.065382 35.580483 -0.362193 -0.660128  45044.081846
-0.065382 38.953990 -0.362193 -0.660128  59109.509478
-0.065382 41.972274 -0.362193 -0.759705  73941.826414
-0.065382 44.912458 -0.362193 -0.759705  90594.523934
-0.065382 47.959245 -0.362193 -0.859430  110311.191416
-0.065382 50.941606 -0.362193 -0.859430  132196.334115
-0.065382 53.918010 -0.362193 -0.859430  156748.300904
-0.065382 56.916736 -0.362193 -0.859430  184383.073429
-0.065382 60.011048 -0.362193 -0.959087  216120.264365
-0.065382 63.259723 -0.362193 -0.959087  253152.944783
-0.065382 66.352894 -0.362193 -1.058762  292133.527021
-0.065382 69.445611 -0.362193 -1.158391  334916.426597
-0.065382 72.196427 -0.362193 -1.158391  376312.387532
-0.065382 75.336282 -0.362193 -1.158391  427576.454115
-0.065382 78.302411 -0.362193 -1.158391  480094.239287
-0.065382 81.218150 -0.362193 -1.258098  535748.417891
-0.065382 84.208773 -0.362193 -1.258098  597136.224889
-0.065382 87.171775 -0.362193 -1.357860  662413.542049
-0.065382 90.144450 -0.362193 -1.357860  732518.026245
-0.065382 93.129446 -0.362193 -1.357860  807722.584797
-0.065382 96.060849 -0.362193 -1.357860  886421.517815
-0.065382 99.014813 -0.362193 -1.357860  970736.667036
-0.065382 101.980080 -0.362193 -1.357860  1060588.398622
-0.065382 104.936796 -0.362193 -1.357860  1155537.798755
-0.065382 108.006378 -0.461940 -1.457304  1259938.397515
-0.065382 110.948717 -0.461940 -1.457304  1365738.868132
-0.065382 113.808021 -0.461940 -1.457304  1474074.278982
-0.065382 116.799846 -0.461940 -1.457304  1593409.895106
-0.065382 119.752940 -0.461940 -1.457304  1717352.168118
-0.065382 122.745439 -0.461940 -1.457304  1849340.214267
-0.065382 125.698058 -0.461940 -1.457304  1986032.498232
-0.065382 128.587600 -0.461940 -1.457304  2126169.435177
-0.065382 131.602815 -0.461940 -1.457304  2279271.552788
