-0.888226 -0.888003 -0.887837  -0.701155
-0.983749 -0.983518 -0.983394  -0.952395
-1.068127 -1.067971 -1.067847  -1.219046
-0.074403 -0.074198 -0.074108  -0.000413
-0.916212 -0.916103 -0.915993  -0.769385
-0.433807 -0.433709 -0.433594  -0.081702
-0.420665 -0.420556 -0.420427  -0.074509
-0.036665 -0.036570 -0.036437  -0.000050
-0.063402 -0.089997 -0.089859  -0.000258
-0.106583 -0.106441 -0.122795  -0.000565
-0.129924 -0.129791 -0.129676  -0.002199
0.002552 0.002681 0.002770  0.000000
0.021123 0.021236 0.021350  0.000009
0.031111 0.031230 0.031339  0.000030
0.042098 0.042254 0.042348  0.000074
0.051688 0.051777 0.051891  0.000137
0.061145 0.061278 0.061383  0.000227
0.070238 0.070366 0.070495  0.000345
0.079104 0.079260 0.079389  0.000493
0.088211 0.088315 0.088434  0.000684
0.185500 0.185670 0.185794  0.006370
0.092384 0.092503 0.092641  0.000785
0.007622 0.007760 0.007879  0.000000
-0.075001 -0.074877 -0.074763  -0.000424
-0.916236 -0.916108 -0.916004  -0.769430
-0.434819 -0.434686 -0.434553  -0.082285
-0.422782 -0.422677 -0.422558  -0.075634
-0.037372 -0.037282 -0.037173  -0.000053
-0.065945 -0.094424 -0.094287  -0.000290
-0.113017 -0.112909 -0.131280  -0.000620
-0.139841 -0.139733 -0.139619  -0.002741
0.001251 0.001366 0.001489  0.000000
0.012507 0.012626 0.012727  0.000002
0.021065 0.021184 0.021264  0.000009
0.030110 0.030218 0.030319  0.000027
0.038226 0.038320 0.038453  0.000055
0.047560 0.047679 0.047789  0.000107
0.057241 0.057346 0.057489  0.000186
0.065869 0.065979 0.066088  0.000284
0.074511 0.074639 0.074749  0.000412
0.158565 0.158694 0.158822  0.003977
0.251135 0.251268 0.251357  0.015822
0.351146 0.351260 0.351345  0.043266
-0.092736 -0.092656 -0.092537  -0.000801
-0.936164 -0.936064 -0.935940  -0.820781
-0.455424 -0.455287 -0.455177  -0.094528
-0.445374 -0.445289 -0.445165  -0.088417
-0.062171 -0.062066 -0.061934  -0.000242
-0.116919 -0.171543 -0.171433  -0.001608
-0.218217 -0.218137 -0.264618  -0.002242
-0.301915 -0.301777 -0.301706  -0.027539
-0.031325 -0.031260 -0.031173  -0.000031
-0.025496 -0.025415 -0.025344  -0.000017
-0.019766 -0.019700 -0.019614  -0.000008
-0.014145 -0.014074 -0.013988  -0.000003
-0.008818 -0.008752 -0.008671  -0.000001
-0.003549 -0.003468 -0.003398  -0.000000
0.003139 0.003225 0.003291  0.000000
0.009372 0.009433 0.009524  0.000001
0.015016 0.015107 0.015168  0.000003
0.035791 0.035857 0.035948  0.000045
0.062271 0.062332 0.062419  0.000240
0.094473 0.094534 0.094625  0.000841
0.037608 0.037689 0.037755  0.000053
-0.808110 -0.808029 -0.807963  -0.527859
-0.329448 -0.329392 -0.329301  -0.035786
-0.303882 -0.303812 -0.303726  -0.028086
0.077713 0.077774 0.077845  0.000468
0.160947 0.244242 0.244333  0.004153
0.332959 0.333021 0.421889  -0.001247
0.516508 0.516564 0.516635  0.137738
-0.099842 -0.099786 -0.099695  -0.000998
-0.093415 -0.093354 -0.093263  -0.000818
-0.087794 -0.087733 -0.087647  -0.000679
-0.082353 -0.082288 -0.082206  -0.000560
-0.076723 -0.076667 -0.076576  -0.000453
-0.071231 -0.071174 -0.071083  -0.000363
-0.066079 -0.066018 -0.065932  -0.000290
-0.060834 -0.060757 -0.060687  -0.000226
-0.055550 -0.055484 -0.055403  -0.000172
-0.105474 -0.105408 -0.105317  -0.001176
-0.149550 -0.149494 -0.149403  -0.003351
-0.187739 -0.187678 -0.187592  -0.006626
-0.032753 -0.032697 -0.032626  -0.000035
-0.878922 -0.878866 -0.878770  -0.679192
-0.399981 -0.399915 -0.399834  -0.064030
-0.391857 -0.391776 -0.391710  -0.060201
-0.010262 -0.010176 -0.010105  -0.000001
-0.015111 -0.019884 -0.019803  -0.000004
-0.018984 -0.018918 -0.017886  -0.000008
-0.011342 -0.011285 -0.011195  -0.000001
0.011823 0.011900 0.011970  0.000002
0.017563 0.017624 0.017710  0.000005
0.023060 0.023146 0.023207  0.000012
0.028681 0.028762 0.028828  0.000023
0.033694 0.033780 0.033846  0.000038
0.039026 0.039116 0.039182  0.000059
0.044011 0.044072 0.044163  0.000085
0.049006 0.049076 0.049162  0.000117
0.054048 0.054143 0.054204  0.000157
0.113181 0.113251 0.113342  0.001446
0.177814 0.177901 0.177966  0.005616
0.247762 0.247823 0.247914  0.015192
0.074971 0.075036 0.075118  0.000420
-0.771114 -0.771042 -0.770967  -0.458651
-0.433987 -0.433763 -0.433698  -0.081776
-0.425207 -0.425142 -0.425051  -0.076927
-0.043660 -0.043579 -0.043513  -0.000084
-0.081377 -0.119018 -0.118943  -0.000542
-0.150563 -0.150497 -0.181891  -0.000804
-0.207878 -0.207801 -0.207730  -0.008992
-0.020441 -0.020385 -0.020294  -0.000009
-0.015168 -0.015077 -0.015021  -0.000004
-0.010002 -0.009921 -0.009851  -0.000001
-0.004419 -0.004338 -0.004272  -0.000000
0.002426 0.002487 0.002573  0.000000
0.008521 0.008577 0.008668  0.000001
0.014294 0.014360 0.014446  0.000003
0.019705 0.019786 0.019852  0.000008
0.025108 0.025169 0.025255  0.000016
0.055382 0.055452 0.055539  0.000169
0.090924 0.090986 0.091076  0.000749
0.131632 0.131718 0.131779  0.002278
0.045646 0.045717 0.045803  0.000095
-0.800324 -0.800233 -0.800163  -0.512757
-0.321942 -0.321885 -0.321795  -0.033396
-0.313661 -0.313580 -0.313510  -0.030880
0.068228 0.068310 0.068380  0.000317
0.142012 0.215862 0.215948  0.002852
0.295156 0.295218 0.374664  -0.001150
0.459821 0.459907 0.459973  0.097181
0.090617 0.090698 0.090768  0.000742
0.096029 0.096090 0.096176  0.000883
-0.098934 -0.098873 -0.098782  -0.000971
-0.093076 -0.093000 -0.092929  -0.000808
-0.087189 -0.087124 -0.087038  -0.000665
-0.081669 -0.081587 -0.081517  -0.000546
-0.076114 -0.076052 -0.075966  -0.000442
-0.070735 -0.070659 -0.070588  -0.000355
-0.065432 -0.065371 -0.065285  -0.000281
-0.125491 -0.125404 -0.125334  -0.001980
-0.179520 -0.179434 -0.179368  -0.005792
-0.227743 -0.227682 -0.227591  -0.011826
-0.042902 -0.042840 -0.042750  -0.000079
-0.888458 -0.888397 -0.888307  -0.701527
-0.410214 -0.410158 -0.410067  -0.069075
-0.401957 -0.401896 -0.401810  -0.064986
-0.020642 -0.020565 -0.020495  -0.000009
-0.035976 -0.051224 -0.051158  -0.000047
-0.060927 -0.060866 -0.070423  -0.000102
-0.074557 -0.074496 -0.074405  -0.000416
0.001377 0.001443 0.001524  0.000000
0.007680 0.007766 0.007832  0.000000
0.013633 0.013710 0.013780  0.000002
0.019140 0.019221 0.019291  0.000007
0.024543 0.024604 0.024695  0.000015
0.029575 0.029636 0.029722  0.000026
0.034470 0.034561 0.034622  0.000041
0.039925 0.040006 0.040077  0.000063
0.045076 0.045133 0.045223  0.000091
0.095152 0.095213 0.095309  0.000859
0.150431 0.150496 0.150578  0.003399
0.211017 0.211099 0.211169  0.009387
0.065927 0.066013 0.066079  0.000286
-0.780412 -0.780326 -0.780265  -0.475416
-0.301759 -0.301698 -0.301607  -0.027503
-0.293697 -0.293626 -0.293570  -0.025348
0.087827 0.087918 0.087979  0.000676
0.180957 0.274148 0.274234  0.005906
0.372486 0.372572 0.471062  -0.001131
0.375116 0.375177 0.375268  0.052745
-0.091070 -0.091014 -0.090923  -0.000758
-0.084975 -0.084909 -0.084828  -0.000615
-0.079573 -0.079487 -0.079421  -0.000505
-0.074221 -0.074151 -0.074090  -0.000410
-0.068586 -0.068525 -0.068430  -0.000324
-0.063194 -0.063108 -0.063047  -0.000253
-0.058038 -0.057982 -0.057891  -0.000196
-0.052891 -0.052826 -0.052740  -0.000149
-0.047508 -0.047422 -0.047357  -0.000108
-0.089637 -0.089566 -0.089485  -0.000722
-0.126146 -0.126060 -0.125990  -0.002011
-0.156721 -0.156635 -0.156570  -0.003854
-0.025011 -0.024945 -0.024859  -0.000016
-0.871119 -0.871042 -0.870971  -0.661206
-0.392452 -0.392395 -0.392304  -0.060487
-0.384384 -0.384323 -0.384232  -0.056833
-0.003064 -0.002983 -0.002917  -0.000000
-0.000269 0.002587 0.002652  -0.000000
0.011376 0.011433 0.020370  -0.000005
0.035094 0.035155 0.035245  0.000043
0.019917 0.019974 0.020069  0.000008
0.025566 0.025653 0.025718  0.000017
0.030907 0.030993 0.031059  0.000029
0.035864 0.035925 0.036016  0.000046
0.041191 0.041252 0.041338  0.000069
0.046352 0.046417 0.046504  0.000099
0.051284 0.051375 0.051440  0.000134
0.056388 0.056454 0.056535  0.000179
0.061644 0.061705 0.061776  0.000233
0.128193 0.128263 0.128349  0.002102
0.200190 0.200271 0.200337  0.008015
0.277857 0.277913 0.278004  0.021431
0.082851 0.082907 0.082998  0.000567
-0.763143 -0.763061 -0.762991  -0.444567
-0.284623 -0.284557 -0.284471  -0.023078
-0.276437 -0.276376 -0.276310  -0.021140
-0.094836 -0.094780 -0.094709  -0.000855
-0.183967 -0.273042 -0.272946  -0.006248
-0.356656 -0.356575 -0.440038  -0.005499
-0.429470 -0.429304 -0.429218  -0.079261
0.016469 0.016525 0.016616  0.000004
0.021819 0.021875 0.021966  0.000010
0.027316 0.027382 0.027463  0.000020
0.032444 0.032505 0.032591  0.000034
0.037775 0.037836 0.037922  0.000054
0.042590 0.042646 0.042717  0.000077
0.047716 0.047802 0.047868  0.000108
0.052627 0.052683 0.052774  0.000145
0.057830 0.057895 0.057977  0.000193
0.120934 0.121005 0.121095  0.001765
0.189340 0.189422 0.189492  0.006780
0.263453 0.263510 0.263601  0.018267
0.079653 0.079729 0.079800  0.000504
-0.766217 -0.766127 -0.766056  -0.449962
-0.287845 -0.287763 -0.287693  -0.023867
-0.279791 -0.279730 -0.279639  -0.021924
-0.098338 -0.098277 -0.098191  -0.000953
-0.191174 -0.283934 -0.283863  -0.007004
-0.371249 -0.371168 -0.458331  -0.006021
-0.540267 -0.540201 -0.540120  -0.157769
-0.075703 -0.075632 -0.075576  -0.000435
-0.070277 -0.070191 -0.070126  -0.000348
-0.064837 -0.064775 -0.064689  -0.000274
-0.059477 -0.059400 -0.059330  -0.000211
-0.053657 -0.053571 -0.053505  -0.000155
-0.048249 -0.048188 -0.048097  -0.000113
-0.043070 -0.043013 -0.042923  -0.000080
-0.037339 -0.037278 -0.037188  -0.000052
-0.031975 -0.031905 -0.031823  -0.000033
-0.058567 -0.058481 -0.058415  -0.000202
-0.079504 -0.079443 -0.079352  -0.000504
-0.094978 -0.094901 -0.094831  -0.000859
-0.010241 -0.010185 -0.010094  -0.000001
-0.856548 -0.856487 -0.856401  -0.628617
-0.377834 -0.377773 -0.377687  -0.053976
-0.369705 -0.369629 -0.369558  -0.050561
0.011691 0.011752 0.011838  0.000002
0.028784 0.045959 0.046025  0.000023
0.068404 0.068465 0.091036  -0.000113
0.118808 0.118873 0.118959  0.001673
0.033140 0.033197 0.033287  0.000036
0.038932 0.038993 0.039079  0.000059
0.044235 0.044296 0.044387  0.000086
0.049115 0.049172 0.049263  0.000118
0.054129 0.054190 0.054281  0.000158
0.059280 0.059341 0.059432  0.000207
0.064521 0.064598 0.064673  0.000268
0.069730 0.069796 0.069882  0.000338
0.074896 0.074961 0.075047  0.000419
0.154809 0.154880 0.154970  0.003704
0.240466 0.240557 0.240618  0.013894
0.331559 0.331636 0.331706  0.036425
0.096354 0.096415 0.096506  0.000892
-0.949507 -0.949446 -0.949355  -0.856286
-0.470998 -0.470912 -0.470846  -0.104529
-0.462959 -0.462872 -0.462811  -0.099265
-0.081529 -0.081452 -0.081382  -0.000543
-0.157432 -0.233274 -0.233188  -0.003916
-0.303599 -0.303533 -0.373706  -0.003758
-0.438685 -0.438619 -0.438538  -0.084470
-0.058861 -0.058800 -0.058713  -0.000205
-0.053179 -0.053097 -0.053031  -0.000151
-0.047742 -0.047681 -0.047591  -0.000109
-0.042582 -0.042516 -0.042430  -0.000078
-0.037241 -0.037155 -0.037089  -0.000052
-0.031824 -0.031767 -0.031676  -0.000033
-0.026621 -0.026560 -0.026469  -0.000019
-0.021327 -0.021261 -0.021180  -0.000010
-0.015811 -0.015750 -0.015664  -0.000004
-0.026295 -0.026225 -0.026143  -0.000018
-0.031216 -0.031135 -0.031064  -0.000031
-0.030592 -0.030531 -0.030445  -0.000029
0.005813 0.005895 0.005961  0.000000
-0.840108 -0.840052 -0.839961  -0.593125
-0.361604 -0.361518 -0.361447  -0.047310
-0.353469 -0.353403 -0.353322  -0.044193
0.028017 0.028083 0.028169  0.000022
0.061057 0.094153 0.094244  0.000225
0.132230 0.132306 0.170530  -0.000331
0.214394 0.214480 0.214546  0.009846
0.049314 0.049375 0.049466  0.000119
0.055143 0.055229 0.055290  0.000167
0.060612 0.060698 0.060759  0.000222
0.065450 0.065541 0.065598  0.000280
0.071176 0.071247 0.071323  0.000359
0.076255 0.076337 0.076403  0.000442
0.081388 0.081458 0.081540  0.000537
0.086406 0.086477 0.086563  0.000643
0.091392 0.091453 0.091543  0.000761
0.187863 0.187953 0.188019  0.006623
0.089926 0.090008 0.090073  0.000726
-0.002674 -0.002593 -0.002527  -0.000000
-0.086003 -0.085921 -0.085851  -0.000638
-0.931693 -0.931602 -0.931536  -0.808928
-0.453196 -0.453130 -0.453044  -0.093134
-0.444944 -0.444883 -0.444797  -0.088139
-0.063463 -0.063386 -0.063316  -0.000256
-0.121394 -0.179259 -0.179193  -0.001795
-0.231475 -0.231389 -0.283454  -0.002017
-0.330105 -0.330040 -0.329949  -0.036001
-0.040292 -0.040215 -0.040145  -0.000066
-0.034765 -0.034704 -0.034634  -0.000042
-0.029321 -0.029244 -0.029174  -0.000025
0.051842 0.051984 0.052050  0.000139
0.057391 0.057477 0.057538  0.000188
0.062614 0.062670 0.062761  0.000244
0.067836 0.067917 0.067983  0.000311
0.073323 0.073405 0.073471  0.000393
0.078143 0.078213 0.078295  0.000476
0.161252 0.161318 0.161400  0.004187
0.249934 0.249995 0.250081  0.015597
0.344541 0.344622 0.344693  0.040875
-0.099953 -0.099892 -0.099801  -0.001001
-0.945315 -0.945259 -0.945168  -0.844997
-0.466720 -0.466639 -0.466569  -0.101711
-0.458335 -0.458259 -0.458183  -0.096330
-0.076560 -0.076483 -0.076412  -0.000450
-0.147431 -0.218241 -0.218155  -0.003217
-0.283697 -0.283620 -0.348929  -0.003165
-0.409039 -0.408962 -0.408892  -0.068473
-0.054284 -0.054218 -0.054132  -0.000161
-0.048882 -0.048796 -0.048731  -0.000117
-0.043304 -0.043233 -0.043152  -0.000082
-0.038091 -0.038010 -0.037944  -0.000056
-0.032244 -0.032162 -0.032092  -0.000034
-0.027172 -0.027111 -0.027016  -0.000020
-0.021817 -0.021731 -0.021665  -0.000010
-0.015993 -0.015912 -0.015841  -0.000004
-0.010741 -0.010676 -0.010590  -0.000001
-0.015910 -0.015824 -0.015754  -0.000004
-0.015443 -0.015377 -0.015296  -0.000004
-0.009611 -0.009550 -0.009459  -0.000001
0.011551 0.011633 0.011703  0.000002
-0.834452 -0.834370 -0.834300  -0.581184
-0.355836 -0.355771 -0.355685  -0.045089
-0.347598 -0.347533 -0.347447  -0.042030
0.033888 0.033958 0.034039  0.000039
0.073163 0.112524 0.112590  0.000389
0.157259 0.157336 0.202218  -0.000485
0.252361 0.252427 0.252513  0.016055
0.055507 0.055593 0.055659  0.000170
0.061332 0.061418 0.061483  0.000230
0.067095 0.067151 0.067242  0.000301
0.072279 0.072361 0.072426  0.000377
0.077227 0.077288 0.077379  0.000459
0.082164 0.082241 0.082316  0.000553
0.087126 0.087187 0.087273  0.000659
0.091908 0.091973 0.092039  0.000775
0.096826 0.096877 0.096973  0.000905
-0.001340 -0.001274 -0.001183  -0.000000
-0.092410 -0.092349 -0.092262  -0.000791
-0.177431 -0.177370 -0.177284  -0.005594
-0.079396 -0.079335 -0.079249  -0.000502
-0.925394 -0.925333 -0.925243  -0.792699
-0.446984 -0.446923 -0.446832  -0.089359
-0.439078 -0.439012 -0.438723  -0.084817
-0.057316 -0.057179 -0.057122  -0.000189
-0.109159 -0.160945 -0.160855  -0.001308
-0.207134 -0.207078 -0.253120  -0.001550
-0.293417 -0.293356 -0.293265  -0.025285
-0.034881 -0.034805 -0.034734  -0.000043
-0.029279 -0.029203 -0.029132  -0.000025
-0.023815 -0.023754 -0.023663  -0.000014
-0.018432 -0.018346 -0.018275  -0.000006
-0.013351 -0.013290 -0.013199  -0.000002
-0.007807 -0.007721 -0.007660  -0.000000
-0.002058 -0.002001 -0.001910  -0.000000
0.003890 0.003952 0.004042  0.000000
0.010095 0.010161 0.010242  0.000001
0.025772 0.025863 0.025929  0.000017
0.046806 0.046867 0.046948  0.000102
0.073274 0.073360 0.073425  0.000392
0.031619 0.031701 0.031771  0.000031
-0.814459 -0.814393 -0.814307  -0.540437
-0.335911 -0.335845 -0.335759  -0.037932
-0.327659 -0.327598 -0.327507  -0.035207
0.053928 0.053993 0.054079  0.000156
0.114282 0.174698 0.174789  0.001484
0.240321 0.240403 0.306173  -0.000928
0.377569 0.377655 0.377721  0.053798
0.076576 0.076662 0.076727  0.000448
0.082250 0.082311 0.082401  0.000555
0.087415 0.087481 0.087542  0.000667
0.092343 0.092429 0.092494  0.000786
0.097290 0.097351 0.097438  0.000918
-0.097549 -0.097483 -0.097397  -0.000931
-0.091811 -0.091734 -0.091663  -0.000776
-0.086421 -0.086356 -0.086265  -0.000647
-0.080639 -0.080583 -0.080487  -0.000526
-0.155910 -0.155844 -0.155758  -0.003796
-0.225351 -0.225285 -0.225199  -0.011457
-0.289148 -0.289066 -0.289001  -0.024191
-0.058209 -0.058153 -0.058062  -0.000198
-0.904401 -0.904345 -0.904254  -0.739970
-0.425825 -0.425764 -0.425678  -0.077260
-0.417758 -0.417697 -0.417606  -0.072955
-0.036542 -0.036461 -0.036395  -0.000049
-0.067406 -0.098213 -0.098118  -0.000309
-0.123338 -0.123252 -0.148226  -0.000492
-0.167763 -0.167682 -0.167611  -0.004728
-0.012872 -0.012816 -0.012725  -0.000002
-0.007442 -0.007366 -0.007295  -0.000000
-0.001915 -0.001854 -0.001768  -0.000000
0.003790 0.003871 0.003942  0.000000
0.009923 0.010004 0.010075  0.000001
0.016308 0.016389 0.016455  0.000004
0.021620 0.021681 0.021772  0.000010
-0.089624 -0.089486 -0.089421  -0.000721
-0.083543 -0.083477 -0.083391  -0.000585
-0.161461 -0.161395 -0.161304  -0.004216
-0.233588 -0.233507 -0.233441  -0.012756
-0.299956 -0.299890 -0.299804  -0.027011
-0.060396 -0.060330 -0.060244  -0.000221
-0.905845 -0.905763 -0.905693  -0.743468
-0.427353 -0.427292 -0.427201  -0.078097
-0.418954 -0.418888 -0.418802  -0.073581
-0.037847 -0.037790 -0.037699  -0.000055
-0.070035 -0.102166 -0.102071  -0.000346
-0.128430 -0.128364 -0.154476  -0.000547
-0.175137 -0.175076 -0.175010  -0.005378
-0.015112 -0.015061 -0.014961  -0.000004
-0.009744 -0.009657 -0.009592  -0.000001
-0.004317 -0.004256 -0.004170  -0.000000
0.002276 0.002353 0.002423  0.000000
0.008229 0.008315 0.008381  0.000001
0.013779 0.013850 0.013931  0.000003
0.019062 0.019144 0.019214  0.000007
0.024489 0.024570 0.024641  0.000015
0.029830 0.029916 0.029977  0.000026
0.064792 0.064862 0.064948  0.000271
0.105165 0.105242 0.105312  0.001161
0.150857 0.150918 0.150984  0.003429
0.050928 0.050989 0.051075  0.000131
-0.794942 -0.794881 -0.794795  -0.502513
-0.316541 -0.316475 -0.316384  -0.031744
-0.308284 -0.308218 -0.308132  -0.029324
0.073012 0.073099 0.073164  0.000388
0.151129 0.229307 0.229398  0.003437
0.313314 0.313400 0.397559  -0.001297
0.487533 0.487609 0.487680  0.115830
0.095870 0.095952 0.096017  0.000879
-0.098376 -0.098315 -0.098229  -0.000955
-0.092603 -0.092542 -0.092451  -0.000796
-0.087183 -0.087101 -0.087031  -0.000664
-0.081282 -0.081200 -0.081130  -0.000538
-0.075747 -0.075665 -0.075600  -0.000436
-0.070163 -0.070077 -0.070012  -0.000346
-0.065017 -0.064951 -0.064865  -0.000276
-0.059468 -0.059387 -0.059321  -0.000211
-0.113941 -0.113855 -0.113789  -0.001482
-0.162749 -0.162688 -0.162602  -0.004318
-0.206014 -0.205948 -0.205866  -0.008754
-0.037833 -0.037772 -0.037681  -0.000055
-0.884059 -0.883973 -0.883903  -0.691112
-0.405549 -0.405479 -0.405397  -0.066741
-0.397458 -0.397372 -0.397306  -0.062819
-0.016143 -0.016057 -0.015991  -0.000004
-0.027248 -0.038277 -0.038207  -0.000021
-0.043704 -0.043638 -0.048909  -0.000050
-0.048431 -0.048350 -0.048279  -0.000114
0.006222 0.006299 0.006369  0.000000
0.011539 0.011621 0.011691  0.000002
0.016903 0.016980 0.017051  0.000005
0.022340 0.022430 0.022491  0.000011
0.028136 0.028217 0.028283  0.000022
0.033140 0.033196 0.033287  0.000036
0.038548 0.038609 0.038675  0.000057
0.043651 0.043732 0.043798  0.000083
0.048736 0.048797 0.048888  0.000115
0.102386 0.102472 0.102799  0.001063
0.162483 0.162540 0.162677  0.004279
0.227849 0.227905 0.227996  0.011815
0.070484 0.070545 0.070636  0.000349
-0.775591 -0.775514 -0.775444  -0.466677
-0.297227 -0.297166 -0.297080  -0.026281
-0.288809 -0.288728 -0.288657  -0.024107
0.092725 0.092786 0.092872  0.000795
0.190401 0.288159 0.288230  0.006885
0.190987 0.191068 0.094047  0.013110
0.002624 0.002685 0.002771  0.000000
-0.085120 -0.085043 -0.084973  -0.000618
-0.079385 -0.079324 -0.079233  -0.000502
-0.074006 -0.073693 -0.073603  -0.000407
-0.068414 -0.068357 -0.068267  -0.000321
-0.063197 -0.063111 -0.063045  -0.000253
-0.057931 -0.057875 -0.057784  -0.000195
-0.052856 -0.052775 -0.052709  -0.000148
-0.047563 -0.047481 -0.047416  -0.000108
-0.042402 -0.042316 -0.042255  -0.000077
-0.079372 -0.079302 -0.079216  -0.000502
-0.110761 -0.110684 -0.110614  -0.001361
-0.136466 -0.136410 -0.136319  -0.002546
-0.020080 -0.020014 -0.019932  -0.000008
-0.866012 -0.865931 -0.865860  -0.649648
-0.387754 -0.387672 -0.387606  -0.058330
-0.379406 -0.379320 -0.379250  -0.054645
0.002071 0.002152 0.002218  0.000000
0.010379 0.018773 0.018844  0.000001
0.032489 0.032546 0.046414  -0.000031
0.065826 0.065903 0.065973  0.000284
0.024564 0.024620 0.024711  0.000015
0.030194 0.030255 0.030341  0.000027
0.035644 0.035700 0.035791  0.000045
0.041013 0.041094 0.041160  0.000069
0.046211 0.046293 0.046358  0.000098
0.051486 0.051577 0.051638  0.000136
0.056519 0.056600 0.056670  0.000180
0.061836 0.061917 0.061983  0.000236
0.066940 0.067001 0.067087  0.000299
0.139226 0.139296 0.139382  0.002694
0.216941 0.217023 0.217093  0.010200
0.183835 0.183987 0.184073  0.006204
-0.026044 -0.025953 -0.025862  -0.000018
-0.871713 -0.871647 -0.871561  -0.662597
-0.392990 -0.392924 -0.392843  -0.060731
-0.384791 -0.384709 -0.384644  -0.057003
-0.003508 -0.003422 -0.003356  -0.000000
-0.000457 0.002681 0.002747  -0.000000
0.011734 0.011791 0.020995  -0.000006
0.035730 0.035791 0.035882  0.000045
0.020043 0.020109 0.020195  0.000008
0.025332 0.025402 0.025484  0.000016
0.030862 0.030923 0.031009  0.000029
0.035971 0.036037 0.036123  0.000046
0.041244 0.041321 0.041392  0.000070
0.046529 0.046610 0.046681  0.000100
0.051993 0.052054 0.052145  0.000140
0.056974 0.057030 0.057121  0.000184
0.062048 0.062130 0.062196  0.000238
0.129244 0.129325 0.129391  0.002156
0.202459 0.202515 0.202606  0.008288
0.280991 0.281057 0.281123  0.022170
0.084114 0.084191 0.084261  0.000594
-0.761585 -0.761499 -0.761433  -0.441843
-0.282937 -0.282871 -0.282785  -0.022671
-0.474605 -0.474524 -0.474458  -0.106949
-0.092862 -0.092776 -0.092710  -0.000802
-0.180188 -0.267448 -0.267362  -0.005869
-0.349106 -0.349050 -0.430561  -0.005256
-0.506836 -0.506759 -0.506689  -0.130252
-0.070659 -0.070577 -0.070507  -0.000354
-0.065417 -0.065351 -0.065265  -0.000281
-0.060167 -0.060085 -0.060015  -0.000219
-0.055001 -0.054925 -0.054854  -0.000167
-0.049841 -0.049750 -0.049684  -0.000124
-0.044362 -0.044281 -0.044210  -0.000088
-0.038931 -0.038865 -0.038784  -0.000059
-0.033562 -0.033480 -0.033415  -0.000038
-0.028231 -0.028144 -0.028079  -0.000023
-0.050651 -0.050565 -0.050494  -0.000130
-0.067264 -0.067207 -0.067117  -0.000306
-0.078048 -0.077991 -0.077901  -0.000477
-0.005714 -0.005658 -0.005567  -0.000000
-0.851689 -0.851603 -0.851537  -0.617936
-0.373278 -0.373197 -0.373131  -0.052039
-0.365130 -0.365073 -0.364983  -0.048715
0.016447 0.016508 0.016599  0.000004
0.037908 0.059425 0.059520  0.000053
0.086221 0.086278 0.113222  -0.000168
0.145558 0.145644 0.145710  0.003080
0.037824 0.037901 0.037971  0.000054
0.043450 0.043531 0.043601  0.000082
0.048711 0.048767 0.048858  0.000115
0.053633 0.053715 0.053785  0.000154
0.058733 0.058789 0.058880  0.000202
0.063689 0.063775 0.063845  0.000257
0.068945 0.069011 0.069097  0.000326
0.074096 0.074157 0.074248  0.000405
0.079257 0.079327 0.079404  0.000496
0.163499 0.163565 0.163651  0.004364
0.253176 0.253237 0.253328  0.016211
0.348137 0.348223 0.348289  0.042170
-0.099484 -0.099418 -0.099332  -0.000987
-0.944809 -0.944727 -0.944657  -0.843585
-0.466356 -0.466275 -0.466204  -0.101473
-0.458023 -0.457962 -0.457876  -0.096140
-0.076308 -0.076247 -0.076156  -0.000446
-0.147157 -0.217944 -0.217853  -0.003200
-0.283111 -0.283050 -0.348064  -0.003201
-0.407406 -0.407320 -0.407255  -0.067654
-0.053635 -0.053569 -0.053508  -0.000155
-0.048196 -0.048110 -0.048044  -0.000112
-0.042760 -0.042678 -0.042608  -0.000079
-0.037272 -0.037190 -0.037120  -0.000052
-0.031651 -0.031560 -0.031499  -0.000032
-0.026210 -0.026149 -0.026063  -0.000018
-0.020760 -0.020699 -0.020608  -0.000009
-0.015391 -0.015330 -0.015239  -0.000004
-0.010155 -0.010078 -0.010008  -0.000001
-0.015026 -0.014940 -0.014869  -0.000003
-0.014407 -0.014346 -0.014255  -0.000003
-0.008723 -0.008662 -0.008596  -0.000001
0.010754 0.010824 0.010906  0.000001
-0.835359 -0.835273 -0.835207  -0.583071
-0.356876 -0.356815 -0.356724  -0.045487
-0.348430 -0.348349 -0.348278  -0.042326
0.033712 0.033768 0.033859  0.000038
0.072622 0.111588 0.111684  0.000379
0.155734 0.155820 0.200123  -0.000454
0.250004 0.250065 0.250156  0.015609
0.055317 0.055378 0.055464  0.000168
0.060819 0.060871 0.060971  0.000224
0.065870 0.065952 0.066022  0.000285
0.071454 0.071519 0.071601  0.000364
0.076794 0.076860 0.076946  0.000451
0.082030 0.082107 0.082177  0.000551
0.087139 0.087205 0.087291  0.000660
0.092006 0.092087 0.092158  0.000777
0.096991 0.097057 0.097138  0.000910
-0.000962 -0.000885 -0.000810  -0.000000
-0.092040 -0.091979 -0.091893  -0.000782
-0.176987 -0.176906 -0.176836  -0.005551
-0.079217 -0.079151 -0.079065  -0.000499
-0.925320 -0.925243 -0.925173  -0.792455
-0.446947 -0.446870 -0.446795  -0.089328
-0.438681 -0.438604 -0.438534  -0.084461
0.023295 0.023432 0.023498  0.000013
0.052030 0.080827 0.080897  0.000139
0.114859 0.114941 0.149125  -0.000282
0.188827 0.188888 0.188978  0.006723
0.045047 0.045113 0.045194  0.000091
0.050516 0.050573 0.050663  0.000128
0.055549 0.055605 0.055696  0.000171
0.060586 0.060667 0.060738  0.000222
0.065494 0.065571 0.065642  0.000280
0.070613 0.070699 0.070765  0.000351
0.075860 0.075925 0.076007  0.000435
0.080873 0.080934 0.081025  0.000527
0.085887 0.085943 0.086034  0.000632
0.176895 0.176986 0.177042  0.005530
0.273839 0.273905 0.273991  0.020515
0.176157 0.176218 0.176308  0.005458
-0.092195 -0.092138 -0.092048  -0.000786
-0.937852 -0.937791 -0.937705  -0.825129
-0.459304 -0.459243 -0.459152  -0.096952
-0.451241 -0.451175 -0.451089  -0.091933
-0.069584 -0.069512 -0.069432  -0.000338
-0.133571 -0.197497 -0.197411  -0.002393
-0.256029 -0.255963 -0.314343  -0.002492
-0.367354 -0.367298 -0.367207  -0.049611
-0.047542 -0.047481 -0.047390  -0.000108
-0.041860 -0.041779 -0.041708  -0.000074
-0.036249 -0.036167 -0.036102  -0.000048
-0.031069 -0.030983 -0.030917  -0.000030
-0.025609 -0.025533 -0.025462  -0.000017
-0.020306 -0.020241 -0.020154  -0.000008
-0.015017 -0.014947 -0.014865  -0.000003
-0.009980 -0.009924 -0.009833  -0.000001
-0.004289 -0.004207 -0.004137  -0.000000
-0.002046 -0.001955 -0.001885  -0.000000
0.006292 0.006383 0.006474  0.000000
0.020622 0.020704 0.020774  0.000009
0.020884 0.020970 0.021036  0.000009
-0.824909 -0.824848 -0.824783  -0.561465
-0.346775 -0.346709 -0.346623  -0.041732
-0.337840 -0.337763 -0.337693  -0.038584
0.043695 0.043751 0.043846  0.000083
0.092830 0.142027 0.142117  0.000794
0.196853 0.196919 0.251888  -0.000717
0.312313 0.312369 0.312460  0.030436
0.065817 0.065898 0.065968  0.000284
0.071608 0.071694 0.071760  0.000366
0.076622 0.076698 0.076769  0.000449
0.081717 0.081778 0.081868  0.000544
0.086541 0.086602 0.086693  0.000646
0.091340 0.091417 0.091487  0.000760
0.096468 0.096554 0.096615  0.000896
-0.098490 -0.098414 -0.098343  -0.000957
-0.092727 -0.092641 -0.092575  -0.000799
-0.180146 -0.180076 -0.179995  -0.005854
-0.261946 -0.261870 -0.261799  -0.017988
-0.338205 -0.338119 -0.338053  -0.038707
-0.070860 -0.070804 -0.070713  -0.000357
-0.916237 -0.916167 -0.916076  -0.769401
-0.437860 -0.437799 -0.437708  -0.083999
-0.429617 -0.429551 -0.429470  -0.079340
-0.048007 -0.047946 -0.047855  -0.000111
-0.090541 -0.133013 -0.132922  -0.000747
-0.169808 -0.169727 -0.206375  -0.000996
-0.237349 -0.237297 -0.237222  -0.013384
-0.025535 -0.025449 -0.025383  -0.000017
-0.020203 -0.020117 -0.020051  -0.000008
-0.014905 -0.014814 -0.014753  -0.000003
-0.009672 -0.009606 -0.009520  -0.000001
-0.004280 -0.004208 -0.004133  -0.000000
0.001521 0.001603 0.001668  0.000000
0.007460 0.007546 0.007612  0.000000
0.013574 0.013660 0.013726  0.000002
0.019295 0.019361 0.019442  0.000007
0.043627 0.043697 0.043783  0.000083
0.073176 0.073237 0.073323  0.000390
0.108100 0.108166 0.108252  0.001260
0.040681 0.040758 0.040828  0.000067
-0.805145 -0.805089 -0.805018  -0.522079
-0.326858 -0.326797 -0.326711  -0.034948
-0.318716 -0.318634 -0.318569  -0.032395
0.062595 0.062676 0.062747  0.000244
0.130285 0.198036 0.198127  0.002201
0.271992 0.272053 0.346156  -0.001220
0.425789 0.425870 0.425941  0.077155
0.085291 0.085373 0.085439  0.000619
0.090429 0.090510 0.090581  0.000738
0.095414 0.095466 0.095561  0.000866
-0.099482 -0.099425 -0.099334  -0.000987
-0.093591 -0.093510 -0.093444  -0.000822
-0.087947 -0.087870 -0.087800  -0.000682
-0.082245 -0.082188 -0.082098  -0.000558
-0.076838 -0.076757 -0.076686  -0.000455
-0.071388 -0.071311 -0.071241  -0.000365
-0.137421 -0.137335 -0.137265  -0.002599
-0.197776 -0.197690 -0.197628  -0.007743
-0.252448 -0.252392 -0.252301  -0.016106
-0.049089 -0.049028 -0.048962  -0.000119
-0.895353 -0.895292 -0.895206  -0.717974
-0.416882 -0.416805 -0.416730  -0.072489
-0.408962 -0.408876 -0.408810  -0.068432
-0.027542 -0.027455 -0.027390  -0.000021
-0.049528 -0.071453 -0.071363  -0.000123
-0.087706 -0.087625 -0.103726  -0.000231
-0.114491 -0.114409 -0.114343  -0.001503
0.074486 0.074629 0.074694  0.000412
0.079698 0.079785 0.079850  0.000505
0.085581 0.085647 0.085737  0.000625
0.090576 0.090632 0.090727  0.000741
0.095613 0.095669 0.095760  0.000872
-0.099444 -0.099383 -0.099317  -0.000985
-0.093610 -0.093545 -0.093459  -0.000823
-0.087914 -0.087833 -0.087763  -0.000681
-0.082649 -0.082592 -0.082502  -0.000566
-0.160085 -0.159995 -0.159929  -0.004108
-0.231724 -0.231658 -0.231577  -0.012456
-0.297639 -0.297573 -0.297487  -0.026390
-0.060455 -0.060394 -0.060303  -0.000222
-0.906686 -0.906605 -0.906534  -0.745542
-0.428379 -0.428323 -0.428232  -0.078661
-0.420204 -0.420118 -0.420038  -0.074238
-0.038917 -0.038840 -0.038770  -0.000059
-0.072306 -0.105644 -0.105569  -0.000381
-0.133319 -0.133238 -0.160761  -0.000580
-0.182654 -0.182597 -0.182502  -0.006103
-0.016424 -0.016358 -0.016272  -0.000004
-0.011139 -0.011083 -0.010992  -0.000001
-0.005817 -0.005747 -0.005661  -0.000000
-0.000311 -0.000250 -0.000164  -0.000000
0.006434 0.006490 0.006581  0.000000
0.012107 0.012183 0.012254  0.000002
0.017452 0.017538 0.017599  0.000005
0.022661 0.022722 0.022813  0.000011
0.028039 0.028121 0.028191  0.000022
0.061235 0.061301 0.061387  0.000229
0.099571 0.099648 0.099713  0.000985
0.143107 0.143188 0.143258  0.002926
0.048649 0.048711 0.048797  0.000115
-0.797012 -0.796951 -0.796865  -0.506449
-0.318730 -0.318654 -0.318583  -0.032401
-0.310336 -0.310254 -0.310184  -0.029908
0.071103 0.071185 0.071255  0.000358
0.147306 0.223570 0.223661  0.003183
0.305341 0.305418 0.387335  -0.001154
0.474538 0.474594 0.474685  0.106798
0.092790 0.092847 0.092937  0.000797
0.098269 0.098330 0.098416  0.000946
-0.096799 -0.096722 -0.096652  -0.000909
-0.091012 -0.090936 -0.090865  -0.000756
-0.085462 -0.085391 -0.085310  -0.000626
-0.080131 -0.080060 -0.079983  -0.000516
-0.074610 -0.074544 -0.074458  -0.000417
-0.069255 -0.069169 -0.069103  -0.000333
-0.064057 -0.063975 -0.063905  -0.000264
-0.122734 -0.122663 -0.122577  -0.001853
-0.175511 -0.175425 -0.175364  -0.005412
-0.222748 -0.222691 -0.222600  -0.011065
-0.040994 -0.040933 -0.040847  -0.000069
-0.887324 -0.887254 -0.887163  -0.698844
-0.409142 -0.409061 -0.408991  -0.068525
-0.401145 -0.401080 -0.400998  -0.064591
-0.019797 -0.019716 -0.019645  -0.000008
-0.034305 -0.048743 -0.048666  -0.000041
-0.057469 -0.057408 -0.065986  -0.000092
-0.069220 -0.069159 -0.069073  -0.000333
0.002492 0.002558 0.002619  0.000000
0.008450 0.008516 0.008602  0.000001
0.014251 0.014316 0.014403  0.000003
0.019440 0.019505 0.019587  0.000007
0.024757 0.024823 0.024904  0.000015
0.029918 0.029979 0.030069  0.000027
0.034894 0.034959 0.035025  0.000042
0.040347 0.040433 0.040494  0.000065
0.045442 0.045503 0.045589  0.000093
0.096059 0.096149 0.096211  0.000885
0.151922 0.151983 0.152069  0.003500
0.214047 0.214108 0.214199  0.009794
0.067384 0.067461 0.067531  0.000305
-0.778694 -0.778628 -0.778538  -0.472338
-0.300545 -0.300464 -0.300398  -0.027165
-0.292122 -0.292041 -0.291975  -0.024945
0.089169 0.089251 0.089321  0.000707
0.183553 0.277997 0.278088  0.006163
0.377640 0.377717 0.477506  -0.001133
0.383382 0.383438 0.383529  0.056310
-0.088546 -0.088485 -0.088399  -0.000696
-0.081668 -0.081616 -0.081521  -0.000547
-0.075986 -0.075920 -0.075834  -0.000440
-0.070281 -0.070204 -0.070129  -0.000348
-0.064963 -0.064887 -0.064812  -0.000275
-0.059945 -0.059859 -0.059798  -0.000216
-0.054628 -0.054551 -0.054481  -0.000164
-0.049533 -0.049467 -0.049376  -0.000122
-0.044335 -0.044253 -0.044187  -0.000088
-0.083006 -0.082887 -0.082792  -0.000574
-0.115980 -0.115919 -0.115833  -0.001564
-0.143167 -0.143106 -0.143015  -0.002940
-0.021538 -0.021472 -0.021391  -0.000010
-0.867793 -0.867707 -0.867646  -0.653642
-0.389287 -0.389226 -0.389135  -0.059036
-0.381325 -0.381238 -0.381173  -0.055476
0.000138 0.000224 0.000290  -0.000000
0.006637 0.013197 0.013288  0.000000
0.025213 0.025304 0.037466  -0.000020
0.055268 0.055354 0.055420  0.000168
0.023432 0.023509 0.023580  0.000013
0.029096 0.029172 0.029243  0.000024
0.034128 0.034205 0.034275  0.000040
0.039583 0.039660 0.039730  0.000062
-0.074028 -0.073872 -0.073790  -0.000407
-0.067753 -0.067676 -0.067606  -0.000312
-0.062160 -0.062099 -0.062008  -0.000241
-0.056502 -0.056420 -0.056350  -0.000181
-0.051047 -0.050990 -0.050895  -0.000134
-0.096886 -0.096800 -0.096734  -0.000911
-0.137065 -0.137009 -0.136918  -0.002580
-0.171690 -0.171629 -0.171539  -0.005069
-0.028962 -0.028911 -0.028810  -0.000025
-0.874832 -0.874771 -0.874680  -0.669745
-0.396469 -0.396412 -0.396322  -0.062363
-0.387990 -0.387904 -0.387838  -0.058436
-0.006488 -0.006432 -0.006341  -0.000000
-0.007404 -0.008229 -0.008168  -0.000000
-0.003599 -0.003547 0.001230  -0.000000
0.012311 0.012372 0.012462  0.000002
0.016431 0.016512 0.016578  0.000004
0.021834 0.021890 0.021961  0.000010
0.027245 0.027327 0.027397  0.000020
0.032396 0.032487 0.032548  0.000034
0.037690 0.037751 0.037842  0.000053
0.042732 0.042813 0.042884  0.000078
0.047741 0.047822 0.047893  0.000108
0.052736 0.052797 0.052883  0.000146
0.057777 0.057854 0.057924  0.000192
0.120645 0.120711 0.120797  0.001752
0.188919 0.188980 0.189071  0.006733
0.262515 0.262601 0.262662  0.018078
0.078677 0.078729 0.078824  0.000485
-0.767132 -0.767055 -0.766985  -0.451575
-0.288626 -0.288570 -0.288479  -0.024067
-0.280360 -0.280299 -0.280213  -0.022057
-0.099096 -0.099035 -0.098949  -0.000976
-0.192515 -0.285873 -0.285782  -0.007157
-0.373206 -0.373145 -0.460327  -0.006394
-0.542268 -0.542186 -0.542116  -0.159518
-0.076320 -0.076239 -0.076173  -0.000446
-0.070856 -0.070769 -0.070704  -0.000357
-0.065315 -0.065244 -0.065188  -0.000279
-0.059917 -0.059836 -0.059770  -0.000216
-0.054544 -0.054462 -0.054397  -0.000163
-0.049217 -0.049141 -0.049070  -0.000120
-0.043767 -0.043686 -0.043615  -0.000084
-0.038426 -0.038345 -0.038274  -0.000057
-0.033217 -0.033156 -0.033070  -0.000037
