-0.391298 -0.059647 -0.057988  -0.059930
-0.391298 -0.059647 -0.057988  -0.059930
-0.391298 -0.059647 -0.057988  -0.059930
-0.391298 -0.059647 -0.057988  -0.059930
-0.391298 -0.059647 -0.057988  -0.059930
-0.391298 -0.059647 -0.057988  -0.059930
0.447643 0.447700 0.447786  0.089649
0.447643 0.447700 0.447786  0.089649
0.447643 0.447700 0.447786  0.089649
0.447643 0.447700 0.447786  0.089649
0.447643 0.447700 0.447786  0.089649
0.447643 0.447700 0.447786  0.089649
0.684871 0.684937 0.685023  0.321117
0.684871 0.684937 0.685023  0.321117
0.684871 0.684937 0.685023  0.321117
0.684871 0.684937 0.685023  0.321117
0.684871 0.684937 0.685023  0.321117
0.829508 0.829585 0.829651  0.570636
1.078442 1.078508 1.078589  1.253985
1.078442 1.078508 1.078589  1.253985
1.078442 1.078508 1.078589  1.253985
1.078442 1.078508 1.078589  1.253985
1.138597 1.138654 1.138744  1.475729
1.301195 1.301272 1.301347  2.202682
1.565635 1.565707 1.565782  3.837154
1.565635 1.565707 1.565782  3.837154
1.565635 1.565707 1.565782  3.837154
1.565635 1.565707 1.565782  3.837154
1.636612 1.636663 1.636764  4.382857
1.810028 1.810084 1.810175  5.929121
2.085579 2.085651 2.085722  9.070602
2.085579 2.085651 2.085722  9.070602
2.085579 2.085651 2.085722  9.070602
2.085579 2.085651 2.085722  9.070602
2.165385 2.165461 2.165532  10.152262
2.348346 2.348398 2.348498  12.948841
2.633616 2.633672 2.633747  18.265020
2.633616 2.633672 2.633747  18.265020
2.633616 2.633672 2.633747  18.265020
2.633616 2.633672 2.633747  18.265020
2.693199 2.693255 2.693346  19.532657
2.846517 2.846598 2.846664  23.062748
3.095039 3.095100 3.095186  29.645727
3.095039 3.095100 3.095186  29.645727
