0.763285 0.763446 0.763545  0.444520
0.794509 0.794717 0.794793  0.501387
0.831750 0.831883 0.831965  0.575243
0.042612 0.042698 0.042759  0.000077
0.891902 0.891988 0.892054  0.709341
-0.748929 -0.748872 -0.748782  -0.420223
-0.740952 -0.740875 -0.740805  -0.406906
0.066091 0.066167 0.066238  0.000288
0.138277 0.210544 0.210614  0.002635
0.288474 0.288535 0.366618  -0.001249
0.450344 0.450401 0.450491  0.091279
0.088944 0.089025 0.089091  0.000702
0.094954 0.095020 0.095106  0.000854
-0.099321 -0.099245 -0.099174  -0.000982
-0.093140 -0.093084 -0.092993  -0.000810
-0.087145 -0.087068 -0.086998  -0.000663
-0.081866 -0.081800 -0.081718  -0.000550
-0.076193 -0.076112 -0.076046  -0.000443
-0.070596 -0.070525 -0.070439  -0.000353
-0.065421 -0.065360 -0.065269  -0.000281
-0.125344 -0.125225 -0.125155  -0.001973
-0.178841 -0.178764 -0.178694  -0.005727
-0.226564 -0.226483 -0.226417  -0.011640
-0.042065 -0.041989 -0.041918  -0.000075
0.806424 0.806510 0.806571  0.524314
-0.834166 -0.834080 -0.834014  -0.580577
-0.826208 -0.826122 -0.826056  -0.564121
-0.019075 -0.018988 -0.018927  -0.000007
-0.032405 -0.045673 -0.045583  -0.000035
-0.053142 -0.053065 -0.060386  -0.000079
-0.061934 -0.061873 -0.061782  -0.000239
0.004229 0.004300 0.004386  0.000000
0.016481 0.016571 0.016637  0.000004
0.021879 0.021945 0.022031  0.000010
0.027031 0.027092 0.027162  0.000020
0.032418 0.032479 0.032570  0.000034
0.037944 0.038020 0.038096  0.000054
0.043413 0.043494 0.043560  0.000081
0.048692 0.048758 0.048844  0.000115
0.053673 0.053734 0.053825  0.000154
0.112374 0.112444 0.112526  0.001416
0.176638 0.176703 0.176789  0.005503
0.246043 0.246125 0.246195  0.014882
0.074828 0.074889 0.074980  0.000417
0.923193 0.923279 0.923350  0.786644
-0.717154 -0.717088 -0.717002  -0.368972
-0.709210 -0.709149 -0.709058  -0.356855
0.098136 0.098207 0.098288  0.000943
0.001562 -0.094952 -0.094861  -0.000002
-0.184910 -0.184844 -0.274651  0.008080
-0.358752 -0.358670 -0.358600  -0.046200
-0.077697 -0.077611 -0.077546  -0.000470
-0.071754 -0.071677 -0.071607  -0.000371
-0.066190 -0.066119 -0.066038  -0.000291
-0.060412 -0.060356 -0.060265  -0.000221
-0.055148 -0.055071 -0.055001  -0.000168
-0.050039 -0.049983 -0.049892  -0.000126
-0.044647 -0.044565 -0.044495  -0.000089
-0.039423 -0.039362 -0.039276  -0.000062
-0.034155 -0.034069 -0.034003  -0.000040
-0.062850 -0.062764 -0.062693  -0.000249
-0.084728 -0.084651 -0.084581  -0.000610
-0.100791 -0.100710 -0.100639  -0.001026
-0.010073 -0.009992 -0.009921  -0.000001
0.838615 0.838696 0.838767  0.589628
-0.801865 -0.801779 -0.801713  -0.515716
-0.784098 -0.784002 -0.783932  -0.482201
0.023055 0.023116 0.023202  0.000012
0.051625 0.080282 0.080347  0.000136
0.114469 0.114525 0.148859  -0.000297
0.188994 0.189055 0.189141  0.006741
0.045342 0.045424 0.045494  0.000093
0.050949 0.051031 0.051096  0.000132
0.056110 0.056162 0.056257  0.000176
0.061214 0.061275 0.061361  0.000228
0.066147 0.066223 0.066294  0.000288
0.071251 0.071317 0.071403  0.000360
0.076468 0.076549 0.076620  0.000446
0.081586 0.081652 0.081734  0.000541
0.086808 0.086899 0.086955  0.000653
0.178796 0.178877 0.178952  0.005709
0.276348 0.276434 0.276495  0.021090
0.179416 0.179498 0.179568  0.005769
-0.091353 -0.091292 -0.091201  -0.000765
0.757169 0.757230 0.757316  0.433940
-0.883706 -0.883624 -0.883554  -0.690283
-0.876131 -0.876075 -0.875980  -0.672744
-0.068794 -0.068729 -0.068643  -0.000327
-0.132035 -0.195152 -0.195062  -0.002312
-0.252852 -0.252791 -0.310339  -0.002431
-0.362481 -0.362395 -0.362329  -0.047653
-0.045325 -0.045264 -0.045178  -0.000094
-0.039757 -0.039676 -0.039605  -0.000063
-0.034178 -0.034117 -0.034027  -0.000040
-0.028604 -0.028548 -0.028478  -0.000024
-0.023350 -0.023264 -0.023198  -0.000013
-0.017278 -0.017212 -0.017131  -0.000005
-0.011786 -0.011729 -0.011638  -0.000002
-0.006681 -0.006611 -0.006529  -0.000000
-0.000824 -0.000747 -0.000677  -0.000000
0.005704 0.005790 0.005856  0.000000
0.018357 0.018428 0.018518  0.000006
0.036496 0.036583 0.036648  0.000048
0.023215 0.023281 0.023363  0.000012
0.871557 0.871623 0.871709  0.661849
-0.893460 -0.893189 -0.893103  -0.713428
-0.882561 -0.882479 -0.882409  -0.687603
-0.075271 -0.075205 -0.075123  -0.000428
-0.145310 -0.215273 -0.215197  -0.003079
-0.279705 -0.279624 -0.343904  -0.003073
-0.402835 -0.402758 -0.402688  -0.065405
-0.052205 -0.052123 -0.052053  -0.000143
-0.046829 -0.046768 -0.046682  -0.000103
-0.041608 -0.041547 -0.041456  -0.000073
-0.036139 -0.036078 -0.035992  -0.000048
-0.030845 -0.030774 -0.030688  -0.000030
-0.025154 -0.025072 -0.025002  -0.000016
-0.020073 -0.020012 -0.019946  -0.000008
-0.014975 -0.014893 -0.014827  -0.000003
-0.009809 -0.009723 -0.009657  -0.000001
-0.012190 -0.012124 -0.012038  -0.000002
-0.008642 -0.008561 -0.008490  -0.000001
0.000484 0.000570 0.000640  0.000000
0.015999 0.016060 0.016146  0.000004
0.864322 0.864388 0.864474  0.645501
-0.776443 -0.776377 -0.776291  -0.468245
-0.769025 -0.768964 -0.768878  -0.454954
0.038287 0.038373 0.038439  0.000056
0.082157 0.126109 0.126179  0.000551
0.175126 0.175187 0.224356  -0.000546
0.278832 0.278893 0.278980  0.021658
0.059813 0.059869 0.059960  0.000213
0.065875 0.065936 0.066027  0.000285
0.070845 0.070931 0.070992  0.000355
0.075802 0.075888 0.075949  0.000434
0.080806 0.080892 0.080958  0.000526
0.085990 0.086072 0.086137  0.000634
0.091279 0.091345 0.091431  0.000758
0.096174 0.096255 0.096321  0.000888
-0.098841 -0.098764 -0.098694  -0.000968
-0.191918 -0.191852 -0.191761  -0.007079
-0.279224 -0.279143 -0.279077  -0.021785
-0.360609 -0.360553 -0.360462  -0.046929
-0.075964 -0.075883 -0.075812  -0.000440
0.772572 0.772648 0.772719  0.460996
-0.868392 -0.868311 -0.868245  -0.655007
-0.860514 -0.860453 -0.860362  -0.637399
-0.053513 -0.053452 -0.053362  -0.000154
-0.101553 -0.149532 -0.149441  -0.001053
-0.192009 -0.191922 -0.234247  -0.001295
-0.271103 -0.271022 -0.270956  -0.019940
-0.031102 -0.031046 -0.030955  -0.000030
-0.025705 -0.025623 -0.025553  -0.000017
-0.020388 -0.020301 -0.020240  -0.000009
-0.014809 -0.014743 -0.014657  -0.000003
-0.009644 -0.009578 -0.009492  -0.000001
-0.004354 -0.004293 -0.004207  -0.000000
0.002774 0.002850 0.002921  0.000000
0.009401 0.009462 0.009553  0.000001
0.015139 0.015216 0.015287  0.000003
0.035573 0.035663 0.035734  0.000045
0.061732 0.061808 0.061879  0.000234
0.093136 0.093217 0.093288  0.000806
0.036376 0.036437 0.036527  0.000048
0.885002 0.885063 0.885154  0.692946
-0.755968 -0.755886 -0.755816  -0.432147
-0.748426 -0.748370 -0.748279  -0.419377
0.058981 0.059067 0.059138  0.000204
0.123190 0.187465 0.187547  0.001861
0.257191 0.257247 0.327119  -0.000968
0.402631 0.402697 0.402783  0.065230
0.081133 0.081199 0.081280  0.000532
0.086906 0.086967 0.087058  0.000654
0.091691 0.091777 0.091838  0.000769
0.096587 0.096648 0.096714  0.000899
-0.098025 -0.097964 -0.097874  -0.000945
-0.092400 -0.092334 -0.092248  -0.000791
-0.086499 -0.086438 -0.086347  -0.000649
-0.080873 -0.080817 -0.080746  -0.000530
-0.075399 -0.075329 -0.075268  -0.000430
-0.145222 -0.145131 -0.145060  -0.003067
-0.209080 -0.209015 -0.208928  -0.009151
-0.267196 -0.267135 -0.267049  -0.019095
-0.052908 -0.052831 -0.052761  -0.000149
0.795525 0.795586 0.795676  0.503283
-0.845317 -0.845236 -0.845165  -0.604181
-0.837827 -0.837771 -0.837700  -0.588265
-0.030410 -0.030349 -0.030263  -0.000028
-0.055233 -0.079989 -0.079903  -0.000170
-0.098926 -0.098840 -0.117625  -0.000306
-0.130822 -0.130765 -0.130675  -0.002244
-0.007520 -0.007429 -0.007373  -0.000000
-0.001899 -0.001822 -0.001752  -0.000000
0.004121 0.004182 0.004248  0.000000
0.010149 0.010230 0.010296  0.000001
0.015718 0.015789 0.015875  0.000004
0.021253 0.021309 0.021400  0.000009
0.026727 0.026788 0.026874  0.000019
0.031845 0.031906 0.031997  0.000032
0.037261 0.037343 0.037413  0.000051
0.079811 0.079902 0.079973  0.000507
0.127429 0.127490 0.127580  0.002065
0.180723 0.180779 0.180870  0.005894
0.058654 0.058715 0.058801  0.000201
0.907000 0.907057 0.907147  0.745919
-0.733816 -0.733751 -0.733664  -0.395289
-0.726267 -0.726186 -0.726120  -0.383183
0.081023 0.081079 0.081175  0.000530
0.167349 0.253741 0.253828  0.004670
0.345698 0.345768 0.437877  -0.001305
0.436029 0.436200 0.436286  0.082849
0.003930 0.004011 0.004082  0.000000
0.011681 0.011742 0.011828  0.000002
0.017055 0.017116 0.017207  0.000005
0.022272 0.022358 0.022428  0.000011
0.027495 0.027556 0.027647  0.000021
0.032651 0.032708 0.032778  0.000035
0.037896 0.037978 0.038048  0.000054
0.043228 0.043309 0.043380  0.000080
0.048692 0.048774 0.048844  0.000115
0.102521 0.102587 0.102678  0.001075
0.161734 0.161795 0.161886  0.004223
0.226373 0.226429 0.226520  0.011586
0.070008 0.070085 0.070155  0.000342
0.918597 0.918658 0.918749  0.774901
-0.722338 -0.722273 -0.722182  -0.377039
-0.714906 -0.714845 -0.714755  -0.365522
0.092302 0.092363 0.092454  0.000784
0.189527 0.286834 0.286904  0.006791
0.189229 0.189315 0.091862  0.012786
-0.000501 -0.000435 -0.000349  -0.000000
-0.085998 -0.085917 -0.085847  -0.000638
-0.080263 -0.080202 -0.080116  -0.000519
-0.074804 -0.074747 -0.074656  -0.000420
-0.069154 -0.069089 -0.069003  -0.000332
-0.063699 -0.063634 -0.063552  -0.000259
-0.058146 -0.058065 -0.057999  -0.000197
-0.053132 -0.053046 -0.052980  -0.000151
-0.047706 -0.047635 -0.047554  -0.000109
-0.042517 -0.042431 -0.042365  -0.000077
-0.079849 -0.079768 -0.079693  -0.000511
-0.111697 -0.111636 -0.111545  -0.001397
-0.137797 -0.137736 -0.137650  -0.002621
-0.020399 -0.020323 -0.020247  -0.000009
0.827881 0.828199 0.828265  0.567284
-0.812822 -0.812741 -0.812671  -0.537155
-0.805148 -0.805087 -0.804996  -0.522124
0.001818 0.001904 0.001965  0.000000
0.010016 0.018296 0.018366  0.000001
0.031921 0.031977 0.045750  -0.000031
0.065047 0.065133 0.065199  0.000274
0.024430 0.024491 0.024582  0.000014
0.029993 0.030074 0.030140  0.000027
0.035163 0.035245 0.035315  0.000043
0.040401 0.040462 0.040552  0.000065
0.045575 0.045636 0.045727  0.000094
0.050598 0.050655 0.050746  0.000129
0.055664 0.055745 0.055815  0.000172
0.060967 0.061043 0.061114  0.000226
0.066204 0.066261 0.066351  0.000289
0.137497 0.137588 0.137658  0.002595
0.214369 0.214459 0.214520  0.009843
0.296728 0.296784 0.296875  0.026102
0.087681 0.087742 0.087833  0.000672
0.936180 0.936245 0.936331  0.820272
-0.704889 -0.704823 -0.704737  -0.350365
-0.897424 -0.897363 -0.897272  -0.722978
-0.089751 -0.089665 -0.089599  -0.000725
-0.173908 -0.258005 -0.257915  -0.005278
-0.336367 -0.336306 -0.414516  -0.004871
-0.487485 -0.487394 -0.487329  -0.115894
-0.067339 -0.067258 -0.067192  -0.000306
-0.061856 -0.061779 -0.061709  -0.000237
-0.056420 -0.056329 -0.056268  -0.000180
-0.050993 -0.050932 -0.050846  -0.000133
-0.045813 -0.045748 -0.045662  -0.000097
-0.040582 -0.040496 -0.040430  -0.000067
-0.033922 -0.033856 -0.033770  -0.000039
-0.028340 -0.028264 -0.028193  -0.000023
-0.022909 -0.022832 -0.022762  -0.000012
-0.040538 -0.040472 -0.040381  -0.000067
-0.052580 -0.052490 -0.052419  -0.000146
-0.058869 -0.058788 -0.058717  -0.000205
-0.000953 -0.000871 -0.000801  -0.000000
0.847868 0.847945 0.848020  0.609354
-0.792806 -0.792745 -0.792654  -0.498483
-0.785332 -0.785250 -0.785185  -0.484472
0.021825 0.021886 0.021977  0.000010
0.049143 0.076517 0.076613  0.000117
0.109603 0.109664 0.142897  -0.000282
0.181660 0.181741 0.181812  0.005988
0.044071 0.044132 0.044218  0.000085
0.049654 0.049720 0.049801  0.000122
0.054918 0.055000 0.055065  0.000165
0.060359 0.060445 0.060511  0.000219
0.065254 0.065335 0.065406  0.000277
0.070496 0.070562 0.070648  0.000349
0.075652 0.075713 0.075799  0.000431
0.080589 0.080670 0.080736  0.000522
0.085574 0.085651 0.085721  0.000625
0.176096 0.176162 0.176248  0.005453
0.272172 0.272228 0.272319  0.020142
0.173831 0.173892 0.173978  0.005245
-0.092816 -0.092730 -0.092664  -0.000801
0.755944 0.756000 0.756091  0.431830
-0.884868 -0.884811 -0.884741  -0.693009
-0.877251 -0.877195 -0.877104  -0.675315
-0.070204 -0.070143 -0.070052  -0.000347
-0.135062 -0.199859 -0.199769  -0.002475
-0.259258 -0.259202 -0.318453  -0.002545
-0.372308 -0.372226 -0.372156  -0.051636
-0.047432 -0.047346 -0.047280  -0.000107
-0.041868 -0.041797 -0.041716  -0.000074
-0.036555 -0.036489 -0.036403  -0.000049
-0.031205 -0.031149 -0.031058  -0.000031
-0.087989 -0.087405 -0.087291  -0.000684
-0.076553 -0.076411 -0.076297  -0.000451
-0.067076 -0.066947 -0.066805  -0.000304
-0.057072 -0.056939 -0.056821  -0.000187
-0.047136 -0.046993 -0.046841  -0.000106
-0.084438 -0.084305 -0.084167  -0.000605
-0.111281 -0.111148 -0.111010  -0.001383
-0.127453 -0.127315 -0.127186  -0.002077
-0.006258 -0.006125 -0.005992  -0.000000
0.847074 0.847216 0.847349  0.607517
-0.789650 -0.789517 -0.789379  -0.492641
-0.777517 -0.777384 -0.777247  -0.470285
0.034060 0.034193 0.034326  0.000039
0.077967 0.122012 0.122150  0.000468
0.175927 0.176060 0.230222  -0.001300
0.294937 0.295075 0.295213  0.025620
0.075028 0.075166 0.075283  0.000420
0.085653 0.085766 0.085899  0.000625
0.095519 0.095641 0.095779  0.000868
-0.094982 -0.094839 -0.094711  -0.000860
-0.084133 -0.084015 -0.083877  -0.000598
-0.074044 -0.073902 -0.073769  -0.000408
-0.064240 -0.064102 -0.063984  -0.000267
-0.053871 -0.053733 -0.053600  -0.000157
-0.043601 -0.043484 -0.043356  -0.000084
-0.077285 -0.077147 -0.077014  -0.000464
-0.100353 -0.100211 -0.100073  -0.001015
-0.112967 -0.112834 -0.112721  -0.001446
-0.002871 -0.002734 -0.002621  -0.000000
0.852599 0.852741 0.852874  0.619485
-0.783868 -0.783730 -0.783618  -0.481855
-0.771808 -0.771675 -0.771537  -0.460002
0.039585 0.039718 0.039851  0.000061
0.089064 0.138677 0.138810  0.000699
0.198017 0.198155 0.257766  -0.001582
0.327414 0.327556 0.327689  0.035056
0.079642 0.079780 0.079913  0.000503
0.089959 0.090096 0.090230  0.000725
0.099591 0.099724 0.099858  0.000984
-0.090010 -0.089868 -0.089726  -0.000733
-0.079063 -0.078920 -0.078773  -0.000497
-0.068234 -0.068097 -0.067949  -0.000320
-0.057756 -0.057628 -0.057515  -0.000194
-0.047283 -0.047155 -0.046998  -0.000107
-0.037494 -0.037361 -0.037223  -0.000053
-0.064496 -0.064353 -0.064211  -0.000270
-0.080834 -0.080716 -0.080583  -0.000531
-0.086620 -0.086487 -0.086354  -0.000653
0.004058 0.004191 0.004304  0.000000
0.858276 0.858423 0.858551  0.631954
-0.778139 -0.778006 -0.777855  -0.471440
-0.765570 -0.765418 -0.765290  -0.448925
0.046068 0.046206 0.046344  0.000097
0.102217 0.158483 0.158620  0.001058
0.224388 0.224521 0.290692  -0.001948
0.366577 0.366719 0.366837  0.049213
0.085447 0.085590 0.085702  0.000621
0.096152 0.096290 0.096423  0.000885
-0.094167 -0.094033 -0.093900  -0.000839
-0.083570 -0.083432 -0.083319  -0.000586
-0.073344 -0.073211 -0.073073  -0.000397
-0.063198 -0.063060 -0.062927  -0.000254
-0.052706 -0.052577 -0.052439  -0.000148
-0.042945 -0.042807 -0.042669  -0.000080
-0.032992 -0.032855 -0.032742  -0.000036
-0.056030 -0.055897 -0.055764  -0.000177
-0.068863 -0.068730 -0.068613  -0.000328
-0.071096 -0.070959 -0.070841  -0.000361
0.008018 0.008151 0.008263  0.000000
0.861785 0.861918 0.862065  0.639696
-0.774734 -0.774621 -0.774483  -0.465252
-0.762507 -0.762370 -0.762232  -0.443575
0.049198 0.049322 0.049421  0.000118
0.107807 0.166549 0.166673  0.001243
0.234807 0.234924 0.303432  -0.002026
0.381436 0.381574 0.381707  0.055438
0.087448 0.087585 0.087723  0.000666
0.097636 0.097774 0.097925  0.000926
-0.092464 -0.092351 -0.092213  -0.000794
-0.082228 -0.082095 -0.081962  -0.000559
-0.072059 -0.071921 -0.071788  -0.000376
-0.062240 -0.062102 -0.061980  -0.000243
-0.052208 -0.052066 -0.051953  -0.000143
-0.042267 -0.042134 -0.042001  -0.000076
-0.032021 -0.031841 -0.031703  -0.000033
-0.054199 -0.054082 -0.053949  -0.000160
-0.065427 -0.065298 -0.065181  -0.000282
-0.066456 -0.066323 -0.066186  -0.000295
0.009046 0.009188 0.009321  0.000001
0.861738 0.861871 0.862013  0.639601
-0.774829 -0.774687 -0.774574  -0.465380
-0.762295 -0.762157 -0.762024  -0.443196
0.049472 0.049619 0.049752  0.000120
0.109347 0.169355 0.169468  0.001298
0.239323 0.239489 0.309774  -0.002283
0.390334 0.390472 0.390610  0.059409
0.090587 0.090725 0.090863  0.000740
-0.098683 -0.098570 -0.098437  -0.000965
-0.088020 -0.087878 -0.087765  -0.000685
-0.077780 -0.077647 -0.077509  -0.000473
-0.067833 -0.067720 -0.067582  -0.000314
-0.057432 -0.057294 -0.057166  -0.000191
-0.046958 -0.046811 -0.046683  -0.000104
-0.036462 -0.036329 -0.036172  -0.000049
-0.083492 -0.083268 -0.083145  -0.000585
-0.156677 -0.156525 -0.156387  -0.003856
-0.219038 -0.218905 -0.218791  -0.010525
-0.271603 -0.271484 -0.271380  -0.020059
-0.043230 -0.043113 -0.043003  -0.000081
0.809294 0.809441 0.809546  0.529847
-0.827320 -0.827173 -0.827079  -0.566458
-0.814732 -0.814629 -0.814481  -0.541102
-0.003236 -0.003103 -0.002989  -0.000000
0.005510 0.014351 0.014456  0.000000
0.033428 0.033540 0.052868  -0.000073
0.082617 0.082755 0.082888  0.000561
0.039629 0.039776 0.039909  0.000062
0.049278 0.049400 0.049542  0.000119
0.059513 0.059646 0.059812  0.000209
0.069047 0.069180 0.069318  0.000327
0.078752 0.078889 0.079027  0.000486
0.088124 0.088267 0.088380  0.000682
0.097610 0.097748 0.097904  0.000926
-0.093017 -0.092879 -0.092737  -0.000808
-0.082752 -0.082628 -0.082477  -0.000570
-0.154893 -0.154727 -0.154638  -0.003723
-0.216694 -0.216586 -0.216458  -0.010193
-0.268313 -0.268084 -0.267971  -0.019341
-0.040651 -0.040513 -0.040375  -0.000068
0.813022 0.813169 0.813298  0.537157
-0.823427 -0.823299 -0.823175  -0.558562
-0.811148 -0.810972 -0.810835  -0.533975
0.000359 0.000488 0.000605  -0.000000
0.012666 0.025121 0.025258  0.000002
0.047560 0.047697 0.070407  -0.000133
0.103604 0.103722 0.103860  0.001108
0.043855 0.043968 0.044106  0.000084
0.054299 0.054436 0.054574  0.000159
0.064047 0.064160 0.064302  0.000261
0.073500 0.073670 0.073813  0.000395
0.083873 0.084011 0.084148  0.000587
0.093739 0.093867 0.093972  0.000821
-0.096655 -0.096513 -0.096395  -0.000906
-0.086273 -0.086130 -0.085997  -0.000645
-0.076094 -0.075956 -0.075818  -0.000443
-0.141557 -0.141387 -0.141249  -0.002845
-0.196529 -0.196392 -0.196259  -0.007606
-0.241374 -0.241241 -0.241108  -0.014086
-0.034784 -0.034647 -0.034509  -0.000043
0.818248 0.818386 0.818515  0.547584
-0.818110 -0.817973 -0.817821  -0.547869
-0.805774 -0.805641 -0.805504  -0.523435
0.005614 0.005751 0.005889  0.000000
0.021236 0.036995 0.037133  0.000009
0.062526 0.062663 0.088469  -0.000202
0.124160 0.124297 0.124435  0.001908
0.045400 0.045528 0.045661  0.000093
0.056097 0.056205 0.056343  0.000175
0.065554 0.065687 0.065820  0.000280
0.075923 0.076065 0.076193  0.000435
0.085377 0.085515 0.085632  0.000620
0.094920 0.095033 0.095166  0.000852
-0.095423 -0.095286 -0.095148  -0.000873
-0.085002 -0.084864 -0.084726  -0.000617
-0.074762 -0.074624 -0.074486  -0.000420
-0.139291 -0.139158 -0.139041  -0.002709
-0.193628 -0.193495 -0.193362  -0.007274
-0.237510 -0.237377 -0.237244  -0.013421
-0.033637 -0.033500 -0.033367  -0.000039
0.820216 0.820353 0.820491  0.551525
-0.815938 -0.815800 -0.815683  -0.543449
-0.803422 -0.803284 -0.803151  -0.518856
0.008080 0.008198 0.008326  0.000001
0.026756 0.045560 0.045698  0.000018
0.074169 0.074302 0.103166  -0.000280
0.142318 0.142456 0.142589  0.002874
0.049247 0.049360 0.049516  0.000118
0.059284 0.059421 0.059529  0.000207
0.068736 0.068874 0.069007  0.000323
0.078455 0.078593 0.078726  0.000480
0.088335 0.088477 0.088615  0.000686
0.097932 0.098049 0.098182  0.000935
-0.092730 -0.092597 -0.092459  -0.000801
-0.082110 -0.081972 -0.081834  -0.000556
-0.071365 -0.071232 -0.071110  -0.000365
-0.132262 -0.132145 -0.132012  -0.002321
-0.182370 -0.182232 -0.182085  -0.006080
-0.221467 -0.221329 -0.221196  -0.010882
-0.029175 -0.029037 -0.028904  -0.000025
0.823559 0.823692 0.823830  0.558298
-0.812842 -0.812700 -0.812567  -0.537318
-0.800544 -0.800411 -0.800259  -0.513336
0.011438 0.011575 0.011821  0.000001
0.032650 0.054005 0.054134  0.000034
0.085250 0.085388 0.116907  -0.000356
0.158237 0.158375 0.158487  0.003954
0.051091 0.051228 0.051361  0.000132
0.061099 0.061232 0.061365  0.000227
0.070661 0.070804 0.070937  0.000351
0.080200 0.080338 0.080471  0.000513
0.090185 0.090318 0.090451  0.000730
-0.099963 -0.099830 -0.099683  -0.001003
-0.088523 -0.088380 -0.088243  -0.000697
-0.078026 -0.077888 -0.077755  -0.000477
-0.067947 -0.067809 -0.067672  -0.000316
-0.125900 -0.125758 -0.125629  -0.002002
-0.173352 -0.173237 -0.173114  -0.005220
-0.210143 -0.210010 -0.209877  -0.009298
-0.026718 -0.026580 -0.026472  -0.000019
0.760141 0.760359 0.760501  0.438974
-0.876156 -0.876023 -0.875881  -0.672909
-0.864232 -0.864094 -0.863977  -0.645755
-0.052717 -0.052575 -0.052442  -0.000148
-0.095104 -0.137353 -0.137220  -0.000868
-0.169441 -0.169303 -0.201121  -0.001582
-0.222452 -0.222314 -0.222181  -0.011028
-0.011247 -0.011114 -0.010967  -0.000001
-0.001220 -0.001087 -0.000954  -0.000000
0.011270 0.011450 0.011592  0.000001
0.021696 0.021838 0.021976  0.000010
0.031681 0.031798 0.031931  0.000031
0.041589 0.041727 0.041864  0.000071
0.051023 0.051161 0.051294  0.000132
0.060433 0.060566 0.060699  0.000219
0.070091 0.070229 0.070366  0.000342
0.149782 0.149919 0.150057  0.003351
0.239410 0.239539 0.239672  0.013699
0.339143 0.339260 0.339398  0.038960
-0.090090 -0.089952 -0.089819  -0.000734
0.763679 0.763812 0.763949  0.445140
-0.872732 -0.872594 -0.872481  -0.664983
-0.860419 -0.860282 -0.860144  -0.637293
-0.048865 -0.048728 -0.048615  -0.000117
-0.087419 -0.125855 -0.125722  -0.000674
-0.154211 -0.154078 -0.182187  -0.001278
-0.200037 -0.199904 -0.199747  -0.008023
-0.007689 -0.007552 -0.007434  -0.000000
0.002731 0.002859 0.002992  0.000000
0.013788 0.013926 0.014063  0.000003
0.023867 0.024000 0.024133  0.000013
0.034274 0.034407 0.034540  0.000040
0.044182 0.044315 0.044453  0.000085
0.053660 0.053802 0.053915  0.000154
0.063127 0.063260 0.063393  0.000250
0.073130 0.073263 0.073397  0.000389
0.155980 0.156113 0.156246  0.003785
0.249535 0.249678 0.249762  0.015522
0.152818 0.152955 0.153093  0.003559
-0.086675 -0.086551 -0.086462  -0.000653
0.766690 0.766846 0.766975  0.450444
-0.869811 -0.869674 -0.869531  -0.658398
-0.858594 -0.858447 -0.858319  -0.633226
-0.047041 -0.046903 -0.046760  -0.000105
-0.083944 -0.120720 -0.120607  -0.000596
-0.147141 -0.147013 -0.173198  -0.001168
-0.189531 -0.189388 -0.189265  -0.006822
-0.005926 -0.005774 -0.005636  -0.000000
0.004372 0.004581 0.004718  0.000000
0.015869 0.016002 0.016135  0.000004
0.025906 0.026039 0.026191  0.000017
0.034956 0.035094 0.035213  0.000042
0.044035 0.044168 0.044306  0.000085
0.053697 0.053835 0.053952  0.000154
0.062928 0.063094 0.063236  0.000247
0.072969 0.073107 0.073219  0.000387
0.156098 0.156283 0.156421  0.003793
0.249206 0.249344 0.249486  0.015450
0.152522 0.152651 0.152759  0.003541
-0.087301 -0.087198 -0.087060  -0.000669
0.766494 0.766622 0.766760  0.450082
-0.870225 -0.870092 -0.869954  -0.659326
-0.858305 -0.858167 -0.858025  -0.632618
-0.046833 -0.046728 -0.046643  -0.000103
-0.084933 -0.122933 -0.122829  -0.000617
-0.152262 -0.152134 -0.181212  -0.001101
-0.201615 -0.201505 -0.201411  -0.008207
-0.010960 -0.010855 -0.010712  -0.000001
-0.002094 -0.001952 -0.001837  -0.000000
0.007435 0.007520 0.007644  0.000000
0.014977 0.015082 0.015185  0.000003
0.022348 0.022443 0.022572  0.000011
0.029690 0.029800 0.029928  0.000026
0.037024 0.037104 0.037255  0.000050
0.044390 0.044485 0.044603  0.000087
0.051661 0.051789 0.051903  0.000137
0.110276 0.110409 0.110498  0.001338
0.177334 0.177448 0.177528  0.005569
0.251852 0.251976 0.252085  0.015954
0.081767 0.081900 0.081966  0.000545
0.930569 0.930640 0.930730  0.805599
-0.710434 -0.710348 -0.710282  -0.358667
-0.702888 -0.702831 -0.702740  -0.347397
-0.095560 -0.095499 -0.095433  -0.000874
-0.185699 -0.275753 -0.275687  -0.006419
-0.360356 -0.360295 -0.444771  -0.005580
-0.523853 -0.523797 -0.523706  -0.143832
-0.073300 -0.073244 -0.073153  -0.000395
-0.067599 -0.067523 -0.067452  -0.000310
-0.061888 -0.061827 -0.061736  -0.000238
-0.056472 -0.056395 -0.056325  -0.000181
-0.051216 -0.051155 -0.051064  -0.000135
-0.046165 -0.046088 -0.046013  -0.000099
-0.040810 -0.040719 -0.040658  -0.000068
-0.035601 -0.035539 -0.035453  -0.000045
-0.030194 -0.030113 -0.030047  -0.000028
-0.054838 -0.054772 -0.054686  -0.000166
-0.073918 -0.073857 -0.073771  -0.000405
-0.087497 -0.087416 -0.087350  -0.000671
-0.008261 -0.008180 -0.008114  -0.000001
0.840204 0.840285 0.840356  0.592987
-0.800433 -0.800367 -0.800281  -0.512996
-0.792821 -0.792764 -0.792674  -0.498510
0.014512 0.014573 0.014664  0.000003
-0.068797 -0.151879 -0.151788  -0.000332
-0.227125 -0.227044 -0.302143  0.004162
-0.372132 -0.372081 -0.371985  -0.051573
-0.064403 -0.064317 -0.064256  -0.000268
-0.059114 -0.059028 -0.058958  -0.000207
-0.053711 -0.053650 -0.053559  -0.000156
-0.048361 -0.048300 -0.048214  -0.000114
-0.042726 -0.042670 -0.042579  -0.000078
-0.037182 -0.037091 -0.037025  -0.000052
-0.031972 -0.031916 -0.031846  -0.000033
-0.026685 -0.026594 -0.026533  -0.000019
-0.021244 -0.021153 -0.021092  -0.000010
-0.037157 -0.037071 -0.037005  -0.000052
-0.047666 -0.047585 -0.047519  -0.000109
-0.052726 -0.052655 -0.052594  -0.000147
0.000380 0.000457 0.000527  0.000000
0.850624 0.850700 0.850771  0.615325
-0.789908 -0.789842 -0.789756  -0.493028
-0.782490 -0.782434 -0.782343  -0.479278
0.024775 0.024852 0.024922  0.000015
0.054914 0.085135 0.085205  0.000164
0.120553 0.120635 0.156201  -0.000304
0.197098 0.197184 0.197250  0.007649
0.046238 0.046315 0.046385  0.000098
0.051688 0.051770 0.051835  0.000138
0.057067 0.057148 0.057214  0.000185
0.061963 0.062014 0.062110  0.000237
0.066976 0.067037 0.067123  0.000299
0.071876 0.071937 0.072027  0.000370
0.077165 0.077226 0.077316  0.000458
0.082155 0.082216 0.082307  0.000553
0.087192 0.087258 0.087344  0.000661
0.179150 0.179236 0.179306  0.005743
0.276626 0.276712 0.276773  0.021154
0.179129 0.179195 0.179276  0.005740
-0.092331 -0.092275 -0.092184  -0.000789
0.756114 0.756191 0.756266  0.432148
-0.885077 -0.885011 -0.884925  -0.693537
-0.877736 -0.877665 -0.877584  -0.676413
-0.070466 -0.070385 -0.070314  -0.000351
-0.135619 -0.200682 -0.200621  -0.002502
-0.260191 -0.260105 -0.319467  -0.002608
-0.373227 -0.373145 -0.373080  -0.052017
-0.048029 -0.047973 -0.047882  -0.000111
-0.042651 -0.042570 -0.042504  -0.000078
-0.037140 -0.037054 -0.036983  -0.000052
-0.031685 -0.031603 -0.031533  -0.000032
-0.026188 -0.026106 -0.026036  -0.000018
-0.020733 -0.020651 -0.020581  -0.000009
-0.015453 -0.015397 -0.015306  -0.000004
-0.010098 -0.010012 -0.009951  -0.000001
-0.004606 -0.004515 -0.004454  -0.000000
-0.003665 -0.003595 -0.003504  -0.000000
0.003406 0.003492 0.003553  0.000000
0.016612 0.016678 0.016764  0.000005
0.018172 0.018233 0.018324  0.000006
0.866381 0.866447 0.866533  0.650126
-0.774664 -0.774608 -0.774517  -0.465043
-0.766891 -0.766834 -0.766744  -0.451185
0.040327 0.040413 0.040484  0.000065
0.086077 0.131887 0.131978  0.000633
0.183005 0.183096 0.234366  -0.000606
0.291115 0.291205 0.291266  0.024656
0.062066 0.062152 0.062222  0.000238
0.067563 0.067644 0.067715  0.000307
0.072904 0.072990 0.073056  0.000386
0.078008 0.078060 0.078155  0.000473
0.083145 0.083206 0.083297  0.000573
0.088101 0.088192 0.088253  0.000682
0.093257 0.093343 0.093404  0.000809
0.098319 0.098385 0.098471  0.000948
-0.096530 -0.096464 -0.096378  -0.000902
-0.187307 -0.187221 -0.187150  -0.006579
-0.272253 -0.272172 -0.272106  -0.020195
-0.351091 -0.351034 -0.350939  -0.043312
-0.073625 -0.073559 -0.073473  -0.000400
0.774902 0.774992 0.775063  0.465180
-0.865735 -0.865674 -0.865588  -0.649060
-0.857672 -0.857611 -0.857525  -0.631095
-0.050450 -0.050388 -0.050298  -0.000129
-0.095486 -0.140467 -0.140392  -0.000875
-0.179950 -0.179869 -0.219205  -0.001113
-0.253001 -0.252920 -0.252849  -0.016208
-0.027762 -0.027701 -0.027615  -0.000022
-0.022228 -0.022142 -0.022076  -0.000011
-0.017147 -0.017081 -0.016995  -0.000005
-0.012077 -0.011995 -0.011930  -0.000002
-0.006764 -0.006683 -0.006617  -0.000000
-0.001342 -0.001281 -0.001195  -0.000000
0.004193 0.004274 0.004344  0.000000
0.010098 0.010155 0.010246  0.000001
0.015430 0.015491 0.015582  0.000004
0.036158 0.036228 0.036314  0.000047
0.062321 0.062382 0.062468  0.000241
0.093555 0.093616 0.093707  0.000816
0.036271 0.036357 0.036423  0.000047
0.884480 0.884557 0.884627  0.691768
-0.756399 -0.756313 -0.756252  -0.432871
-0.749042 -0.748977 -0.748890  -0.420406
0.058351 0.058437 0.058503  0.000198
0.121891 0.185512 0.185583  0.001804
0.254166 0.254232 0.323038  -0.000859
0.397151 0.397217 0.397303  0.062601
0.079008 0.079089 0.079160  0.000492
0.084956 0.085012 0.085108  0.000611
-0.031980 -0.031837 -0.031771  -0.000033
-0.025956 -0.025875 -0.025809  -0.000018
-0.020649 -0.020572 -0.020501  -0.000009
-0.015212 -0.015142 -0.015051  -0.000004
-0.009886 -0.009820 -0.009734  -0.000001
-0.002823 -0.002732 -0.002676  -0.000000
0.002798 0.002863 0.002950  0.000000
0.011838 0.011903 0.011990  0.000002
0.026359 0.026450 0.026516  0.000018
0.046251 0.046328 0.046399  0.000098
0.025129 0.025186 0.025256  0.000016
0.873593 0.873675 0.873741  0.666546
-0.767427 -0.767361 -0.767275  -0.452123
-0.760242 -0.760181 -0.760095  -0.439545
0.046924 0.046985 0.047076  0.000103
0.098928 0.151013 0.151083  0.000963
0.208415 0.208481 0.266030  -0.000713
0.329166 0.329252 0.329318  0.035644
0.068373 0.068434 0.068525  0.000318
0.074018 0.074079 0.074165  0.000404
0.079160 0.079216 0.079311  0.000494
0.084234 0.084316 0.084381  0.000596
0.089306 0.089371 0.089437  0.000711
0.094509 0.094570 0.094656  0.000842
0.099665 0.099726 0.099817  0.000987
-0.095279 -0.095223 -0.095132  -0.000867
-0.089554 -0.089502 -0.089407  -0.000721
-0.173507 -0.173416 -0.173350  -0.005229
-0.251676 -0.251615 -0.251525  -0.015959
-0.323993 -0.323937 -0.323846  -0.034039
-0.066355 -0.066298 -0.066208  -0.000293
0.781964 0.782025 0.782115  0.477978
-0.858841 -0.858764 -0.858693  -0.633643
-0.851456 -0.851395 -0.851308  -0.617473
-0.044446 -0.044375 -0.044289  -0.000088
-0.083427 -0.122342 -0.122256  -0.000585
-0.155855 -0.155794 -0.189154  -0.000799
-0.217141 -0.217075 -0.216994  -0.010250
-0.022342 -0.022286 -0.022195  -0.000011
-0.016864 -0.016808 -0.016717  -0.000005
-0.011343 -0.011257 -0.011191  -0.000001
-0.006134 -0.006078 -0.006007  -0.000000
-0.000898 -0.000812 -0.000751  -0.000000
0.004998 0.005059 0.005150  0.000000
0.010657 0.010722 0.010809  0.000001
0.015911 0.015993 0.016063  0.000004
0.021305 0.021362 0.021452  0.000010
0.047998 0.048089 0.048155  0.000110
0.079891 0.079957 0.080043  0.000508
0.117034 0.117110 0.117181  0.001600
0.042621 0.042677 0.042768  0.000077
0.891124 0.891181 0.891276  0.707416
-0.749926 -0.749849 -0.749779  -0.421868
-0.742494 -0.742408 -0.742342  -0.409443
0.064649 0.064710 0.064801  0.000269
0.134436 0.204288 0.204374  0.002419
0.279093 0.279154 0.354106  -0.000909
0.434536 0.434592 0.434663  0.082010
0.085657 0.085718 0.085809  0.000626
0.091254 0.091315 0.091406  0.000758
0.096149 0.096210 0.096301  0.000886
-0.098695 -0.098629 -0.098539  -0.000964
-0.092843 -0.092761 -0.092695  -0.000802
-0.087173 -0.087117 -0.087046  -0.000664
-0.081842 -0.081776 -0.081690  -0.000550
-0.076146 -0.076085 -0.075999  -0.000443
-0.070871 -0.070815 -0.070719  -0.000357
-0.136287 -0.136221 -0.136130  -0.002536
-0.195670 -0.195614 -0.195523  -0.007502
-0.248958 -0.248872 -0.248802  -0.015444
-0.047454 -0.047373 -0.047307  -0.000107
0.800689 0.800750 0.800840  0.513149
-0.839901 -0.839815 -0.839749  -0.592634
-0.832483 -0.832422 -0.832336  -0.577113
-0.025602 -0.025545 -0.025454  -0.000017
-0.045725 -0.065782 -0.065701  -0.000097
-0.080118 -0.080053 -0.094237  -0.000190
-0.102726 -0.102649 -0.102578  -0.001086
-0.002882 -0.002805 -0.002735  -0.000000
0.002702 0.002767 0.002849  0.000000
0.008895 0.008972 0.009043  0.000001
0.014682 0.014773 0.014834  0.000003
0.020090 0.020151 0.020237  0.000008
0.025393 0.025455 0.025545  0.000016
0.030426 0.030487 0.030578  0.000028
0.035505 0.035587 0.035657  0.000044
0.040866 0.040927 0.040998  0.000068
0.086835 0.086921 0.086992  0.000653
0.137848 0.137909 0.137995  0.002614
0.194049 0.194110 0.194175  0.007299
0.061617 0.061698 0.061764  0.000233
0.909926 0.909987 0.910078  0.753162
-0.731199 -0.731133 -0.731047  -0.391075
-0.723797 -0.723706 -0.723645  -0.379280
0.083442 0.083503 0.083568  0.000580
0.172077 0.260768 0.260864  0.005076
0.354768 0.354829 0.448980  -0.001181
0.548909 0.548970 0.349056  0.288300
-0.094707 -0.094616 -0.094555  -0.000851
-0.088967 -0.088906 -0.088815  -0.000706
-0.083512 -0.083451 -0.083365  -0.000584
-0.078120 -0.078034 -0.077968  -0.000478
-0.072793 -0.072712 -0.072641  -0.000387
-0.067485 -0.067399 -0.067334  -0.000308
-0.062210 -0.062149 -0.062059  -0.000242
0.019473 0.019591 0.019677  0.000007
0.025003 0.025060 0.025151  0.000015
0.055476 0.055551 0.055637  0.000170
0.091364 0.091450 0.091511  0.000761
0.132684 0.132766 0.132836  0.002332
0.046277 0.046338 0.046429  0.000099
0.894689 0.894775 0.894841  0.716013
-0.746384 -0.746303 -0.746232  -0.415920
-0.738534 -0.738473 -0.738382  -0.402969
0.068565 0.068646 0.068712  0.000321
0.142125 0.215761 0.215836  0.002860
0.294652 0.294729 0.373767  -0.001033
0.458469 0.458550 0.458621  0.096323
0.090114 0.090175 0.090261  0.000730
0.095607 0.095693 0.095759  0.000872
-0.099204 -0.099123 -0.099053  -0.000978
-0.093114 -0.093033 -0.092967  -0.000809
-0.087692 -0.087626 -0.087545  -0.000676
-0.082281 -0.082195 -0.082134  -0.000558
-0.077015 -0.076945 -0.076859  -0.000458
-0.071901 -0.071845 -0.071775  -0.000373
-0.066689 -0.066619 -0.066537  -0.000298
-0.128061 -0.128000 -0.127909  -0.002105
-0.183248 -0.183182 -0.183096  -0.006162
-0.232525 -0.232439 -0.232373  -0.012583
-0.043600 -0.043528 -0.043453  -0.000083
0.804943 0.805013 0.805094  0.521390
-0.835951 -0.835885 -0.835799  -0.584354
-0.828633 -0.828572 -0.828486  -0.569144
-0.021557 -0.021481 -0.021410  -0.000010
-0.037337 -0.053027 -0.052956  -0.000053
-0.063095 -0.063034 -0.072951  -0.000113
-0.077309 -0.077227 -0.077157  -0.000463
0.000968 0.001050 0.001116  0.000000
0.007671 0.007727 0.007818  0.000000
0.013268 0.013325 0.013420  0.000002
0.018684 0.018761 0.018831  0.000006
0.023859 0.023936 0.024011  0.000013
0.029020 0.029106 0.029172  0.000024
0.034299 0.034381 0.034446  0.000040
0.039740 0.039801 0.039892  0.000062
0.044882 0.044943 0.045034  0.000090
