-0.041159 -0.041003 -0.040879  -0.000070
-0.107551 -0.107390 -0.107320  -0.001247
-0.138204 -0.138138 -0.138047  -0.002645
-0.024789 -0.024728 -0.024642  -0.000015
-0.092273 -0.092187 -0.092121  -0.000787
0.303281 0.303362 0.303428  0.027877
0.311348 0.311434 0.311500  0.030162
-0.000375 -0.000310 -0.000224  -0.000000
0.012141 0.024743 0.024809  0.000002
0.043801 0.043852 0.063057  -0.000082
0.088147 0.088228 0.088299  0.000683
0.030417 0.030493 0.030569  0.000028
0.035782 0.035843 0.035934  0.000045
0.041184 0.041266 0.041336  0.000069
0.046207 0.046289 0.046359  0.000098
0.051045 0.051132 0.051197  0.000132
0.055993 0.056064 0.056145  0.000175
0.060997 0.061054 0.061145  0.000226
0.066153 0.066210 0.066301  0.000288
0.071688 0.071770 0.071840  0.000367
0.148936 0.149030 0.149121  0.003298
0.232264 0.232334 0.232425  0.012515
0.320792 0.320853 0.320943  0.032984
0.093707 0.093768 0.093854  0.000821
0.025650 0.025715 0.025802  0.000017
0.220412 0.220468 0.220559  0.010695
0.227384 0.227445 0.227535  0.011742
-0.084816 -0.084755 -0.084669  -0.000612
-0.162957 -0.241043 -0.240972  -0.004340
-0.312350 -0.312269 -0.383429  -0.004553
-0.447460 -0.447404 -0.447313  -0.089645
-0.057912 -0.057851 -0.057760  -0.000195
-0.052059 -0.051978 -0.051908  -0.000142
-0.046500 -0.046434 -0.046352  -0.000101
-0.041016 -0.040960 -0.040869  -0.000069
-0.035230 -0.035173 -0.035082  -0.000044
-0.029433 -0.029377 -0.029286  -0.000026
-0.024188 -0.024107 -0.024041  -0.000014
-0.018813 -0.018752 -0.018686  -0.000007
-0.013388 -0.013311 -0.013241  -0.000002
-0.021685 -0.021615 -0.021529  -0.000010
-0.023988 -0.023927 -0.023841  -0.000014
-0.020982 -0.020901 -0.020831  -0.000009
0.008166 0.008236 0.008327  0.000001
-0.059821 -0.059739 -0.059664  -0.000215
0.335322 0.335387 0.335469  0.037676
0.344849 0.345020 0.345144  0.040966
0.036915 0.037000 0.037119  0.000050
0.083492 0.130196 0.130315  0.000576
0.184989 0.185073 0.240069  -0.001166
0.304699 0.304789 0.304903  0.028257
0.074069 0.074188 0.074282  0.000405
0.083830 0.083968 0.084119  0.000586
0.093032 0.093123 0.093261  0.000802
-0.098116 -0.098004 -0.097908  -0.000947
-0.088430 -0.088351 -0.088218  -0.000695
-0.078181 -0.078043 -0.077896  -0.000481
-0.069012 -0.068855 -0.068756  -0.000330
-0.058587 -0.058473 -0.058363  -0.000202
-0.048654 -0.048511 -0.048403  -0.000116
-0.088154 -0.088021 -0.087906  -0.000688
-0.116564 -0.116421 -0.116274  -0.001590
-0.134580 -0.134472 -0.134353  -0.002444
-0.007592 -0.007454 -0.007316  -0.000000
-0.070740 -0.070603 -0.070456  -0.000356
0.328913 0.329007 0.329126  0.035544
0.354577 0.354715 0.354853  0.044527
0.045798 0.045945 0.046069  0.000095
0.100324 0.154965 0.155049  0.001004
0.218735 0.219205 0.283554  -0.001800
0.357936 0.358069 0.358182  0.045815
0.083559 0.084019 0.084138  0.000581
0.093254 0.093364 0.093492  0.000808
-0.097663 -0.097553 -0.097420  -0.000935
-0.085998 -0.085643 -0.085500  -0.000639
-0.074534 -0.074401 -0.074268  -0.000416
-0.064829 -0.064710 -0.064596  -0.000274
-0.054541 -0.054261 -0.054153  -0.000163
-0.045838 -0.044803 -0.044694  -0.000097
-0.035687 -0.035564 -0.035440  -0.000046
-0.061086 -0.060972 -0.060864  -0.000229
-0.077201 -0.077093 -0.076979  -0.000462
-0.082821 -0.082631 -0.082498  -0.000571
0.004986 0.005115 0.005262  0.000000
-0.059125 -0.058987 -0.058868  -0.000208
0.340424 0.340562 0.340656  0.039418
0.352185 0.352318 0.352466  0.043628
0.043810 0.043924 0.044043  0.000083
0.097960 0.152229 0.152353  0.000931
0.216549 0.216682 0.281263  -0.001922
0.355325 0.355444 0.355577  0.044811
0.082799 0.082946 0.083047  0.000566
0.091775 0.091850 0.091992  0.000769
-0.097999 -0.097862 -0.097729  -0.000945
-0.088129 -0.088010 -0.087921  -0.000687
-0.078120 -0.077983 -0.077850  -0.000479
-0.067885 -0.067752 -0.067614  -0.000315
-0.058417 -0.058284 -0.058180  -0.000200
-0.047308 -0.047170 -0.047067  -0.000107
-0.036669 -0.036566 -0.036451  -0.000050
-0.062780 -0.062638 -0.062537  -0.000249
-0.078142 -0.078014 -0.077915  -0.000479
-0.084129 -0.084033 -0.083910  -0.000598
0.004816 0.004900 0.005033  0.000000
-0.058868 -0.058774 -0.058646  -0.000205
0.289816 0.290057 0.290153  0.024319
0.299620 0.299704 0.299814  0.026868
-0.009368 -0.009293 -0.009179  -0.000001
-0.007870 -0.006257 -0.006124  -0.000001
0.005032 0.005140 0.016661  -0.000004
0.038384 0.038503 0.038631  0.000056
0.029867 0.029967 0.030100  0.000026
0.038724 0.038808 0.038927  0.000058
0.047844 0.047963 0.048096  0.000109
0.056918 0.057037 0.057152  0.000183
0.066557 0.066661 0.066775  0.000293
0.075199 0.075332 0.075417  0.000424
0.083799 0.083879 0.084016  0.000586
0.092340 0.092450 0.092578  0.000784
0.099513 0.099622 0.099736  0.000982
0.006538 0.006657 0.006781  0.000000
-0.078423 -0.078320 -0.078210  -0.000484
-0.155317 -0.155233 -0.155114  -0.003755
-0.069040 -0.068935 -0.068811  -0.000331
-0.134730 -0.134625 -0.134502  -0.002452
0.262726 0.262849 0.262964  0.018111
0.273052 0.273127 0.273255  0.020329
-0.036169 -0.036036 -0.035970  -0.000048
-0.066593 -0.096956 -0.096865  -0.000298
-0.121813 -0.121731 -0.146436  -0.000471
-0.165604 -0.165543 -0.165453  -0.004549
-0.013767 -0.013685 -0.013619  -0.000003
-0.008013 -0.007947 -0.007866  -0.000001
-0.002791 -0.002714 -0.002644  -0.000000
0.004657 0.004718 0.004809  0.000000
0.010453 0.010523 0.010605  0.000001
0.015936 0.016027 0.016088  0.000004
0.021158 0.021244 0.021310  0.000009
0.026461 0.026538 0.026608  0.000018
0.031640 0.031727 0.031797  0.000031
0.068708 0.068798 0.068864  0.000323
0.111335 0.111391 0.111482  0.001377
0.159345 0.159411 0.159487  0.004040
0.053474 0.053535 0.053626  0.000152
-0.014545 -0.014484 -0.014398  -0.000003
0.380625 0.380691 0.380772  0.055108
0.387221 0.387298 0.387369  0.058028
0.074729 0.074795 0.074881  0.000416
0.155206 0.235765 0.235835  0.003727
0.321460 0.321531 0.407383  -0.001150
0.499169 0.499225 0.499296  0.124325
0.096998 0.097064 0.097150  0.000910
-0.096974 -0.096888 -0.096822  -0.000914
-0.091215 -0.091134 -0.091063  -0.000761
-0.085589 -0.085503 -0.085438  -0.000628
-0.080225 -0.080134 -0.080078  -0.000517
-0.074789 -0.074712 -0.074642  -0.000420
-0.069178 -0.069121 -0.069030  -0.000332
-0.063851 -0.063795 -0.063704  -0.000261
-0.058415 -0.058349 -0.058263  -0.000200
-0.111162 -0.111096 -0.111005  -0.001377
-0.158298 -0.158217 -0.158151  -0.003972
-0.199609 -0.199528 -0.199458  -0.007962
-0.035984 -0.035898 -0.035833  -0.000047
-0.103941 -0.103871 -0.103780  -0.001126
0.291461 0.291522 0.291613  0.024736
0.298697 0.298788 0.298849  0.026633
-0.013463 -0.013402 -0.013311  -0.000002
-0.021401 -0.029253 -0.029187  -0.000010
-0.031180 -0.031119 -0.032894  -0.000025
-0.028992 -0.028931 -0.028845  -0.000025
0.008939 0.009025 0.009091  0.000001
0.014284 0.014361 0.014432  0.000003
0.019683 0.019739 0.019830  0.000008
0.025061 0.025147 0.025218  0.000016
0.030493 0.030559 0.030640  0.000028
0.035909 0.035985 0.036056  0.000046
0.041284 0.041350 0.041431  0.000070
0.046852 0.046928 0.046999  0.000102
0.051961 0.052022 0.052108  0.000140
0.109010 0.109096 0.109166  0.001293
0.171990 0.172051 0.172142  0.005079
0.240386 0.240447 0.240533  0.013876
0.073718 0.073779 0.073870  0.000399
0.005528 0.005584 0.005675  0.000000
0.400238 0.400290 0.400385  0.064068
0.407280 0.407336 0.407427  0.067513
0.094877 0.094934 0.095024  0.000852
-0.004725 -0.104245 -0.104180  -0.000002
-0.197790 -0.197738 -0.291135  0.009207
-0.379064 -0.378998 -0.378912  -0.054504
-0.082265 -0.082188 -0.082118  -0.000558
-0.076735 -0.076654 -0.076583  -0.000453
-0.071285 -0.071203 -0.071138  -0.000363
-0.066199 -0.066147 -0.066052  -0.000291
-0.060811 -0.060735 -0.060664  -0.000226
-0.055641 -0.055555 -0.055489  -0.000173
-0.050191 -0.050125 -0.050039  -0.000127
-0.045049 -0.044979 -0.044897  -0.000092
-0.039804 -0.039722 -0.039657  -0.000063
-0.074204 -0.074139 -0.074053  -0.000410
-0.102876 -0.102785 -0.102710  -0.001091
-0.125731 -0.125670 -0.125604  -0.001991
-0.017026 -0.016970 -0.016879  -0.000005
-0.085036 -0.084950 -0.084889  -0.000616
0.309636 0.309702 0.309768  0.029667
0.316744 0.316821 0.316892  0.031757
0.004608 0.004684 0.004755  0.000000
0.016032 0.027518 0.027608  0.000004
0.044206 0.044292 0.061128  -0.000055
0.083465 0.083542 0.083612  0.000580
-0.050439 -0.050254 -0.050144  -0.000129
-0.044030 -0.043949 -0.043879  -0.000086
-0.038381 -0.038300 -0.038234  -0.000057
-0.032840 -0.032779 -0.032713  -0.000036
-0.027249 -0.027177 -0.027102  -0.000020
-0.020460 -0.020404 -0.020313  -0.000009
-0.014973 -0.014916 -0.014826  -0.000003
-0.009613 -0.009557 -0.009466  -0.000001
-0.004191 -0.004130 -0.004039  -0.000000
-0.001705 -0.001614 -0.001557  -0.000000
0.006811 0.006893 0.006963  0.000000
0.020895 0.020981 0.021042  0.000009
0.019055 0.019141 0.019207  0.000007
-0.049287 -0.049206 -0.049140  -0.000120
0.345807 0.345893 0.345958  0.041329
0.352940 0.353021 0.353091  0.043938
0.040997 0.041083 0.041149  0.000069
0.087914 0.134912 0.134982  0.000676
0.187141 0.187227 0.239608  -0.000639
0.297353 0.297430 0.297501  0.026273
0.063077 0.063153 0.063224  0.000250
0.068755 0.068816 0.068903  0.000324
0.073911 0.073977 0.074043  0.000403
0.079082 0.079143 0.079208  0.000493
0.084051 0.084137 0.084198  0.000592
0.089275 0.089340 0.089426  0.000709
0.094478 0.094543 0.094629  0.000841
0.099439 0.099505 0.099591  0.000981
-0.095591 -0.095509 -0.095439  -0.000875
-0.185507 -0.185437 -0.185351  -0.006393
-0.269473 -0.269391 -0.269321  -0.019583
-0.347631 -0.347561 -0.347479  -0.042040
-0.072623 -0.072542 -0.072472  -0.000384
-0.140681 -0.140590 -0.140529  -0.002788
0.254271 0.254357 0.254422  0.016427
0.261422 0.261504 0.261570  0.017853
-0.050600 -0.050539 -0.050448  -0.000130
-0.095105 -0.139554 -0.139458  -0.000866
-0.178447 -0.178386 -0.217128  -0.001123
-0.250547 -0.250481 -0.250395  -0.015744
-0.027833 -0.027756 -0.027686  -0.000022
-0.022374 -0.022297 -0.022226  -0.000011
-0.016867 -0.016785 -0.016720  -0.000005
-0.011540 -0.011459 -0.011393  -0.000002
-0.005915 -0.005829 -0.005768  -0.000000
-0.000450 -0.000369 -0.000303  -0.000000
0.005589 0.005654 0.005740  0.000000
0.011408 0.011469 0.011555  0.000001
0.017039 0.017100 0.017186  0.000005
0.039754 0.039840 0.039911  0.000062
0.068191 0.068273 0.068338  0.000316
0.101912 0.101969 0.102064  0.001055
0.038891 0.038948 0.039018  0.000059
-0.029205 -0.029119 -0.029058  -0.000025
0.365666 0.365723 0.365814  0.048858
0.372510 0.372582 0.372657  0.051660
0.060415 0.060497 0.060567  0.000220
0.126655 0.192986 0.193047  0.002025
0.264690 0.264771 0.336627  -0.001040
0.414146 0.414228 0.414298  0.070997
0.082728 0.082789 0.082880  0.000564
0.088604 0.088681 0.088752  0.000694
0.093681 0.093746 0.093832  0.000820
0.098603 0.098685 0.098751  0.000957
-0.096364 -0.096283 -0.096217  -0.000897
-0.090505 -0.090444 -0.090354  -0.000744
-0.084994 -0.084933 -0.084847  -0.000616
-0.079558 -0.079492 -0.079426  -0.000505
-0.074317 -0.074231 -0.074161  -0.000412
-0.143422 -0.143332 -0.143266  -0.002954
-0.206991 -0.206910 -0.206839  -0.008878
-0.264522 -0.264436 -0.264371  -0.018523
-0.052152 -0.052095 -0.052004  -0.000143
-0.120304 -0.120218 -0.120152  -0.001744
0.274292 0.274358 0.274444  0.020617
0.281406 0.281462 0.281553  0.022263
-0.030859 -0.030793 -0.030712  -0.000030
-0.055590 -0.080251 -0.080169  -0.000173
-0.099158 -0.099101 -0.117861  -0.000311
-0.131123 -0.131037 -0.130971  -0.002258
-0.007864 -0.007803 -0.007712  -0.000001
-0.002229 -0.002158 -0.002067  -0.000000
0.003680 0.003766 0.003832  0.000000
0.009890 0.009946 0.010037  0.000001
0.015852 0.015943 0.015999  0.000004
0.020832 0.020889 0.020980  0.000009
0.026255 0.026325 0.026381  0.000018
0.031357 0.031434 0.031505  0.000031
0.037221 0.037287 0.037368  0.000051
0.079645 0.079715 0.079801  0.000504
0.127314 0.127375 0.127466  0.002059
0.180353 0.180414 0.180501  0.005858
0.058124 0.058210 0.058275  0.000196
-0.009744 -0.009663 -0.009592  -0.000001
0.385223 0.385279 0.385370  0.057125
0.392270 0.392346 0.392417  0.060328
0.080175 0.080257 0.080322  0.000514
0.166161 0.252227 0.252298  0.004574
0.343056 0.343137 0.434113  -0.001035
0.530534 0.530595 0.530686  0.149251
-0.098670 -0.098593 -0.098523  -0.000963
-0.092755 -0.092689 -0.092603  -0.000800
-0.087064 -0.086973 -0.086902  -0.000662
-0.081523 -0.081471 -0.081375  -0.000544
-0.075750 -0.075689 -0.075603  -0.000436
0.014253 0.014415 0.014476  0.000003
0.019603 0.019660 0.019751  0.000007
0.025176 0.025253 0.025323  0.000016
0.030308 0.030390 0.030460  0.000028
0.066172 0.066242 0.066333  0.000289
0.107271 0.107337 0.107423  0.001231
0.153679 0.153769 0.153826  0.003625
0.051379 0.051444 0.051526  0.000135
-0.016627 -0.016541 -0.016475  -0.000005
0.378244 0.378306 0.378392  0.054078
0.384899 0.384960 0.385050  0.056981
0.072713 0.072795 0.072865  0.000383
0.151295 0.229937 0.230028  0.003449
0.313773 0.313855 0.397842  -0.001162
0.487129 0.487195 0.487281  0.115532
0.094665 0.094751 0.094816  0.000847
-0.099638 -0.099581 -0.099486  -0.000992
-0.093899 -0.093813 -0.093752  -0.000830
-0.088368 -0.088307 -0.088221  -0.000692
-0.083127 -0.083046 -0.082980  -0.000576
-0.077810 -0.077724 -0.077663  -0.000472
-0.072640 -0.072563 -0.072493  -0.000384
-0.067208 -0.067143 -0.067057  -0.000305
-0.062148 -0.062067 -0.062001  -0.000241
-0.119220 -0.119149 -0.119063  -0.001698
-0.170487 -0.170401 -0.170340  -0.004961
-0.216053 -0.215971 -0.215906  -0.010094
-0.039982 -0.039916 -0.039830  -0.000064
-0.108072 -0.108006 -0.107925  -0.001265
0.286651 0.286737 0.286802  0.023537
0.293793 0.293874 0.293945  0.025340
-0.017746 -0.017685 -0.017599  -0.000006
-0.029843 -0.041878 -0.041792  -0.000027
-0.048151 -0.048064 -0.054185  -0.000064
-0.054960 -0.054879 -0.054813  -0.000167
0.004661 0.004743 0.004813  0.000000
0.011278 0.011364 0.011429  0.000001
0.016538 0.016595 0.016686  0.000004
0.021395 0.021456 0.021547  0.000010
0.026827 0.026893 0.026979  0.000019
0.031949 0.032021 0.032096  0.000032
0.037256 0.037342 0.037404  0.000051
0.042426 0.042508 0.042578  0.000076
0.047512 0.047573 0.047664  0.000107
0.100255 0.100346 0.100407  0.001006
0.158421 0.158507 0.158572  0.003971
0.222125 0.222202 0.222272  0.010949
0.068714 0.068790 0.068861  0.000323
0.000827 0.000918 0.000979  0.000000
0.396610 0.396675 0.396757  0.062348
0.403729 0.403790 0.403880  0.065762
0.091524 0.091610 0.091676  0.000765
0.189011 0.286579 0.286645  0.006736
0.189074 0.189151 0.091794  0.012753
-0.000763 -0.000702 -0.000616  -0.000000
-0.086239 -0.086153 -0.086087  -0.000643
-0.080415 -0.080334 -0.080263  -0.000521
-0.075098 -0.075016 -0.074951  -0.000425
-0.069884 -0.069823 -0.069762  -0.000342
-0.064790 -0.064704 -0.064643  -0.000273
-0.059373 -0.059317 -0.059226  -0.000210
-0.054100 -0.054018 -0.053952  -0.000159
-0.048554 -0.048493 -0.048407  -0.000115
-0.043402 -0.043346 -0.043260  -0.000082
-0.081398 -0.081312 -0.081247  -0.000541
-0.113825 -0.113749 -0.113678  -0.001477
-0.140399 -0.140318 -0.140248  -0.002772
-0.020867 -0.020801 -0.020715  -0.000009
-0.089090 -0.089034 -0.088943  -0.000709
0.305733 0.305823 0.305884  0.028560
0.312653 0.312719 0.312800  0.030538
0.000762 0.000818 0.000909  0.000000
0.008207 0.015709 0.015805  0.000000
0.028514 0.028575 0.041532  -0.000025
0.059991 0.060056 0.060142  0.000215
0.023932 0.023989 0.024080  0.000014
0.029643 0.029719 0.029794  0.000026
0.034861 0.034922 0.035013  0.000042
0.040254 0.040335 0.040405  0.000065
0.045756 0.045842 0.045912  0.000095
0.050974 0.051026 0.051121  0.000132
0.055969 0.056035 0.056121  0.000175
0.060997 0.061053 0.061144  0.000226
0.065835 0.065901 0.065987  0.000284
0.136929 0.137015 0.137086  0.002563
0.213494 0.213560 0.213646  0.009719
0.295594 0.295655 0.295725  0.025809
0.087046 0.087127 0.087198  0.000658
0.019026 0.019112 0.019178  0.000007
0.413783 0.413860 0.413931  0.070810
0.220989 0.221059 0.221145  0.010780
-0.090347 -0.090281 -0.090215  -0.000739
-0.174789 -0.259151 -0.259085  -0.005353
-0.337445 -0.337384 -0.415547  -0.005072
-0.488330 -0.488264 -0.488178  -0.116511
-0.066617 -0.066536 -0.066470  -0.000297
-0.061319 -0.061233 -0.061167  -0.000231
-0.055836 -0.055754 -0.055689  -0.000175
-0.050713 -0.050656 -0.050565  -0.000131
-0.045614 -0.045533 -0.045463  -0.000095
-0.040216 -0.040150 -0.040064  -0.000065
-0.034775 -0.034714 -0.034623  -0.000042
-0.029696 -0.029610 -0.029539  -0.000026
-0.024336 -0.024255 -0.024184  -0.000015
-0.043297 -0.043227 -0.043141  -0.000082
0.052043 0.052181 0.052271  0.000140
-0.044874 -0.044817 -0.044727  -0.000091
-0.087361 -0.087151 -0.087071  -0.000669
-0.151115 -0.151001 -0.150907  -0.003457
0.245904 0.246009 0.246128  0.014848
0.255154 0.255233 0.255352  0.016588
-0.055457 -0.055352 -0.055229  -0.000172
-0.103439 -0.151315 -0.151212  -0.001114
-0.191783 -0.191678 -0.231938  -0.001619
-0.264783 -0.264704 -0.264580  -0.018590
-0.025247 -0.025114 -0.024995  -0.000016
-0.017624 -0.017491 -0.017398  -0.000006
-0.009623 -0.009466 -0.009371  -0.000001
-0.001199 -0.001065 -0.000995  -0.000000
0.005460 0.005542 0.005612  0.000000
0.011342 0.011399 0.011490  0.000001
0.016632 0.016693 0.016783  0.000005
0.021701 0.021778 0.021849  0.000010
0.027318 0.027379 0.027465  0.000020
0.060223 0.060294 0.060380  0.000217
0.098687 0.098753 0.098839  0.000959
0.142123 0.142184 0.142274  0.002865
0.048491 0.048577 0.048643  0.000114
-0.019400 -0.019319 -0.019248  -0.000007
0.375723 0.375780 0.375870  0.053002
0.382747 0.382813 0.382894  0.056035
0.070201 0.070258 0.070349  0.000345
0.146204 0.222263 0.222353  0.003112
0.303407 0.303468 0.384764  -0.001084
0.471501 0.471567 0.471648  0.104767
0.092025 0.092101 0.092172  0.000778
0.097727 0.097788 0.097874  0.000931
-0.097350 -0.097269 -0.097203  -0.000924
-0.091828 -0.091772 -0.091701  -0.000776
-0.086426 -0.086340 -0.086275  -0.000647
-0.081170 -0.081109 -0.081023  -0.000536
-0.076114 -0.076053 -0.075963  -0.000443
-0.070792 -0.070731 -0.070645  -0.000356
-0.065585 -0.065503 -0.065438  -0.000283
-0.125710 -0.125619 -0.125549  -0.001990
-0.179668 -0.179611 -0.179521  -0.005809
-0.227925 -0.227864 -0.227773  -0.011855
-0.042807 -0.042746 -0.042660  -0.000079
-0.110878 -0.110822 -0.110731  -0.001366
0.283888 0.283950 0.284036  0.022858
0.291012 0.291078 0.291139  0.024630
-0.020760 -0.020699 -0.020633  -0.000009
-0.035710 -0.050594 -0.050508  -0.000046
-0.059667 -0.059586 -0.068508  -0.000102
-0.072026 -0.071956 -0.071865  -0.000375
0.001955 0.002012 0.002102  0.000000
0.008202 0.008268 0.008349  0.000001
0.013737 0.013803 0.013894  0.000003
0.019101 0.019187 0.019253  0.000007
0.024481 0.024542 0.024633  0.000015
0.029665 0.029731 0.029817  0.000026
0.034807 0.034873 0.034959  0.000042
0.040347 0.040403 0.040494  0.000065
0.045550 0.045631 0.045702  0.000094
0.096351 0.096417 0.096507  0.000892
0.152127 0.152208 0.152278  0.003516
0.213249 0.213320 0.213401  0.009686
0.066396 0.066473 0.066543  0.000292
-0.001860 -0.001774 -0.001708  -0.000000
0.393865 0.393951 0.394016  0.061069
0.400775 0.400841 0.400922  0.064334
0.088623 0.088700 0.088770  0.000694
0.183493 0.278439 0.278510  0.006162
0.178475 0.178551 0.078734  0.010889
-0.016003 -0.015946 -0.015856  -0.000004
-0.088851 -0.088770 -0.088704  -0.000703
-0.082922 -0.082836 -0.082775  -0.000571
-0.077586 -0.077500 -0.077434  -0.000468
-0.071965 -0.071884 -0.071813  -0.000374
-0.066795 -0.066704 -0.066643  -0.000299
-0.061548 -0.061487 -0.061401  -0.000234
-0.056279 -0.056193 -0.056132  -0.000179
-0.050990 -0.050904 -0.050843  -0.000133
-0.045820 -0.045734 -0.045673  -0.000097
-0.086337 -0.086247 -0.086176  -0.000645
-0.121304 -0.121238 -0.121152  -0.001789
-0.150428 -0.150371 -0.150281  -0.003410
-0.023584 -0.023507 -0.023437  -0.000013
-0.091954 -0.091878 -0.091803  -0.000779
0.302880 0.302936 0.303027  0.027760
0.310160 0.310216 0.310312  0.029810
-0.001229 -0.001147 -0.001077  -0.000000
0.003827 0.008969 0.009035  0.000000
0.020491 0.020552 0.032205  -0.000016
0.049433 0.049519 0.049580  0.000120
0.022645 0.022706 0.022797  0.000011
0.028075 0.028151 0.028222  0.000022
0.033046 0.033123 0.033193  0.000036
0.038102 0.038188 0.038249  0.000055
0.043026 0.043083 0.043173  0.000079
0.048154 0.048215 0.048281  0.000111
0.053499 0.053565 0.053647  0.000152
0.058973 0.059034 0.059120  0.000204
0.064134 0.064200 0.064286  0.000263
0.133698 0.133789 0.133854  0.002386
0.208983 0.209069 0.209135  0.009118
0.289475 0.289557 0.289627  0.024239
0.085578 0.085649 0.085730  0.000625
0.017895 0.017976 0.018037  0.000006
0.412795 0.412860 0.412947  0.070296
0.220246 0.220316 0.220397  0.010672
0.002172 0.002334 0.002399  0.000000
0.011036 0.019981 0.020052  0.000001
0.034230 0.034296 0.048696  -0.000035
0.068645 0.068726 0.068792  0.000323
0.024953 0.025025 0.025100  0.000015
0.030698 0.030759 0.030845  0.000029
0.035616 0.035697 0.035768  0.000045
0.040767 0.040844 0.040919  0.000067
0.045795 0.045872 0.045942  0.000096
0.050956 0.051037 0.051107  0.000132
0.055889 0.055946 0.056037  0.000174
0.060845 0.060931 0.060997  0.000225
0.065783 0.065845 0.065931  0.000284
0.136770 0.136861 0.136926  0.002555
0.213344 0.213426 0.213496  0.009701
0.295217 0.295278 0.295369  0.025705
0.087081 0.087142 0.087232  0.000658
0.019070 0.019147 0.019217  0.000007
0.413748 0.413813 0.413900  0.070784
0.220818 0.220904 0.220970  0.010758
-0.090688 -0.090606 -0.090536  -0.000748
-0.175708 -0.260642 -0.260576  -0.005438
-0.339704 -0.339623 -0.418534  -0.005060
-0.492104 -0.492022 -0.491956  -0.119218
-0.067403 -0.067337 -0.067256  -0.000307
-0.061887 -0.061801 -0.061740  -0.000238
-0.056527 -0.056441 -0.056375  -0.000181
-0.051133 -0.051072 -0.050982  -0.000134
-0.045987 -0.045926 -0.045835  -0.000098
-0.040737 -0.040651 -0.040585  -0.000068
-0.035405 -0.035324 -0.035254  -0.000045
-0.030026 -0.029965 -0.029899  -0.000027
-0.024708 -0.024652 -0.024582  -0.000015
-0.043992 -0.043901 -0.043835  -0.000086
-0.057643 -0.057582 -0.057496  -0.000192
-0.066026 -0.065964 -0.065874  -0.000289
-0.003047 -0.002990 -0.002899  -0.000000
-0.070583 -0.070506 -0.070435  -0.000353
0.324114 0.324165 0.324261  0.034018
0.331128 0.331209 0.331275  0.036285
0.018938 0.019019 0.019085  0.000007
0.043269 0.067671 0.067757  0.000080
0.097547 0.097629 0.127652  -0.000221
0.163144 0.163220 0.163291  0.004337
0.040956 0.041038 0.041104  0.000068
0.046605 0.046692 0.046762  0.000101
0.051808 0.051885 0.051956  0.000138
0.056847 0.056913 0.056999  0.000183
0.062041 0.062102 0.062192  0.000238
0.067017 0.067078 0.067143  0.000300
0.072570 0.072656 0.072722  0.000381
0.077712 0.077773 0.077864  0.000468
0.082721 0.082787 0.082873  0.000564
0.170617 0.170687 0.170773  0.004959
0.263877 0.263943 0.264029  0.018356
0.362160 0.362246 0.362312  0.047475
-0.096503 -0.096442 -0.096356  -0.000901
-0.164537 -0.164476 -0.164390  -0.004461
0.230476 0.230562 0.230632  0.012231
0.237183 0.237244 0.237310  0.013332
-0.075173 -0.075107 -0.075021  -0.000426
-0.144436 -0.213637 -0.213551  -0.003025
-0.277043 -0.276961 -0.340215  -0.003130
-0.397880 -0.397819 -0.397729  -0.063031
-0.051580 -0.051519 -0.051433  -0.000138
-0.046087 -0.046026 -0.045935  -0.000098
-0.040870 -0.040789 -0.040723  -0.000069
-0.035462 -0.035396 -0.035310  -0.000045
-0.030060 -0.029984 -0.029913  -0.000027
-0.024666 -0.024605 -0.024535  -0.000015
-0.019496 -0.019440 -0.019370  -0.000007
-0.014052 -0.013966 -0.013905  -0.000003
-0.008616 -0.008525 -0.008464  -0.000001
-0.011810 -0.011749 -0.011654  -0.000002
-0.009205 -0.009114 -0.009018  -0.000001
-0.000961 -0.000896 -0.000814  -0.000000
0.013943 0.014029 0.014094  0.000003
-0.054337 -0.054281 -0.054190  -0.000161
0.340743 0.340809 0.340895  0.039532
0.347373 0.347430 0.347500  0.041891
0.035562 0.035639 0.035709  0.000045
0.077082 0.118688 0.118753  0.000455
0.165524 0.165610 0.212594  -0.000531
0.265101 0.265162 0.265228  0.018617
0.057742 0.057824 0.057894  0.000192
0.063410 0.063501 0.063567  0.000254
0.068879 0.068960 0.069031  0.000326
0.074059 0.074135 0.074206  0.000405
0.079116 0.079172 0.079243  0.000494
0.083910 0.084001 0.084062  0.000590
0.089190 0.089246 0.089337  0.000707
0.094227 0.094308 0.094374  0.000835
0.099198 0.099264 0.099350  0.000974
0.003471 0.003558 0.003623  0.000000
-0.086173 -0.086117 -0.086026  -0.000642
-0.170074 -0.170013 -0.169927  -0.004927
-0.078049 -0.077967 -0.077902  -0.000477
-0.146176 -0.146115 -0.146029  -0.003129
0.248889 0.248950 0.249041  0.015401
0.256126 0.256207 0.256273  0.016789
-0.056158 -0.056072 -0.056011  -0.000178
-0.106871 -0.157514 -0.157428  -0.001227
-0.202592 -0.202530 -0.247456  -0.001470
-0.286549 -0.286467 -0.286397  -0.023546
-0.033600 -0.033518 -0.033453  -0.000038
-0.027960 -0.027879 -0.027813  -0.000022
0.056114 0.056252 0.056338  0.000176
0.061597 0.061674 0.061744  0.000233
0.066867 0.066958 0.067015  0.000298
0.072023 0.072084 0.072171  0.000372
0.077028 0.077093 0.077179  0.000455
0.082051 0.082137 0.082202  0.000551
0.087083 0.087160 0.087230  0.000659
0.179507 0.179588 0.179658  0.005777
0.277485 0.277567 0.277632  0.021351
0.180709 0.180795 0.180866  0.005894
-0.091293 -0.091207 -0.091141  -0.000763
-0.158998 -0.158932 -0.158871  -0.004024
0.236351 0.236432 0.236503  0.013191
0.243332 0.243414 0.243484  0.014395
-0.068562 -0.068501 -0.068435  -0.000323
-0.131215 -0.193787 -0.193716  -0.002267
-0.250908 -0.250852 -0.307826  -0.002413
-0.359408 -0.359326 -0.359256  -0.046453
-0.046113 -0.046052 -0.045966  -0.000099
-0.040520 -0.040454 -0.040373  -0.000067
-0.035179 -0.035114 -0.035032  -0.000044
-0.029677 -0.029616 -0.029530  -0.000026
-0.024402 -0.024337 -0.024251  -0.000015
-0.018573 -0.018517 -0.018426  -0.000007
-0.013564 -0.013508 -0.013417  -0.000003
-0.008380 -0.008299 -0.008233  -0.000001
-0.002869 -0.002783 -0.002722  -0.000000
0.000680 0.000766 0.000836  0.000000
0.010718 0.010809 0.010879  0.000001
0.026139 0.026225 0.026291  0.000018
0.020668 0.020720 0.020815  0.000009
-0.047204 -0.047139 -0.047057  -0.000106
0.347866 0.347927 0.348013  0.042064
0.354672 0.354738 0.354824  0.044582
0.042117 0.042183 0.042264  0.000074
0.089778 0.137516 0.137587  0.000720
0.190481 0.190537 0.243648  -0.000636
0.302030 0.302087 0.302157  0.027533
0.063571 0.063632 0.063722  0.000256
0.069390 0.069456 0.069542  0.000333
0.074456 0.074537 0.074607  0.000412
0.079432 0.079513 0.079583  0.000500
0.084674 0.084744 0.084830  0.000605
0.089786 0.089867 0.089933  0.000722
0.094706 0.094771 0.094862  0.000847
0.099638 0.099714 0.099790  0.000987
-0.095202 -0.095115 -0.095050  -0.000865
-0.184668 -0.184602 -0.184511  -0.006307
-0.267732 -0.267651 -0.267581  -0.019206
-0.344971 -0.344905 -0.344824  -0.041082
-0.071594 -0.071533 -0.071447  -0.000368
-0.139684 -0.139623 -0.139537  -0.002731
0.255148 0.255230 0.255300  0.016597
0.262277 0.262358 0.262424  0.018028
-0.049718 -0.049657 -0.049566  -0.000124
-0.093355 -0.136935 -0.136865  -0.000818
-0.175151 -0.175070 -0.213134  -0.001057
-0.245725 -0.245648 -0.245578  -0.014850
-0.026211 -0.026145 -0.026059  -0.000018
-0.020239 -0.020158 -0.020087  -0.000008
-0.014613 -0.014557 -0.014466  -0.000003
-0.009196 -0.009135 -0.009069  -0.000001
-0.004007 -0.003937 -0.003855  -0.000000
0.001575 0.001656 0.001722  0.000000
0.007637 0.007723 0.007789  0.000000
0.012940 0.013031 0.013097  0.000002
0.018285 0.018362 0.018433  0.000006
0.041580 0.041671 0.041736  0.000072
0.070301 0.070382 0.070448  0.000346
0.104263 0.104344 0.104410  0.001131
0.039232 0.039288 0.039379  0.000060
-0.028493 -0.028412 -0.028342  -0.000023
0.366624 0.366705 0.366776  0.049251
0.373544 0.373610 0.373691  0.052088
0.061449 0.061511 0.061601  0.000231
0.128335 0.195282 0.195373  0.002103
0.267494 0.267560 0.339924  -0.000983
0.417879 0.417965 0.418026  0.072939
0.083244 0.083326 0.083391  0.000575
0.088856 0.088912 0.089003  0.000699
0.093822 0.093888 0.093970  0.000824
0.099154 0.099220 0.099306  0.000972
-0.094828 -0.094746 -0.094681  -0.000854
-0.089169 -0.089088 -0.089022  -0.000711
-0.083562 -0.083481 -0.083415  -0.000585
-0.078145 -0.078084 -0.077993  -0.000479
-0.072482 -0.072391 -0.072330  -0.000382
-0.139495 -0.139434 -0.139343  -0.002720
-0.200746 -0.200660 -0.200594  -0.008098
-0.255697 -0.255611 -0.255545  -0.016731
-0.049330 -0.049269 -0.049178  -0.000121
-0.117525 -0.117439 -0.117378  -0.001626
0.276938 0.277024 0.277090  0.021225
0.284153 0.284214 0.284279  0.022927
-0.027867 -0.027781 -0.027715  -0.000022
-0.049620 -0.071291 -0.071226  -0.000123
-0.087494 -0.087433 -0.103504  -0.000229
-0.114281 -0.114204 -0.114134  -0.001495
-0.005180 -0.005119 -0.005033  -0.000000
0.000707 0.000773 0.000859  0.000000
0.006754 0.006835 0.006906  0.000000
0.012062 0.012143 0.012214  0.000002
0.017222 0.017308 0.017374  0.000005
0.022479 0.022544 0.022630  0.000011
0.027833 0.027890 0.027981  0.000021
-0.088520 -0.088382 -0.088291  -0.000696
-0.082572 -0.082491 -0.082425  -0.000564
-0.159451 -0.159385 -0.159294  -0.004061
-0.230620 -0.230554 -0.230473  -0.012279
-0.295911 -0.295850 -0.295764  -0.025934
-0.059742 -0.059656 -0.059595  -0.000214
-0.127699 -0.127634 -0.127552  -0.002086
0.267380 0.267437 0.267527  0.019096
0.274689 0.274750 0.274840  0.020706
-0.037165 -0.037088 -0.037018  -0.000052
-0.068627 -0.100029 -0.099943  -0.000326
-0.125634 -0.125558 -0.151016  -0.000518
-0.171213 -0.171157 -0.171066  -0.005027
-0.014529 -0.014468 -0.014382  -0.000003
-0.009322 -0.009245 -0.009170  -0.000001
-0.003696 -0.003619 -0.003549  -0.000000
0.002546 0.002637 0.002698  0.000000
0.008461 0.008518 0.008608  0.000001
0.013779 0.013835 0.013926  0.000003
0.018935 0.019005 0.019082  0.000007
0.024072 0.024128 0.024199  0.000014
0.029027 0.029109 0.029179  0.000024
0.063278 0.063344 0.063435  0.000252
0.103087 0.103148 0.103239  0.001093
0.148356 0.148442 0.148503  0.003261
0.050325 0.050406 0.050476  0.000127
-0.017609 -0.017528 -0.017457  -0.000006
0.377475 0.377557 0.377627  0.053755
0.384414 0.384475 0.384566  0.056766
0.071841 0.071907 0.071993  0.000369
0.149410 0.227057 0.227127  0.003324
0.309840 0.309902 0.392837  -0.001115
0.481426 0.481487 0.481578  0.111518
0.093645 0.093726 0.093792  0.000819
0.099635 0.099712 0.099782  0.000987
-0.095279 -0.095218 -0.095132  -0.000867
-0.089506 -0.089445 -0.089355  -0.000719
-0.084189 -0.084133 -0.084042  -0.000599
-0.078692 -0.078636 -0.078545  -0.000489
-0.073299 -0.073218 -0.073152  -0.000395
-0.068125 -0.068043 -0.067973  -0.000317
-0.062726 -0.062670 -0.062574  -0.000248
-0.120097 -0.120011 -0.119941  -0.001735
-0.171686 -0.171610 -0.171539  -0.005067
-0.217124 -0.217038 -0.216972  -0.010245
-0.040167 -0.040111 -0.040016  -0.000065
-0.108344 -0.108267 -0.108196  -0.001274
0.286537 0.286594 0.286685  0.023503
0.293666 0.293722 0.293813  0.025302
-0.018448 -0.018391 -0.018300  -0.000006
-0.031052 -0.043595 -0.043505  -0.000030
-0.050455 -0.050394 -0.057102  -0.000070
-0.058000 -0.057939 -0.057848  -0.000196
0.004889 0.004955 0.005041  0.000000
0.010461 0.010538 0.010613  0.000001
0.015935 0.016017 0.016082  0.000004
0.021177 0.021238 0.021329  0.000009
0.026247 0.026338 0.026394  0.000018
0.031114 0.031200 0.031266  0.000030
0.036825 0.036891 0.036972  0.000050
0.042388 0.042470 0.042535  0.000076
0.047474 0.047530 0.047621  0.000106
0.100426 0.100497 0.100578  0.001010
0.158851 0.158932 0.159003  0.004003
0.222627 0.222683 0.222774  0.011021
0.068899 0.068956 0.069047  0.000326
0.000747 0.000828 0.000889  0.000000
0.396467 0.396548 0.396618  0.062286
0.403415 0.403476 0.403567  0.065609
0.091206 0.091288 0.091353  0.000757
0.187944 0.284747 0.284838  0.006617
0.186744 0.186826 0.088975  0.012329
-0.003795 -0.003734 -0.003644  -0.000000
-0.086334 -0.086273 -0.086182  -0.000646
-0.080642 -0.080556 -0.080495  -0.000526
-0.075274 -0.075197 -0.075126  -0.000428
-0.069875 -0.069819 -0.069728  -0.000342
-0.064871 -0.064814 -0.064719  -0.000274
-0.059806 -0.059719 -0.059654  -0.000215
-0.054094 -0.054033 -0.053942  -0.000159
-0.049166 -0.049085 -0.049015  -0.000119
-0.044024 -0.043968 -0.043877  -0.000086
-0.082746 -0.082689 -0.082594  -0.000569
-0.116009 -0.115928 -0.115857  -0.001564
-0.143322 -0.143261 -0.143175  -0.002949
-0.021707 -0.021646 -0.021555  -0.000010
-0.090025 -0.089969 -0.089878  -0.000732
0.304613 0.304694 0.304760  0.028246
0.311604 0.311685 0.311755  0.030235
-0.000206 -0.000150 -0.000059  -0.000000
0.006517 0.013322 0.013392  0.000000
0.025315 0.025376 0.037517  -0.000020
0.055464 0.055520 0.055611  0.000170
0.023553 0.023614 0.023700  0.000013
0.029240 0.029326 0.029392  0.000025
0.034372 0.034443 0.034519  0.000040
0.039708 0.039769 0.039860  0.000062
0.044846 0.044911 0.045002  0.000090
0.049953 0.050030 0.050100  0.000124
0.055242 0.055333 0.055394  0.000168
0.060265 0.060342 0.060412  0.000218
0.065185 0.065246 0.065337  0.000276
0.135587 0.135673 0.135743  0.002489
0.211667 0.211733 0.211819  0.009472
0.293121 0.293182 0.293273  0.025162
0.086781 0.086842 0.086933  0.000651
-0.102980 -0.102852 -0.102786  -0.001094
0.292645 0.292731 0.292792  0.025047
0.299702 0.299773 0.299859  0.026897
-0.012577 -0.012516 -0.012425  -0.000002
-0.019292 -0.025920 -0.025855  -0.000007
-0.027047 -0.026986 -0.027961  -0.000018
-0.023292 -0.023231 -0.023140  -0.000013
0.009968 0.010024 0.010115  0.000001
0.016916 0.016993 0.017063  0.000005
0.022603 0.022684 0.022755  0.000011
0.027707 0.027768 0.027859  0.000021
0.032891 0.032968 0.033038  0.000035
0.038124 0.038190 0.038255  0.000055
0.043061 0.043147 0.043213  0.000079
0.048051 0.048117 0.048203  0.000110
0.053410 0.053487 0.053562  0.000152
0.112166 0.112257 0.112323  0.001409
0.176568 0.176624 0.176715  0.005496
0.246220 0.246301 0.246372  0.014914
0.075144 0.075226 0.075291  0.000423
0.007519 0.007580 0.007661  0.000000
0.402447 0.402517 0.402603  0.065140
0.409589 0.409650 0.409737  0.068671
0.097248 0.097324 0.097395  0.000918
-0.000008 -0.097182 -0.097111  -0.000002
-0.188772 -0.188706 -0.280145  0.008539
-0.366096 -0.366039 -0.365949  -0.049103
-0.080208 -0.080126 -0.080056  -0.000517
-0.074743 -0.074662 -0.074596  -0.000419
-0.069242 -0.069160 -0.069090  -0.000333
-0.063763 -0.063682 -0.063616  -0.000260
-0.058383 -0.058327 -0.058236  -0.000200
-0.052615 -0.052549 -0.052459  -0.000146
-0.047393 -0.047328 -0.047242  -0.000107
-0.042128 -0.042067 -0.041976  -0.000075
-0.036537 -0.036455 -0.036385  -0.000049
