66 23 0 0
38 7 0 0
2 115 0 0
142 135 0 0
138 107 0 0
134 83 0 0
142 103 0 0
6 115 0 0
22 15 0 0
22 171 0 0
14 163 0 0
78 31 0 0
2 139 0 0
150 107 0 0
162 131 0 0
142 95 0 0
74 43 0 0
142 103 0 0
2 127 0 0
30 123 0 0
6 155 0 0
102 95 0 0
154 111 0 0
2 123 0 0
114 111 0 0
78 51 0 0
2 115 0 0
34 3 0 0
114 83 0 0
78 35 0 0
122 111 0 0
2 127 0 0
78 51 0 0
2 123 0 0
122 91 0 0
78 35 0 0
78 43 0 0
110 79 0 0
166 115 0 0
6 131 0 0
66 23 0 0
66 23 0 0
70 31 0 0
2 115 0 0
82 79 0 0
134 79 0 0
6 155 0 0
50 15 0 0
42 7 0 0
146 115 0 0
78 43 0 0
78 51 0 0
146 119 0 0
38 11 0 0
130 99 0 0
30 23 0 0
110 75 0 0
34 3 0 0
74 47 0 0
142 83 0 0
58 35 0 0
102 95 0 0
150 139 0 0
38 3 0 0
146 115 0 0
134 95 0 0
38 3 0 0
38 7 0 0
102 47 0 0
42 31 0 0
114 79 0 0
62 15 0 0
134 79 0 0
130 79 0 0
98 35 0 0
70 31 0 0
30 155 0 0
110 79 0 0
2 119 0 0
10 155 0 0
94 63 0 0
158 103 0 0
66 11 0 0
102 51 0 0
2 127 0 0
170 115 0 0
2 119 0 0
50 15 0 0
142 111 0 0
142 111 0 0
6 143 0 0
6 147 0 0
142 99 0 0
146 111 0 0
10 179 0 0
6 127 0 0
46 15 0 0
150 139 0 0
150 103 0 0
102 43 0 0
158 115 0 0
130 99 0 0
62 15 0 0
106 75 0 0
146 107 0 0
30 119 0 0
70 39 0 0
106 71 0 0
142 115 0 0
114 83 0 0
2 143 0 0
70 27 0 0
38 7 0 0
110 99 0 0
138 131 0 0
38 7 0 0
30 19 0 0
42 15 0 0
142 99 0 0
38 7 0 0
10 115 0 0
130 103 0 0
138 95 0 0
94 51 0 0
82 39 0 0
150 119 0 0
98 95 0 0
158 115 0 0
74 27 0 0
22 11 0 0
90 75 0 0
94 63 0 0
134 91 0 0
6 147 0 0
130 123 0 0
6 143 0 0
6 147 0 0
98 47 0 0
154 103 0 0
42 7 0 0
14 127 0 0
110 79 0 0
66 11 0 0
74 43 0 0
102 47 0 0
94 87 0 0
62 11 0 0
74 43 0 0
70 39 0 0
134 107 0 0
6 159 0 0
30 151 0 0
74 47 0 0
98 47 0 0
138 83 0 0
38 67 0 0
158 119 0 0
114 135 0 0
138 103 0 0
38 7 0 0
166 131 0 0
146 115 0 0
74 35 0 0
130 107 0 0
18 127 0 0
42 11 0 0
38 23 0 0
62 35 0 0
74 43 0 0
62 11 0 0
18 143 0 0
102 99 0 0
142 87 0 0
90 39 0 0
102 75 0 0
22 147 0 0
102 71 0 0
162 107 0 0
34 3 0 0
26 179 0 0
10 159 0 0
82 39 0 0
30 175 0 0
138 95 0 0
74 39 0 0
70 63 0 0
10 147 0 0
42 11 0 0
98 71 0 0
146 115 0 0
70 63 0 0
126 79 0 0
74 43 0 0
2 111 0 0
6 127 0 0
122 79 0 0
6 139 0 0
118 67 0 0
78 15 0 0
110 67 0 0
