12 8 4 5 6
22 18 19 20 16
2 48 74 75 76
7 88 54 55 56
82 83 74 50 51
37 13 14 30 31
32 8 9 5 6
47 48 74 45 46
77 68 39 40 41
62 58 64 60 36
57 28 24 25 26
12 8 4 5 6
17 13 14 10 11
32 8 4 5 6
32 13 9 10 11
52 13 14 30 31
62 68 64 85 66
2 73 49 70 66
52 53 49 50 51
67 68 69 65 66
7 73 74 75 71
67 43 64 60 66
42 38 59 40 41
12 63 64 100 66
32 28 24 25 26
7 73 74 70 106
2 73 54 55 51
67 33 34 35 31
62 63 59 40 61
27 8 9 10 11
67 38 19 20 41
62 38 34 30 16
7 3 4 5 6
2 68 64 50 71
62 53 54 60 61
82 43 44 40 41
52 53 54 75 71
27 3 4 5 6
32 8 9 5 6
92 73 69 50 51
87 48 64 70 66
62 38 39 35 36
52 53 54 50 51
77 58 54 35 36
42 43 74 70 41
12 68 64 65 96
22 13 14 20 21
12 8 9 10 11
12 8 9 10 11
2 73 74 75 66
7 3 4 5 6
2 53 74 75 71
52 73 79 75 71
7 53 74 75 76
2 63 69 85 71
62 33 39 40 36
22 13 14 15 16
2 48 69 75 71
77 48 44 50 81
22 3 4 5 6
82 73 69 45 46
57 38 34 40 41
22 13 14 15 16
2 73 69 70 91
67 63 69 70 61
42 43 39 40 36
2 53 54 50 56
47 43 39 45 46
2 68 64 70 71
52 48 54 50 51
77 53 49 50 51
67 63 64 40 41
57 33 54 50 31
37 23 19 20 21
52 53 54 50 51
57 38 34 35 31
42 38 74 75 71
2 58 54 80 86
47 63 44 45 41
62 53 34 35 31
32 28 29 30 31
92 63 44 65 61
32 8 9 10 26
32 23 4 5 6
17 8 9 5 6
77 38 39 40 41
82 48 44 45 51
62 38 34 30 16
67 63 69 65 86
22 18 19 20 21
7 78 49 80 76
52 48 84 80 51
57 23 24 20 21
52 53 79 50 51
47 48 74 45 46
62 38 64 40 41
12 8 4 5 6
27 23 24 20 21
87 68 64 60 66
47 48 79 75 46
2 78 49 50 76
2 73 79 75 71
7 83 59 90 81
87 58 64 60 41
12 18 39 35 16
7 53 94 75 76
42 18 39 40 36
72 38 39 40 66
27 23 24 20 21
42 73 74 70 41
72 38 39 40 41
2 58 54 55 56
67 43 39 45 76
27 8 9 10 11
42 43 74 70 66
27 28 9 10 11
62 38 34 35 36
7 73 89 90 71
77 43 44 45 46
27 3 4 5 6
72 33 29 30 26
32 28 24 25 26
67 33 34 35 31
87 53 49 55 56
67 63 64 65 66
12 8 9 10 6
2 88 84 80 51
62 43 39 70 71
2 73 69 75 71
32 8 29 25 26
67 68 69 65 46
67 43 44 60 41
42 43 74 70 66
97 53 54 50 51
47 48 44 45 46
72 43 44 50 76
22 18 19 20 16
47 43 44 45 46
7 53 59 60 56
62 33 39 40 36
32 3 4 5 6
82 43 44 45 46
2 73 69 75 76
52 53 54 50 51
82 48 64 70 66
42 48 49 40 41
47 43 49 80 76
12 88 59 60 61
82 48 49 45 51
57 18 39 40 36
32 8 9 30 31
57 58 59 55 61
47 48 44 45 46
17 8 9 10 11
72 48 44 45 76
27 23 24 25 26
42 43 69 70 66
77 43 44 45 81
17 8 9 5 6
42 43 79 75 76
7 58 89 55 56
12 88 59 60 61
42 73 69 40 41
32 33 29 30 31
57 13 14 35 31
17 78 74 75 51
2 63 84 60 61
72 78 74 45 81
12 63 94 90 61
72 48 44 45 46
17 8 4 5 6
2 83 54 55 81
42 38 39 75 76
72 43 39 80 76
67 43 39 45 41
37 38 34 35 31
37 38 39 35 16
92 63 44 65 41
47 43 44 45 41
97 48 74 65 71
62 38 34 30 16
42 38 74 70 41
62 63 44 65 61
67 73 69 40 41
62 43 69 45 46
62 33 34 35 31
77 33 34 75 56
27 23 24 20 21
22 83 69 90 86
42 38 39 40 41
52 28 9 10 11
62 33 34 35 36
72 38 39 70 66
17 8 9 5 6
22 23 24 20 21
72 33 34 35 36
37 13 14 15 31
77 43 39 40 81
57 18 19 40 41
52 48 49 50 46
