26 23 0 0
14 63 0 0
58 59 0 0
30 27 0 0
10 3 0 0
14 11 0 0
6 63 0 0
50 55 0 0
6 63 0 0
2 35 0 0
38 35 0 0
14 7 0 0
26 19 0 0
14 67 0 0
18 19 0 0
58 27 0 0
2 59 0 0
18 11 0 0
10 3 0 0
18 11 0 0
50 47 0 0
58 31 0 0
6 3 0 0
54 47 0 0
14 11 0 0
2 59 0 0
62 59 0 0
42 19 0 0
6 63 0 0
38 15 0 0
42 19 0 0
34 7 0 0
6 3 0 0
50 43 0 0
6 55 0 0
10 7 0 0
50 51 0 0
22 63 0 0
58 55 0 0
10 3 0 0
6 63 0 0
2 59 0 0
46 43 0 0
18 15 0 0
50 43 0 0
14 67 0 0
6 63 0 0
14 11 0 0
6 63 0 0
42 19 0 0
38 35 0 0
2 55 0 0
38 15 0 0
54 51 0 0
42 19 0 0
22 55 0 0
14 63 0 0
58 31 0 0
54 47 0 0
38 11 0 0
50 23 0 0
38 15 0 0
10 3 0 0
2 59 0 0
10 3 0 0
54 55 0 0
6 63 0 0
54 43 0 0
10 3 0 0
58 51 0 0
54 51 0 0
58 31 0 0
18 15 0 0
42 39 0 0
62 51 0 0
6 63 0 0
50 51 0 0
6 63 0 0
62 31 0 0
2 59 0 0
62 35 0 0
50 23 0 0
2 59 0 0
2 63 0 0
38 15 0 0
46 43 0 0
10 3 0 0
54 47 0 0
2 55 0 0
54 43 0 0
46 19 0 0
50 27 0 0
50 43 0 0
58 31 0 0
10 3 0 0
42 19 0 0
66 39 0 0
50 23 0 0
6 63 0 0
18 15 0 0
54 51 0 0
50 43 0 0
78 51 0 0
58 47 0 0
2 55 0 0
2 31 0 0
74 47 0 0
6 67 0 0
2 67 0 0
6 63 0 0
14 11 0 0
6 55 0 0
46 19 0 0
78 55 0 0
58 55 0 0
6 63 0 0
38 31 0 0
46 43 0 0
2 51 0 0
18 15 0 0
74 47 0 0
34 15 0 0
42 15 0 0
2 59 0 0
50 23 0 0
30 27 0 0
6 63 0 0
50 47 0 0
46 23 0 0
50 43 0 0
78 55 0 0
14 7 0 0
2 59 0 0
10 63 0 0
26 23 0 0
42 19 0 0
50 23 0 0
54 51 0 0
54 27 0 0
18 15 0 0
14 11 0 0
46 47 0 0
50 23 0 0
54 27 0 0
46 43 0 0
14 63 0 0
42 39 0 0
2 59 0 0
10 7 0 0
6 67 0 0
10 3 0 0
54 47 0 0
38 15 0 0
18 55 0 0
50 47 0 0
14 7 0 0
50 47 0 0
10 7 0 0
74 47 0 0
14 11 0 0
14 7 0 0
42 19 0 0
54 27 0 0
78 47 0 0
22 19 0 0
10 7 0 0
54 51 0 0
50 51 0 0
10 3 0 0
42 19 0 0
50 23 0 0
66 43 0 0
22 15 0 0
2 35 0 0
54 47 0 0
54 51 0 0
58 55 0 0
66 43 0 0
34 31 0 0
34 31 0 0
2 55 0 0
54 43 0 0
30 7 0 0
50 51 0 0
62 55 0 0
42 39 0 0
14 11 0 0
10 3 0 0
46 43 0 0
6 63 0 0
46 43 0 0
46 23 0 0
2 59 0 0
50 23 0 0
50 55 0 0
50 43 0 0
26 3 0 0
2 63 0 0
2 55 0 0
2 51 0 0
