-0.196809 -0.196653 -0.196534  -0.007637
-0.102370 -0.102099 -0.102004  -0.001076
-0.201156 -0.201047 -0.200976  -0.008148
-0.067833 -0.067728 -0.067662  -0.000313
-0.272356 -0.272246 -0.272176  -0.020218
0.071338 0.071447 0.071508  0.000362
0.079111 0.079220 0.079291  0.000494
-0.044562 -0.044453 -0.044387  -0.000089
-0.083029 -0.121386 -0.121316  -0.000576
-0.153711 -0.153611 -0.185761  -0.000846
-0.212313 -0.212203 -0.212133  -0.009580
-0.020746 -0.020637 -0.020566  -0.000009
-0.014983 -0.014869 -0.014803  -0.000003
-0.009561 -0.009472 -0.009381  -0.000001
-0.003082 -0.002978 -0.002907  -0.000000
0.007381 0.007496 0.007561  0.000000
0.013409 0.013524 0.013614  0.000002
0.019112 0.019201 0.019292  0.000007
0.024315 0.024424 0.024495  0.000014
0.029693 0.029802 0.029884  0.000026
0.065149 0.065296 0.065387  0.000275
0.106259 0.106383 0.106469  0.001197
0.153001 0.153106 0.153172  0.003577
0.051583 0.051693 0.051763  0.000137
-0.153248 -0.153138 -0.153077  -0.003603
0.190712 0.190796 0.190887  0.006926
0.198133 0.198242 0.198308  0.007770
0.073962 0.074072 0.074133  0.000404
0.153582 0.233312 0.233399  0.003609
0.318142 0.318231 0.403236  -0.001138
0.493729 0.493814 0.493904  0.120289
0.095649 0.095738 0.095829  0.000873
-0.097522 -0.097384 -0.097298  -0.000930
-0.091151 -0.091042 -0.090976  -0.000759
-0.085355 -0.085245 -0.085180  -0.000623
-0.079265 -0.079155 -0.079094  -0.000499
-0.073847 -0.073763 -0.073676  -0.000404
-0.068189 -0.068109 -0.068013  -0.000318
-0.062729 -0.062640 -0.062549  -0.000248
-0.057393 -0.057304 -0.057222  -0.000190
-0.109459 -0.109365 -0.109279  -0.001315
-0.155607 -0.155498 -0.155432  -0.003773
-0.195868 -0.195759 -0.195688  -0.007522
-0.034720 -0.034631 -0.034545  -0.000042
-0.239438 -0.239329 -0.239258  -0.013739
0.104056 0.104166 0.104227  0.001125
0.111407 0.111516 0.111587  0.001380
-0.012542 -0.012432 -0.012366  -0.000002
-0.019334 -0.026017 -0.025942  -0.000007
-0.027454 -0.027345 -0.028607  -0.000018
-0.024419 -0.024309 -0.024239  -0.000015
0.009515 0.009624 0.009685  0.000001
0.015467 0.015577 0.015647  0.000004
0.020999 0.021088 0.021179  0.000009
0.026453 0.026562 0.026653  0.000018
0.031823 0.031912 0.031998  0.000032
0.037187 0.037297 0.037362  0.000051
0.042334 0.042443 0.042509  0.000076
0.047338 0.047422 0.047513  0.000105
0.052413 0.052513 0.052583  0.000143
0.110072 0.110161 0.110257  0.001330
0.173304 0.173393 0.173484  0.005197
0.241862 0.241972 0.242042  0.014136
0.073976 0.074085 0.074156  0.000404
-0.130832 -0.130722 -0.130652  -0.002243
0.212639 0.212729 0.212819  0.009602
0.031653 0.031791 0.031877  0.000031
-0.092100 -0.092011 -0.091925  -0.000783
-0.178110 -0.264030 -0.263939  -0.005669
-0.343589 -0.343479 -0.422863  -0.005471
-0.496778 -0.496673 -0.496602  -0.122651
-0.068018 -0.067929 -0.067843  -0.000316
-0.062374 -0.062285 -0.062194  -0.000244
-0.057038 -0.056949 -0.056867  -0.000186
-0.051783 -0.051674 -0.051583  -0.000140
-0.046461 -0.046342 -0.046252  -0.000101
-0.041144 -0.041035 -0.040944  -0.000070
-0.035500 -0.035390 -0.035299  -0.000045
-0.029508 -0.029419 -0.029333  -0.000026
-0.024338 -0.024249 -0.024162  -0.000015
-0.043402 -0.043288 -0.043197  -0.000082
-0.056678 -0.056579 -0.056493  -0.000183
-0.064141 -0.064026 -0.063940  -0.000265
-0.001879 -0.001774 -0.001709  -0.000000
-0.204680 -0.204566 -0.204500  -0.008583
0.139051 0.139161 0.139231  0.002684
0.146406 0.146511 0.146606  0.003132
0.022383 0.022492 0.022563  0.000011
0.050316 0.078338 0.078429  0.000126
0.111563 0.111663 0.145084  -0.000273
0.183921 0.184026 0.184091  0.006215
0.044278 0.044387 0.044458  0.000086
0.049884 0.049974 0.050060  0.000123
0.055723 0.055832 0.055903  0.000172
0.061112 0.061201 0.061292  0.000227
0.066282 0.066371 0.066462  0.000290
0.071665 0.071775 0.071841  0.000367
0.076968 0.077078 0.077148  0.000455
0.081991 0.082101 0.082162  0.000550
0.087129 0.087218 0.087309  0.000659
0.179341 0.179451 0.179546  0.005759
0.277099 0.277214 0.277275  0.021263
0.180306 0.180416 0.180507  0.005853
-0.091177 -0.091067 -0.090981  -0.000760
-0.295618 -0.295529 -0.295438  -0.025858
0.048531 0.048620 0.048711  0.000114
0.110437 0.110655 0.110741  0.001344
-0.013388 -0.013283 -0.013208  -0.000002
-0.020652 -0.027807 -0.027731  -0.000009
-0.029128 -0.029018 -0.030159  -0.000022
-0.025840 -0.025731 -0.025660  -0.000017
0.010239 0.010348 0.010419  0.000001
0.015423 0.015532 0.015598  0.000004
0.020565 0.020674 0.020745  0.000009
0.025602 0.025707 0.025777  0.000017
0.031085 0.031185 0.031256  0.000030
0.036701 0.036811 0.036876  0.000049
0.041899 0.042009 0.042075  0.000073
0.047127 0.047212 0.047303  0.000104
0.052307 0.052396 0.052487  0.000142
0.109751 0.109845 0.109936  0.001319
0.172838 0.172948 0.173013  0.005157
0.241167 0.241277 0.241347  0.014014
0.073941 0.074050 0.074121  0.000403
-0.129563 -0.129458 -0.129372  -0.002179
0.213946 0.214055 0.214121  0.009784
0.220770 0.220859 0.220950  0.010747
0.097093 0.097202 0.097268  0.000913
-0.000261 -0.097510 -0.097420  -0.000003
-0.188678 -0.188569 -0.279557  0.008426
-0.365194 -0.365085 -0.365019  -0.048731
-0.079709 -0.079599 -0.079538  -0.000508
-0.074391 -0.074282 -0.074211  -0.000413
-0.068955 -0.068866 -0.068784  -0.000329
-0.063325 -0.063236 -0.063154  -0.000255
-0.057989 -0.057909 -0.057818  -0.000196
-0.052767 -0.052657 -0.052592  -0.000147
-0.047473 -0.047364 -0.047298  -0.000107
-0.042065 -0.041976 -0.041885  -0.000075
-0.036991 -0.036881 -0.036815  -0.000051
-0.068318 -0.068199 -0.068133  -0.000320
-0.094086 -0.093986 -0.093915  -0.000835
-0.114319 -0.114209 -0.114143  -0.001497
-0.014437 -0.014327 -0.014266  -0.000003
-0.219324 -0.219235 -0.219144  -0.010563
0.123847 0.123956 0.124027  0.001896
0.130994 0.131099 0.131174  0.002244
0.007349 0.007458 0.007549  0.000000
0.020571 0.033882 0.033972  0.000008
0.052482 0.052587 0.071362  -0.000073
0.095588 0.095692 0.095763  0.000871
0.029496 0.029585 0.029671  0.000025
0.034846 0.034956 0.035021  0.000042
0.040292 0.040381 0.040472  0.000065
0.045277 0.045366 0.045452  0.000092
0.050408 0.050518 0.050608  0.000127
0.055461 0.055550 0.055641  0.000170
0.060930 0.061019 0.061105  0.000225
0.066336 0.066441 0.066507  0.000291
0.071772 0.071857 0.071948  0.000368
0.148923 0.149037 0.149108  0.003298
0.231454 0.231563 0.231634  0.012388
0.319528 0.319638 0.319708  0.032602
0.093098 0.093207 0.093278  0.000805
-0.111909 -0.111799 -0.111729  -0.001404
0.031519 0.031628 0.031699  0.000031
0.038542 0.038652 0.038717  0.000057
-0.085500 -0.085411 -0.085320  -0.000627
-0.164924 -0.244259 -0.244173  -0.004501
-0.317963 -0.317854 -0.391378  -0.004309
-0.459684 -0.459595 -0.459509  -0.097190
-0.062254 -0.062145 -0.062054  -0.000242
-0.056884 -0.056795 -0.056709  -0.000185
-0.051410 -0.051321 -0.051240  -0.000137
-0.046088 -0.045999 -0.045913  -0.000098
-0.040719 -0.040610 -0.040539  -0.000068
-0.035498 -0.035388 -0.035297  -0.000045
-0.030288 -0.030199 -0.030108  -0.000028
-0.025057 -0.024948 -0.024887  -0.000016
-0.019707 -0.019607 -0.019537  -0.000008
-0.033992 -0.033873 -0.033808  -0.000040
-0.042296 -0.042187 -0.042126  -0.000076
-0.044823 -0.044734 -0.044648  -0.000091
0.002895 0.002985 0.003075  0.000000
-0.200732 -0.200622 -0.200557  -0.008096
0.142677 0.142786 0.142877  0.002899
0.150085 0.150174 0.150260  0.003375
0.026393 0.026483 0.026569  0.000018
0.058221 0.090159 0.090249  0.000195
0.127247 0.127352 0.164616  -0.000335
0.207354 0.207464 0.207525  0.008907
0.048046 0.048155 0.048216  0.000110
0.054236 0.054326 0.054412  0.000159
0.059444 0.059533 0.059624  0.000209
0.064699 0.064808 0.064890  0.000270
0.070149 0.070259 0.070324  0.000344
0.075291 0.075400 0.075466  0.000426
0.080704 0.080798 0.080884  0.000524
0.085608 0.085717 0.085788  0.000626
0.090602 0.090712 0.090782  0.000742
0.186246 0.186365 0.186431  0.006454
0.087156 0.087266 0.087327  0.000661
-0.006679 -0.006570 -0.006504  -0.000000
-0.087792 -0.087683 -0.087617  -0.000678
-0.292348 -0.292258 -0.292172  -0.025008
0.051568 0.051678 0.051743  0.000137
0.058720 0.058809 0.058900  0.000202
-0.065219 -0.065110 -0.065044  -0.000278
-0.124610 -0.183890 -0.183804  -0.001944
-0.236905 -0.236805 -0.289649  -0.002275
-0.336891 -0.336777 -0.336711  -0.038258
0.046191 0.046394 0.046485  0.000098
0.051987 0.052096 0.052157  0.000140
0.057626 0.057736 0.057802  0.000191
0.062696 0.062797 0.062887  0.000245
0.067834 0.067939 0.068009  0.000311
0.072938 0.073027 0.073109  0.000387
0.077989 0.078099 0.078169  0.000473
0.083173 0.083283 0.083353  0.000574
0.088306 0.088406 0.088476  0.000687
0.181686 0.181801 0.181887  0.005989
0.280552 0.280636 0.280727  0.022061
0.184700 0.184809 0.184880  0.006294
-0.089491 -0.089397 -0.089311  -0.000719
-0.293985 -0.293876 -0.293810  -0.025425
0.049779 0.049888 0.049954  0.000123
0.057139 0.057248 0.057339  0.000186
-0.067089 -0.066974 -0.066904  -0.000303
-0.128362 -0.189535 -0.189465  -0.002123
-0.244936 -0.244847 -0.300072  -0.002354
-0.349833 -0.349744 -0.349658  -0.042845
-0.044245 -0.044135 -0.044074  -0.000087
-0.038724 -0.038615 -0.038544  -0.000058
-0.033066 -0.032956 -0.032865  -0.000036
-0.027691 -0.027601 -0.027515  -0.000021
-0.022422 -0.022312 -0.022247  -0.000011
-0.016990 -0.016886 -0.016815  -0.000005
-0.011374 -0.011251 -0.011180  -0.000001
-0.005915 -0.005825 -0.005734  -0.000000
-0.000265 -0.000181 -0.000090  -0.000000
0.006356 0.006471 0.006536  0.000000
0.018685 0.018784 0.018870  0.000006
0.036724 0.036813 0.036904  0.000049
0.023195 0.023284 0.023370  0.000012
-0.181390 -0.181281 -0.181210  -0.005975
0.162611 0.162721 0.162787  0.004295
0.169957 0.170067 0.170133  0.004904
0.045915 0.046024 0.046090  0.000096
0.097617 0.149407 0.149489  0.000925
0.206170 0.206279 0.263221  -0.000697
0.325889 0.325999 0.326060  0.034591
0.068142 0.068251 0.068322  0.000315
0.073644 0.073753 0.073819  0.000398
0.078606 0.078695 0.078786  0.000484
0.083671 0.083780 0.083841  0.000584
0.088869 0.088979 0.089040  0.000700
0.094434 0.094548 0.094614  0.000840
0.099400 0.099489 0.099580  0.000979
-0.094946 -0.094857 -0.094775  -0.000858
-0.088965 -0.088855 -0.088785  -0.000706
-0.172580 -0.172466 -0.172395  -0.005146
-0.250364 -0.250280 -0.250194  -0.015710
-0.321936 -0.321827 -0.321756  -0.033388
-0.066240 -0.066136 -0.066070  -0.000292
-0.270431 -0.270312 -0.270247  -0.019792
0.073386 0.073470 0.073561  0.000394
0.080821 0.080926 0.081012  0.000526
-0.043311 -0.043231 -0.043135  -0.000082
-0.080963 -0.118531 -0.118445  -0.000534
-0.150615 -0.150506 -0.182390  -0.000759
-0.208602 -0.208517 -0.208431  -0.009088
-0.020245 -0.020135 -0.020070  -0.000008
-0.014610 -0.014496 -0.014435  -0.000003
-0.009103 -0.008994 -0.008923  -0.000001
-0.003426 -0.003316 -0.003230  -0.000000
0.002884 0.002973 0.003064  0.000000
0.008860 0.008974 0.009040  0.000001
0.014831 0.014941 0.015007  0.000003
0.020111 0.020196 0.020282  0.000008
0.025120 0.025209 0.025295  0.000016
0.055709 0.055803 0.055894  0.000172
0.091581 0.091670 0.091761  0.000766
0.132774 0.132884 0.132975  0.002336
0.046275 0.046384 0.046445  0.000099
-0.158580 -0.158491 -0.158405  -0.003994
0.185156 0.185265 0.185336  0.006340
0.192416 0.192525 0.192611  0.007114
0.068336 0.068425 0.068511  0.000318
0.142297 0.216347 0.216433  0.002869
0.295516 0.295626 0.374970  -0.001078
0.459731 0.459820 0.459902  0.097114
0.090595 0.090705 0.090775  0.000742
0.096644 0.096733 0.096819  0.000900
-0.098291 -0.098182 -0.098121  -0.000951
-0.092699 -0.092614 -0.092523  -0.000799
-0.086912 -0.086822 -0.086732  -0.000659
-0.081253 -0.081148 -0.081078  -0.000538
-0.075931 -0.075822 -0.075756  -0.000439
-0.070481 -0.070396 -0.070306  -0.000351
-0.065159 -0.065070 -0.064979  -0.000278
-0.124527 -0.124433 -0.124342  -0.001935
-0.178062 -0.177952 -0.177866  -0.005654
-0.225912 -0.225803 -0.225732  -0.011541
-0.042477 -0.042387 -0.042297  -0.000077
-0.247289 -0.247200 -0.247114  -0.015138
0.096375 0.096484 0.096575  0.000893
0.103702 0.103811 0.103902  0.001112
-0.020226 -0.020137 -0.020051  -0.000008
-0.034785 -0.049238 -0.049177  -0.000043
-0.058134 -0.058024 -0.066739  -0.000095
-0.069885 -0.069776 -0.069715  -0.000342
0.002328 0.002437 0.002508  0.000000
0.007967 0.008077 0.008147  0.000000
0.013569 0.013649 0.013740  0.000002
0.018896 0.018985 0.019076  0.000007
0.024141 0.024251 0.024317  0.000014
0.029473 0.029582 0.029673  0.000025
-0.089351 -0.089147 -0.089052  -0.000716
-0.083412 -0.083323 -0.083241  -0.000582
-0.078001 -0.077891 -0.077800  -0.000476
-0.150295 -0.150180 -0.150115  -0.003399
-0.216451 -0.216342 -0.216255  -0.010153
-0.276786 -0.276672 -0.276606  -0.021220
-0.054744 -0.054634 -0.054569  -0.000165
-0.259589 -0.259500 -0.259409  -0.017511
0.084256 0.084345 0.084436  0.000596
0.091705 0.091815 0.091901  0.000769
-0.032242 -0.032162 -0.032071  -0.000034
-0.058958 -0.085565 -0.085499  -0.000206
-0.106546 -0.106461 -0.127271  -0.000355
-0.142608 -0.142519 -0.142438  -0.002905
-0.009451 -0.009342 -0.009256  -0.000001
-0.003541 -0.003436 -0.003365  -0.000000
0.002849 0.002949 0.003019  0.000000
0.008759 0.008848 0.008934  0.000001
0.014137 0.014238 0.014303  0.000003
0.019350 0.019459 0.019545  0.000007
0.024667 0.024777 0.024838  0.000015
0.029904 0.029994 0.030075  0.000027
0.035107 0.035217 0.035283  0.000043
