-0.800011 -0.559029 -0.557941 -0.557300  -0.274474
-0.800011 -0.559029 -0.557941 -0.557300  -0.274474
-0.800011 -0.555853 -0.557941 -0.557300  -0.272940
-0.800011 -0.555853 -0.557941 -0.557300  -0.272940
-0.800011 -0.555853 -0.557941 -0.557300  -0.272940
-0.762910 -0.555853 -0.557941 -0.557300  -0.203682
-0.762910 -0.506676 -0.557941 -0.557300  -0.184011
-0.762910 -0.506676 -0.557941 -0.557300  -0.184011
-0.762910 -0.506676 -0.557941 -0.557300  -0.184011
-0.676384 -0.506676 -0.557941 -0.557300  -0.067135
-0.676384 -0.408160 -0.557941 -0.557300  -0.045070
-0.676384 -0.408160 -0.646618 -0.557300  0.013904
-0.676384 -0.408160 -0.646618 -0.631728  0.060758
-0.676384 -0.408160 -0.646618 -0.631728  0.060758
-0.676384 -0.408160 -0.646618 -0.631728  0.060758
-0.676384 -0.408160 -0.681137 -0.631728  0.094328
-0.676384 -0.408160 -0.681137 -0.654748  0.114045
-0.676384 -0.408160 -0.681137 -0.654748  0.114045
-0.676384 -0.405675 -0.681137 -0.654748  0.114386
-0.676384 -0.405675 -0.681137 -0.654748  0.114386
-0.676384 -0.405675 -0.681137 -0.654748  0.114386
-0.636485 -0.405675 -0.681137 -0.654748  0.151497
-0.636485 -0.353373 -0.681137 -0.654748  0.156974
-0.636485 -0.353373 -0.681137 -0.654748  0.156974
-0.636485 -0.353373 -0.681137 -0.654748  0.156974
-0.550704 -0.353373 -0.681137 -0.654748  0.210780
-0.550704 -0.256602 -0.681137 -0.654748  0.215178
-0.550704 -0.256602 -0.681137 -0.654748  0.215178
-0.550704 -0.256602 -0.681137 -0.654748  0.215178
-0.508007 -0.256602 -0.681137 -0.654748  0.231996
-0.508007 -0.200078 -0.681137 -0.654748  0.232788
-0.508007 -0.200078 -0.681137 -0.654748  0.232788
-0.508007 -0.200078 -0.681137 -0.654748  0.232788
-0.410747 -0.200078 -0.681137 -0.654748  0.254930
-0.410747 -0.200078 -0.681137 -0.654748  0.254930
-0.410747 -0.200078 -0.756765 -0.654748  0.356519
-0.410747 -0.200078 -0.756765 -0.716853  0.425490
-0.410747 -0.200078 -0.756765 -0.716853  0.425490
-0.410747 -0.200078 -0.756765 -0.716853  0.425490
-0.410747 -0.200078 -0.779236 -0.716853  0.464594
-0.410747 -0.200078 -0.779236 -0.727342  0.478855
-0.408267 -0.200078 -0.779236 -0.727342  0.479204
-0.408267 -0.186500 -0.779236 -0.727342  0.479299
-0.408267 -0.186500 -0.779236 -0.727342  0.479299
-0.408267 -0.186500 -0.779236 -0.727342  0.479299
-0.363032 -0.186500 -0.779236 -0.727342  0.484336
-0.363032 -0.130915 -0.779236 -0.727342  0.484523
-0.363032 -0.130915 -0.779236 -0.727342  0.484523
-0.363032 -0.130915 -0.779236 -0.727342  0.484523
-0.274834 -0.130915 -0.779236 -0.727342  0.489261
-0.274834 -0.032504 -0.779236 -0.727342  0.489299
-0.274834 -0.032504 -0.870114 -0.727342  0.700742
-0.274834 -0.032504 -0.870114 -0.807525  0.840566
-0.274834 -0.032504 -0.870114 -0.807525  0.840566
-0.274834 -0.032504 -0.870114 -0.807525  0.840566
-0.274834 -0.032504 -0.914011 -0.807525  0.979724
-0.274834 -0.032504 -0.914011 -0.840162  1.054954
-0.274834 -0.032504 -0.914011 -0.840162  1.054954
-0.274834 -0.032504 -0.914011 -0.840162  1.054954
-0.274834 -0.032504 -0.914011 -0.840162  1.054954
-0.274834 -0.032504 -0.914011 -0.840162  1.054954
-0.248240 -0.032504 -0.914011 -0.840162  1.055580
-0.248240 0.007134 -0.914011 -0.840162  1.055580
-0.248240 0.007134 -0.914011 -0.840162  1.055580
-0.248240 0.007134 -0.914011 -0.840162  1.055580
-0.171843 0.007134 -0.914011 -0.840162  1.056373
-0.171843 0.093525 -0.914011 -0.840162  1.056380
-0.171843 0.093525 -0.914011 -0.840162  1.056380
-0.171843 0.093525 -0.914011 -0.933849  1.347968
-0.171843 0.093525 -0.914011 -0.933849  1.347968
-0.171843 0.093525 -0.914011 -0.933849  1.347968
-0.171843 0.093525 -0.977645 -0.933849  1.603172
-0.171843 0.093525 -0.977645 -0.984908  1.819755
-0.171843 0.093525 -0.977645 -0.984908  1.819755
-0.171843 0.093525 -0.977645 -0.984908  1.819755
-0.171843 0.093525 -0.992921 -0.984908  1.891746
-0.171843 0.093525 -0.992921 -0.990229  1.917053
-0.167263 0.093525 -0.992921 -0.990229  1.917072
-0.167263 0.109469 -0.992921 -0.990229  1.917080
-0.167263 0.109469 -0.992921 -0.990229  1.917080
-0.167263 0.109469 -0.992921 -0.990229  1.917080
-0.118999 0.109469 -0.992921 -0.990229  1.917187
-0.118999 0.168001 -0.992921 -0.990229  1.917305
-0.118999 0.168001 -0.992921 -0.990229  1.917305
-0.118999 0.168001 -0.992921 -0.990229  1.917305
-0.056530 0.168001 -0.992921 -0.990229  1.917329
-0.056530 0.243733 -0.992921 -0.990229  1.918055
-0.056530 0.243733 -0.992921 -0.990229  1.918055
-0.056530 0.243733 -0.992921 -0.990229  1.918055
-0.056530 0.243733 -0.992921 -0.990229  1.918055
-0.056530 0.243733 -0.992921 -0.990229  1.918055
-0.056530 0.243733 -1.059223 -0.990229  2.286279
-0.056530 0.243733 -1.059223 -1.044147  2.575288
-0.056530 0.243733 -1.059223 -1.044147  2.575288
-0.056530 0.243733 -1.059223 -1.044147  2.575288
-0.056530 0.243733 -1.078632 -1.044147  2.702007
-0.056530 0.243733 -1.078632 -1.051470  2.746148
-0.050696 0.243733 -1.078632 -1.051470  2.746148
-0.050696 0.261695 -1.078632 -1.051470  2.746516
-0.050696 0.261695 -1.078632 -1.051470  2.746516
-0.050696 0.261695 -1.078632 -1.051470  2.746516
0.005517 0.261695 -1.078632 -1.051470  2.746516
0.005517 0.330439 -1.078632 -1.051470  2.749228
0.005517 0.330439 -1.078632 -1.051470  2.749228
0.005517 0.330439 -1.078632 -1.051470  2.749228
0.005517 0.330439 -1.078632 -1.051470  2.749228
0.005517 0.330439 -1.078632 -1.051470  2.749228
0.005517 0.330439 -1.150029 -1.051470  3.300792
0.005517 0.330439 -1.150029 -1.111378  3.711094
0.005517 0.330439 -1.150029 -1.111378  3.711094
0.005517 0.330439 -1.150029 -1.111378  3.711094
0.005517 0.330439 -1.173514 -1.111378  3.925058
0.005517 0.330439 -1.173514 -1.123285  4.017854
0.005517 0.330439 -1.173514 -1.123285  4.017854
0.005517 0.343786 -1.173514 -1.123285  4.018717
0.005517 0.343786 -1.173514 -1.123285  4.018717
0.005517 0.343786 -1.173514 -1.123285  4.018717
0.053426 0.343786 -1.173514 -1.123285  4.018717
0.053426 0.405897 -1.173514 -1.123285  4.024933
0.053426 0.405897 -1.173514 -1.123285  4.024933
0.053426 0.405897 -1.173514 -1.123285  4.024933
0.053426 0.405897 -1.173514 -1.123285  4.024933
0.053426 0.405897 -1.173514 -1.123285  4.024933
0.053426 0.405897 -1.248061 -1.123285  4.827519
0.053426 0.405897 -1.248061 -1.186183  5.387504
0.053426 0.405897 -1.248061 -1.186183  5.387504
0.053426 0.405897 -1.248061 -1.186183  5.387504
0.053426 0.405897 -1.280336 -1.186183  5.799825
0.053426 0.405897 -1.280336 -1.208003  6.023910
0.053426 0.405897 -1.280336 -1.208003  6.023910
0.053426 0.405897 -1.280336 -1.208003  6.023910
0.053426 0.405897 -1.280336 -1.208003  6.023910
0.053426 0.405897 -1.280336 -1.208003  6.023910
0.086765 0.405897 -1.280336 -1.208003  6.023915
0.086765 0.449216 -1.280336 -1.208003  6.031190
0.086765 0.449216 -1.280336 -1.208003  6.031190
0.086765 0.449216 -1.280336 -1.208003  6.031190
0.163139 0.449216 -1.280336 -1.208003  6.031301
0.163139 0.536414 -1.280336 -1.208003  6.057420
0.163139 0.536414 -1.280336 -1.208003  6.057420
0.163139 0.536414 -1.280336 -1.301197  7.215065
0.163139 0.536414 -1.280336 -1.301197  7.215065
0.163139 0.536414 -1.280336 -1.301197  7.215065
0.163139 0.536414 -1.341402 -1.301197  8.117638
0.163139 0.536414 -1.341402 -1.351706  8.900018
0.163139 0.536414 -1.341402 -1.351706  8.900018
0.163139 0.536414 -1.341402 -1.351706  8.900018
0.163139 0.536414 -1.360667 -1.351706  9.220967
0.163139 0.536414 -1.360667 -1.360331  9.366786
0.165095 0.536414 -1.360667 -1.360331  9.366793
0.165095 0.550878 -1.360667 -1.360331  9.373112
0.165095 0.550878 -1.360667 -1.360331  9.373112
0.165095 0.550878 -1.360667 -1.360331  9.373112
0.214897 0.550878 -1.360667 -1.360331  9.373448
0.214897 0.611328 -1.360667 -1.360331  9.408100
0.214897 0.611328 -1.360667 -1.360331  9.408100
0.214897 0.611328 -1.360667 -1.360331  9.408100
0.310713 0.611328 -1.360667 -1.360331  9.410538
0.310713 0.611328 -1.360667 -1.360331  9.410538
0.310713 0.611328 -1.441741 -1.360331  10.975790
0.310713 0.611328 -1.441741 -1.429178  12.280069
0.310713 0.611328 -1.441741 -1.429178  12.280069
0.310713 0.611328 -1.441741 -1.429178  12.280069
0.310713 0.611328 -1.474335 -1.429178  13.016784
0.310713 0.611328 -1.474335 -1.449140  13.445005
0.310713 0.611328 -1.474335 -1.449140  13.445005
0.310713 0.616295 -1.474335 -1.449140  13.448531
0.310713 0.616295 -1.507243 -1.449140  14.261438
0.310713 0.616295 -1.507243 -1.464494  14.607232
0.310713 0.616295 -1.507243 -1.464494  14.607232
0.310713 0.625442 -1.507243 -1.464494  14.614028
0.310713 0.625442 -1.507243 -1.464494  14.614028
0.310713 0.625442 -1.507243 -1.464494  14.614028
0.357909 0.625442 -1.507243 -1.464494  14.617005
0.357909 0.684411 -1.507243 -1.464494  14.671470
0.357909 0.684411 -1.507243 -1.464494  14.671470
0.357909 0.684411 -1.507243 -1.464494  14.671470
0.452510 0.684411 -1.507243 -1.464494  14.684570
0.452510 0.684411 -1.507243 -1.464494  14.684570
0.452510 0.684411 -1.587755 -1.464494  16.996292
0.452510 0.684411 -1.587755 -1.532996  18.726270
0.452510 0.684411 -1.587755 -1.532996  18.726270
0.452510 0.684411 -1.587755 -1.532996  18.726270
0.452510 0.684411 -1.620938 -1.532996  19.825730
0.452510 0.684411 -1.620938 -1.554113  20.425148
0.452510 0.684411 -1.620938 -1.554113  20.425148
0.452510 0.685934 -1.620938 -1.554113  20.426827
0.452510 0.685934 -1.620938 -1.554113  20.426827
0.452510 0.685934 -1.620938 -1.554113  20.426827
0.488792 0.685934 -1.620938 -1.554113  20.435755
0.488792 0.733523 -1.620938 -1.554113  20.496264
0.488792 0.733523 -1.620938 -1.554113  20.496264
0.488792 0.733523 -1.620938 -1.554113  20.496264
0.568521 0.733523 -1.620938 -1.554113  20.527755
0.568521 0.825082 -1.620938 -1.554113  20.697770
0.568521 0.825082 -1.718067 -1.554113  24.476964
0.568521 0.825082 -1.718067 -1.639416  27.253583
0.568521 0.825082 -1.718067 -1.639416  27.253583
0.568521 0.825082 -1.718067 -1.639416  27.253583
0.568521 0.825082 -1.768545 -1.639416  29.585720
0.568521 0.825082 -1.768545 -1.678606  31.070499
0.568521 0.825082 -1.768545 -1.678606  31.070499
0.568521 0.825082 -1.768545 -1.678606  31.070499
0.568521 0.825082 -1.771524 -1.678606  31.216697
0.568521 0.825082 -1.771524 -1.678606  31.216697
0.586881 0.825082 -1.771524 -1.678606  31.226927
0.586881 0.855582 -1.771524 -1.678606  31.303021
0.586881 0.855582 -1.771524 -1.678606  31.303021
0.586881 0.855582 -1.771524 -1.678606  31.303021
0.653382 0.855582 -1.771524 -1.678606  31.352477
0.653382 0.933509 -1.771524 -1.678606  31.602922
0.653382 0.933509 -1.771524 -1.678606  31.602922
0.653382 0.933509 -1.771524 -1.775900  35.939743
0.653382 0.933509 -1.771524 -1.775900  35.939743
0.653382 0.933509 -1.771524 -1.775900  35.939743
0.653382 0.933509 -1.830119 -1.775900  39.022518
0.653382 0.933509 -1.830119 -1.821020  41.383394
0.653382 0.933509 -1.830119 -1.821020  41.383394
0.653382 0.933509 -1.830119 -1.821020  41.383394
0.653382 0.933509 -1.835854 -1.821020  41.707123
0.653382 0.933509 -1.835854 -1.821020  41.707123
0.673847 0.933509 -1.835854 -1.821020  41.726978
0.673847 0.967181 -1.835854 -1.821020  41.864393
0.673847 0.967181 -1.835854 -1.821020  41.864393
0.673847 0.967181 -1.835854 -1.821020  41.864393
0.746437 0.967181 -1.835854 -1.821020  41.957180
0.746437 1.053621 -1.835854 -1.821020  42.409293
0.746437 1.053621 -1.935745 -1.821020  48.734630
0.746437 1.053621 -1.935745 -1.906699  53.910171
0.746437 1.053621 -1.935745 -1.906699  53.910171
0.746437 1.053621 -1.935745 -1.906699  53.910171
0.746437 1.053621 -1.981025 -1.906699  57.241313
0.746437 1.053621 -1.981025 -1.939595  59.491570
0.746437 1.053621 -1.981025 -1.939595  59.491570
0.746437 1.053621 -1.981025 -1.939595  59.491570
0.746437 1.053621 -1.981025 -1.939595  59.491570
0.746437 1.053621 -1.981025 -1.939595  59.491570
0.776906 1.053621 -1.981025 -1.939595  59.542885
0.776906 1.096911 -1.981025 -1.939595  59.832469
0.776906 1.096911 -1.981025 -1.939595  59.832469
0.776906 1.096911 -1.981025 -1.939595  59.832469
0.859412 1.096911 -1.981025 -1.939595  60.018255
0.859412 1.191993 -1.981025 -1.939595  60.836635
0.859412 1.191993 -2.073199 -1.939595  68.626619
0.859412 1.191993 -2.073199 -2.018037  74.644983
0.859412 1.191993 -2.073199 -2.018037  74.644983
0.859412 1.191993 -2.073199 -2.018037  74.644983
0.859412 1.191993 -2.114132 -2.018037  78.578252
0.859412 1.191993 -2.114132 -2.046181  80.978153
0.859412 1.191993 -2.114132 -2.046181  80.978153
0.859412 1.191993 -2.114132 -2.046181  80.978153
0.859412 1.191993 -2.145526 -2.046181  84.208483
0.859412 1.191993 -2.145526 -2.063231  85.728020
0.859412 1.191993 -2.145526 -2.063231  85.728020
0.859412 1.201581 -2.145526 -2.063231  85.826368
0.859412 1.201581 -2.145526 -2.063231  85.826368
0.859412 1.201581 -2.145526 -2.063231  85.826368
0.908634 1.201581 -2.145526 -2.063231  85.976910
0.908634 1.264264 -2.145526 -2.063231  86.702057
0.908634 1.264264 -2.145526 -2.063231  86.702057
0.908634 1.264264 -2.145526 -2.063231  86.702057
0.908634 1.264264 -2.145526 -2.063231  86.702057
0.908634 1.264264 -2.145526 -2.063231  86.702057
0.908634 1.264264 -2.218776 -2.063231  95.011299
0.908634 1.264264 -2.218776 -2.123840  100.835139
0.908634 1.264264 -2.218776 -2.123840  100.835139
0.908634 1.264264 -2.218776 -2.123840  100.835139
0.908634 1.264264 -2.241282 -2.123840  103.618182
0.908634 1.264264 -2.241282 -2.133725  104.633161
0.911671 1.264264 -2.241282 -2.133725  104.643580
0.911671 1.280762 -2.241282 -2.133725  104.859897
0.911671 1.280762 -2.241282 -2.133725  104.859897
0.911671 1.280762 -2.241282 -2.133725  104.859897
0.966299 1.280762 -2.241282 -2.133725  105.072591
0.966299 1.348601 -2.241282 -2.133725  106.087228
0.966299 1.348601 -2.241282 -2.133725  106.087228
0.966299 1.348601 -2.241282 -2.133725  106.087228
0.966299 1.348601 -2.241282 -2.133725  106.087228
0.966299 1.348601 -2.241282 -2.133725  106.087228
0.966299 1.348601 -2.305799 -2.133725  114.709734
0.966299 1.348601 -2.305799 -2.185877  120.385462
0.966299 1.348601 -2.305799 -2.185877  120.385462
0.966299 1.348601 -2.305799 -2.185877  120.385462
0.966299 1.348601 -2.319417 -2.185877  122.333058
0.966299 1.348601 -2.319417 -2.187257  122.490862
0.978854 1.348601 -2.319417 -2.187257  122.547034
0.978854 1.373641 -2.319417 -2.187257  122.976825
0.978854 1.373641 -2.319417 -2.187257  122.976825
0.978854 1.373641 -2.319417 -2.187257  122.976825
1.042684 1.373641 -2.319417 -2.187257  123.310612
1.042684 1.450230 -2.319417 -2.187257  124.834779
1.042684 1.450230 -2.319417 -2.187257  124.834779
1.042684 1.450230 -2.319417 -2.284538  137.002654
1.042684 1.450230 -2.319417 -2.284538  137.002654
1.042684 1.450230 -2.319417 -2.284538  137.002654
1.042684 1.450230 -2.378737 -2.284538  146.036971
1.042684 1.450230 -2.378737 -2.331094  152.641500
1.042684 1.450230 -2.378737 -2.331094  152.641500
1.042684 1.450230 -2.378737 -2.331094  152.641500
1.042684 1.450230 -2.384372 -2.331094  153.547932
1.042684 1.450230 -2.384372 -2.331094  153.547932
1.062928 1.450230 -2.384372 -2.331094  153.672305
1.062928 1.483228 -2.384372 -2.331094  154.436100
1.062928 1.483228 -2.384372 -2.331094  154.436100
1.062928 1.483228 -2.384372 -2.331094  154.436100
1.133563 1.483228 -2.384372 -2.331094  154.950960
1.133563 1.567131 -2.384372 -2.331094  157.224426
1.133563 1.567131 -2.384372 -2.331094  157.224426
1.133563 1.567131 -2.384372 -2.421962  171.727827
1.133563 1.567131 -2.384372 -2.421962  171.727827
1.133563 1.567131 -2.384372 -2.421962  171.727827
1.133563 1.567131 -2.434188 -2.421962  180.121966
1.133563 1.567131 -2.434188 -2.459364  186.758463
1.133563 1.567131 -2.434188 -2.459364  186.758463
1.133563 1.567131 -2.434188 -2.459364  186.758463
1.133563 1.567131 -2.434188 -2.459364  186.758463
1.133563 1.567131 -2.434188 -2.459364  186.758463
1.158839 1.567131 -2.434188 -2.459364  186.976644
1.158839 1.607627 -2.434188 -2.459364  188.262663
1.158839 1.607627 -2.434188 -2.459364  188.262663
1.158839 1.607627 -2.434188 -2.459364  188.262663
1.239885 1.607627 -2.434188 -2.459364  189.103078
1.239885 1.701543 -2.434188 -2.459364  192.628121
1.239885 1.701543 -2.523885 -2.459364  209.577950
1.239885 1.701543 -2.523885 -2.536572  224.615847
1.239885 1.701543 -2.523885 -2.536572  224.615847
1.239885 1.701543 -2.523885 -2.536572  224.615847
1.239885 1.701543 -2.563274 -2.536572  232.860710
1.239885 1.701543 -2.563274 -2.563130  238.474590
1.239885 1.701543 -2.563274 -2.563130  238.474590
1.239885 1.701543 -2.563274 -2.563130  238.474590
1.239885 1.701543 -2.563274 -2.563130  238.474590
1.239885 1.701543 -2.563274 -2.563130  238.474590
1.239885 1.701543 -2.563274 -2.563130  238.474590
1.239885 1.701543 -2.563274 -2.563130  238.474590
1.239885 1.701543 -2.573234 -2.563130  240.641098
1.239885 1.701543 -2.573234 -2.563130  240.641098
1.255568 1.701543 -2.573234 -2.563130  240.831165
1.255568 1.728344 -2.573234 -2.563130  241.990406
1.255568 1.728344 -2.573234 -2.563130  241.990406
1.255568 1.728344 -2.573234 -2.563130  241.990406
1.320580 1.728344 -2.573234 -2.563130  242.886354
1.320580 1.805600 -2.573234 -2.563130  246.655443
1.320580 1.805600 -2.573234 -2.563130  246.655443
1.320580 1.805600 -2.573234 -2.661874  269.670699
1.320580 1.805600 -2.573234 -2.661874  269.670699
1.320580 1.805600 -2.573234 -2.661874  269.670699
1.320580 1.805600 -2.639415 -2.661874  284.944903
1.320580 1.805600 -2.639415 -2.715732  299.022930
1.320580 1.805600 -2.639415 -2.715732  299.022930
1.320580 1.805600 -2.639415 -2.715732  299.022930
1.320580 1.805600 -2.658790 -2.715732  303.793986
1.320580 1.805600 -2.658790 -2.722589  305.668403
1.325245 1.805600 -2.658790 -2.722589  305.739839
1.325245 1.822474 -2.658790 -2.722589  306.653501
1.325245 1.822474 -2.658790 -2.722589  306.653501
1.325245 1.822474 -2.658790 -2.722589  306.653501
1.379618 1.822474 -2.658790 -2.722589  307.563762
1.379618 1.889152 -2.658790 -2.722589  311.520774
1.379618 1.889152 -2.658790 -2.722589  311.520774
1.379618 1.889152 -2.658790 -2.722589  311.520774
1.379618 1.889152 -2.658790 -2.722589  311.520774
1.379618 1.889152 -2.658790 -2.722589  311.520774
1.379618 1.889152 -2.731048 -2.722589  330.583894
1.379618 1.889152 -2.731048 -2.782771  347.864614
1.379618 1.889152 -2.731048 -2.782771  347.864614
1.379618 1.889152 -2.731048 -2.782771  347.864614
1.379618 1.889152 -2.755646 -2.782771  354.831160
1.379618 1.889152 -2.755646 -2.796815  359.084666
1.379618 1.889152 -2.755646 -2.796815  359.084666
1.379618 1.899108 -2.755646 -2.796815  359.725470
1.379618 1.899108 -2.755646 -2.796815  359.725470
1.379618 1.899108 -2.755646 -2.796815  359.725470
1.423693 1.899108 -2.755646 -2.796815  360.576491
1.423693 1.955255 -2.755646 -2.796815  364.450543
1.423693 1.955255 -2.755646 -2.796815  364.450543
1.423693 1.955255 -2.755646 -2.796815  364.450543
1.515219 1.955255 -2.755646 -2.796815  366.588421
1.515219 1.955255 -2.755646 -2.796815  366.588421
1.515219 1.955255 -2.841409 -2.796815  392.902851
1.515219 1.955255 -2.841409 -2.871199  416.902301
1.515219 1.955255 -2.841409 -2.871199  416.902301
1.515219 1.955255 -2.841409 -2.871199  416.902301
1.515219 1.955255 -2.880446 -2.871199  429.979412
1.515219 1.955255 -2.880446 -2.897467  439.070383
1.515219 1.955255 -2.880446 -2.897467  439.070383
1.515219 1.955255 -2.880446 -2.897467  439.070383
1.515219 1.955255 -2.880446 -2.897467  439.070383
1.515219 1.955255 -2.880446 -2.897467  439.070383
1.551533 1.955255 -2.880446 -2.897467  440.074443
1.551533 2.004499 -2.880446 -2.897467  443.859012
1.551533 2.004499 -2.880446 -2.897467  443.859012
1.551533 2.004499 -2.880446 -2.897467  443.859012
1.637699 2.004499 -2.880446 -2.897467  446.648766
1.637699 2.102959 -2.880446 -2.897467  455.416786
1.637699 2.102959 -2.969534 -2.897467  488.037197
1.637699 2.102959 -2.969534 -2.973090  516.114830
1.637699 2.102959 -2.969534 -2.973090  516.114830
1.637699 2.102959 -2.969534 -2.973090  516.114830
1.637699 2.102959 -3.006831 -2.973090  530.984448
1.637699 2.102959 -3.006831 -2.996943  540.454007
1.637699 2.102959 -3.006831 -2.996943  540.454007
1.637699 2.106748 -3.006831 -2.996943  540.825857
1.637699 2.106748 -3.006831 -2.996943  540.825857
1.637699 2.106748 -3.006831 -2.996943  540.825857
1.677190 2.106748 -3.006831 -2.996943  542.316419
1.677190 2.159203 -3.006831 -2.996943  547.746795
1.677190 2.159203 -3.006831 -2.996943  547.746795
1.677190 2.159203 -3.006831 -2.996943  547.746795
1.767649 2.159203 -3.006831 -2.996943  551.733111
1.767649 2.159203 -3.006831 -2.996943  551.733111
1.767649 2.159203 -3.093221 -2.996943  589.128799
1.767649 2.159203 -3.093221 -3.070276  620.190971
1.767649 2.159203 -3.093221 -3.070276  620.190971
1.767649 2.159203 -3.093221 -3.070276  620.190971
1.767649 2.159203 -3.166610 -3.070276  655.415973
1.767649 2.159203 -3.166610 -3.129080  682.562860
1.767649 2.159203 -3.166610 -3.129080  682.562860
1.767649 2.159203 -3.166610 -3.129080  682.562860
1.767649 2.159203 -3.184114 -3.129080  691.460787
1.767649 2.159203 -3.184114 -3.133702  693.682756
1.775596 2.159203 -3.184114 -3.133702  694.074206
1.775596 2.179672 -3.184114 -3.133702  696.341378
1.775596 2.179672 -3.184114 -3.133702  696.341378
1.775596 2.179672 -3.184114 -3.133702  696.341378
1.833741 2.179672 -3.184114 -3.133702  699.426712
1.833741 2.250620 -3.184114 -3.133702  707.972310
1.833741 2.250620 -3.184114 -3.133702  707.972310
1.833741 2.250620 -3.184114 -3.133702  707.972310
1.833741 2.250620 -3.184114 -3.133702  707.972310
1.833741 2.250620 -3.184114 -3.133702  707.972310
1.833741 2.250620 -3.246149 -3.133702  741.122140
1.833741 2.250620 -3.246149 -3.183081  765.693790
1.833741 2.250620 -3.246149 -3.183081  765.693790
1.833741 2.250620 -3.246149 -3.183081  765.693790
1.833741 2.250620 -3.254301 -3.183081  770.242417
1.833741 2.250620 -3.254301 -3.183081  770.242417
1.854902 2.250620 -3.254301 -3.183081  771.466702
1.854902 2.284366 -3.254301 -3.183081  775.927602
1.854902 2.284366 -3.254301 -3.183081  775.927602
1.854902 2.284366 -3.254301 -3.183081  775.927602
1.929720 2.284366 -3.254301 -3.183081  780.728032
1.929720 2.371929 -3.254301 -3.183081  793.599864
1.929720 2.371929 -3.353358 -3.183081  852.636335
1.929720 2.371929 -3.353358 -3.269441  899.434989
1.929720 2.371929 -3.353358 -3.269441  899.434989
1.929720 2.371929 -3.353358 -3.269441  899.434989
1.929720 2.371929 -3.401102 -3.269441  930.493155
1.929720 2.371929 -3.401102 -3.304695  951.073293
1.929720 2.371929 -3.401102 -3.304695  951.073293
1.929720 2.371929 -3.401102 -3.304695  951.073293
1.929720 2.371929 -3.401102 -3.304695  951.073293
1.929720 2.371929 -3.401102 -3.304695  951.073293
1.958251 2.371929 -3.401102 -3.304695  953.110878
1.958251 2.412813 -3.401102 -3.304695  959.808070
1.958251 2.412813 -3.401102 -3.304695  959.808070
1.958251 2.412813 -3.401102 -3.304695  959.808070
2.039675 2.412813 -3.401102 -3.304695  966.313871
2.039675 2.506787 -3.401102 -3.304695  983.528370
2.039675 2.506787 -3.493139 -3.304695  1048.528274
2.039675 2.506787 -3.493139 -3.384144  1098.240631
2.039675 2.506787 -3.493139 -3.384144  1098.240631
2.039675 2.506787 -3.493139 -3.384144  1098.240631
2.039675 2.506787 -3.534860 -3.384144  1130.050685
2.039675 2.506787 -3.534860 -3.413101  1149.367808
2.039675 2.506787 -3.534860 -3.413101  1149.367808
2.039675 2.506787 -3.534860 -3.413101  1149.367808
2.039675 2.506787 -3.534860 -3.413101  1149.367808
2.039675 2.506787 -3.534860 -3.413101  1149.367808
2.074947 2.506787 -3.534860 -3.413101  1152.527589
2.074947 2.554917 -3.534860 -3.413101  1162.402496
2.074947 2.554917 -3.534860 -3.413101  1162.402496
2.074947 2.554917 -3.534860 -3.413101  1162.402496
2.162176 2.554917 -3.534860 -3.413101  1171.196034
2.162176 2.554917 -3.534860 -3.413101  1171.196034
2.162176 2.554917 -3.621301 -3.413101  1242.058916
2.162176 2.554917 -3.621301 -3.485046  1292.977599
2.162176 2.554917 -3.621301 -3.485046  1292.977599
2.162176 2.554917 -3.621301 -3.485046  1292.977599
2.162176 2.554917 -3.655282 -3.485046  1322.750287
2.162176 2.554917 -3.655282 -3.505727  1338.186183
2.162176 2.554917 -3.655282 -3.505727  1338.186183
2.162176 2.561927 -3.655282 -3.505727  1339.687904
2.162176 2.561927 -3.655282 -3.505727  1339.687904
2.162176 2.561927 -3.655282 -3.505727  1339.687904
2.211065 2.561927 -3.655282 -3.505727  1345.277544
2.211065 2.623504 -3.655282 -3.505727  1359.194106
2.211065 2.623504 -3.655282 -3.505727  1359.194106
2.211065 2.623504 -3.655282 -3.505727  1359.194106
2.211065 2.623504 -3.655282 -3.505727  1359.194106
2.211065 2.623504 -3.655282 -3.505727  1359.194106
2.211065 2.623504 -3.728975 -3.505727  1427.677764
2.211065 2.623504 -3.728975 -3.565749  1474.587051
2.211065 2.623504 -3.728975 -3.565749  1474.587051
2.211065 2.623504 -3.728975 -3.565749  1474.587051
2.211065 2.623504 -3.748049 -3.565749  1493.216846
2.211065 2.623504 -3.748049 -3.622541  1540.608013
2.211065 2.623504 -3.748049 -3.622541  1540.608013
2.211065 2.623504 -3.748049 -3.622541  1540.608013
2.211065 2.623504 -3.759932 -3.622541  1552.407916
2.211065 2.623504 -3.759932 -3.622541  1552.407916
2.225289 2.623504 -3.759932 -3.622541  1554.129725
2.225289 2.650966 -3.759932 -3.622541  1560.771949
2.225289 2.650966 -3.759932 -3.622541  1560.771949
2.225289 2.650966 -3.759932 -3.622541  1560.771949
2.291802 2.650966 -3.759932 -3.622541  1569.429275
2.291802 2.730532 -3.759932 -3.622541  1590.292533
2.291802 2.730532 -3.759932 -3.622541  1590.292533
2.291802 2.730532 -3.759932 -3.717001  1675.979607
2.291802 2.730532 -3.759932 -3.717001  1675.979607
2.291802 2.730532 -3.759932 -3.717001  1675.979607
2.291802 2.730532 -3.816383 -3.717001  1734.110367
2.291802 2.730532 -3.816383 -3.760323  1776.432963
2.291802 2.730532 -3.816383 -3.760323  1776.432963
2.291802 2.730532 -3.816383 -3.760323  1776.432963
2.291802 2.730532 -3.820090 -3.760323  1780.371936
2.291802 2.730532 -3.820090 -3.760323  1780.371936
2.314360 2.730532 -3.820090 -3.760323  1783.545254
2.314360 2.766037 -3.820090 -3.760323  1793.673754
2.314360 2.766037 -3.820090 -3.760323  1793.673754
2.314360 2.766037 -3.820090 -3.760323  1793.673754
2.388613 2.766037 -3.820090 -3.760323  1805.031013
2.388613 2.853701 -3.820090 -3.760323  1832.367532
2.388613 2.853701 -3.919626 -3.760323  1944.021368
2.388613 2.853701 -3.919626 -3.847463  2035.268103
2.388613 2.853701 -3.919626 -3.847463  2035.268103
2.388613 2.853701 -3.919626 -3.847463  2035.268103
2.388613 2.853701 -3.968669 -3.847463  2094.614750
2.388613 2.853701 -3.968669 -3.883368  2134.694167
2.388613 2.853701 -3.968669 -3.883368  2134.694167
2.388613 2.853701 -3.968669 -3.883368  2134.694167
2.388613 2.853701 -3.968669 -3.883368  2134.694167
2.388613 2.853701 -3.968669 -3.883368  2134.694167
2.416339 2.853701 -3.968669 -3.883368  2139.312815
2.416339 2.894063 -3.968669 -3.883368  2153.080495
2.416339 2.894063 -3.968669 -3.883368  2153.080495
2.416339 2.894063 -3.968669 -3.883368  2153.080495
2.494571 2.894063 -3.968669 -3.883368  2167.307182
2.494571 2.985319 -3.968669 -3.883368  2201.399107
2.494571 2.985319 -4.064496 -3.883368  2326.139180
2.494571 2.985319 -4.064496 -3.965354  2423.387492
2.494571 2.985319 -4.064496 -3.965354  2423.387492
2.494571 2.985319 -4.064496 -3.965354  2423.387492
2.494571 2.985319 -4.108451 -3.965354  2484.678524
2.494571 2.985319 -4.108451 -3.997198  2524.682742
2.494571 2.985319 -4.108451 -3.997198  2524.682742
2.494571 2.985319 -4.108451 -3.997198  2524.682742
2.494571 2.985319 -4.108451 -3.997198  2524.682742
2.494571 2.985319 -4.108451 -3.997198  2524.682742
2.527533 2.985319 -4.108451 -3.997198  2531.235932
2.527533 3.031059 -4.108451 -3.997198  2549.965904
2.527533 3.031059 -4.108451 -3.997198  2549.965904
2.527533 3.031059 -4.108451 -3.997198  2549.965904
2.611793 3.031059 -4.108451 -3.997198  2568.345201
2.611793 3.128558 -4.108451 -3.997198  2612.226795
2.611793 3.128558 -4.197932 -3.997198  2745.373389
2.611793 3.128558 -4.197932 -4.074052  2847.316779
2.611793 3.128558 -4.197932 -4.074052  2847.316779
2.611793 3.128558 -4.197932 -4.074052  2847.316779
2.611793 3.128558 -4.236574 -4.074052  2908.435391
2.611793 3.128558 -4.236574 -4.099680  2944.182769
2.611793 3.128558 -4.236574 -4.099680  2944.182769
2.611793 3.131220 -4.236574 -4.099680  2945.459988
2.611793 3.131220 -4.236574 -4.099680  2945.459988
2.611793 3.131220 -4.236574 -4.099680  2945.459988
2.652998 3.131220 -4.236574 -4.099680  2955.354157
2.652998 3.185697 -4.236574 -4.099680  2982.465394
2.652998 3.185697 -4.236574 -4.099680  2982.465394
2.652998 3.185697 -4.236574 -4.099680  2982.465394
2.745701 3.185697 -4.236574 -4.099680  3007.089176
2.745701 3.185697 -4.236574 -4.099680  3007.089176
2.745701 3.185697 -4.317206 -4.099680  3142.005181
2.745701 3.185697 -4.317206 -4.167717  3241.346564
2.745701 3.185697 -4.317206 -4.167717  3241.346564
2.745701 3.185697 -4.317206 -4.167717  3241.346564
2.745701 3.185697 -4.347928 -4.167717  3295.474317
2.745701 3.185697 -4.347928 -4.185728  3322.880883
2.745701 3.185697 -4.347928 -4.185728  3322.880883
2.745701 3.185697 -4.347928 -4.185728  3322.880883
2.745701 3.185697 -4.396610 -4.185728  3411.839107
2.745701 3.185697 -4.396610 -4.221673  3467.962866
2.745701 3.185697 -4.396610 -4.221673  3467.962866
2.745701 3.185697 -4.396610 -4.221673  3467.962866
2.745701 3.185697 -4.396610 -4.221673  3467.962866
2.745701 3.185697 -4.396610 -4.221673  3467.962866
2.775241 3.185697 -4.396610 -4.221673  3476.539976
2.775241 3.227797 -4.396610 -4.221673  3498.801141
2.775241 3.227797 -4.396610 -4.221673  3498.801141
2.775241 3.227797 -4.396610 -4.221673  3498.801141
2.857274 3.227797 -4.396610 -4.221673  3524.613850
2.857274 3.322609 -4.396610 -4.221673  3579.185712
2.857274 3.322609 -4.489200 -4.221673  3759.611728
2.857274 3.322609 -4.489200 -4.301428  3891.157300
2.857274 3.322609 -4.489200 -4.301428  3891.157300
2.857274 3.322609 -4.489200 -4.301428  3891.157300
2.857274 3.322609 -4.523804 -4.301428  3962.518197
2.857274 3.322609 -4.523804 -4.323556  4000.786150
2.857274 3.322609 -4.523804 -4.323556  4000.786150
2.857274 3.325909 -4.523804 -4.323556  4002.800895
2.857274 3.325909 -4.523804 -4.323556  4002.800895
2.857274 3.325909 -4.523804 -4.323556  4002.800895
2.899407 3.325909 -4.523804 -4.323556  4017.262053
2.899407 3.383538 -4.523804 -4.323556  4053.762671
2.899407 3.383538 -4.523804 -4.323556  4053.762671
2.899407 3.383538 -4.523804 -4.323556  4053.762671
2.997183 3.383538 -4.523804 -4.323556  4090.722248
2.997183 3.383538 -4.523804 -4.323556  4090.722248
2.997183 3.383538 -4.599936 -4.323556  4255.602672
2.997183 3.383538 -4.599936 -4.387113  4369.959676
2.997183 3.383538 -4.599936 -4.387113  4369.959676
2.997183 3.383538 -4.599936 -4.387113  4369.959676
2.997183 3.383538 -4.625339 -4.387113  4427.458523
2.997183 3.383538 -4.625339 -4.400012  4451.491959
2.997183 3.383538 -4.625339 -4.400012  4451.491959
2.997183 3.397927 -4.625339 -4.400012  4461.002165
2.997183 3.397927 -4.625339 -4.400012  4461.002165
2.997183 3.397927 -4.625339 -4.400012  4461.002165
3.050324 3.397927 -4.625339 -4.400012  4483.217424
3.050324 3.464450 -4.625339 -4.400012  4529.327692
3.050324 3.464450 -4.625339 -4.400012  4529.327692
3.050324 3.464450 -4.625339 -4.400012  4529.327692
3.050324 3.464450 -4.625339 -4.400012  4529.327692
3.050324 3.464450 -4.625339 -4.400012  4529.327692
3.050324 3.464450 -4.694617 -4.400012  4692.688582
3.050324 3.464450 -4.694617 -4.456256  4800.822869
3.050324 3.464450 -4.694617 -4.456256  4800.822869
3.050324 3.464450 -4.694617 -4.456256  4800.822869
3.050324 3.464450 -4.712028 -4.456256  4843.423456
3.050324 3.464450 -4.712028 -4.461131  4853.056212
3.058086 3.464450 -4.712028 -4.461131  4856.433152
3.058086 3.484876 -4.712028 -4.461131  4871.320568
3.058086 3.484876 -4.712028 -4.461131  4871.320568
3.058086 3.484876 -4.712028 -4.461131  4871.320568
3.115633 3.484876 -4.712028 -4.461131  4897.450262
3.115633 3.555832 -4.712028 -4.461131  4951.950206
3.115633 3.555832 -4.712028 -4.461131  4951.950206
3.115633 3.555832 -4.712028 -4.461131  4951.950206
3.115633 3.555832 -4.712028 -4.461131  4951.950206
3.115633 3.555832 -4.712028 -4.461131  4951.950206
3.115633 3.555832 -4.776687 -4.461131  5115.763514
3.115633 3.555832 -4.776687 -4.513154  5221.219349
3.115633 3.555832 -4.776687 -4.513154  5221.219349
3.115633 3.555832 -4.776687 -4.513154  5221.219349
3.115633 3.555832 -4.789610 -4.513154  5255.042278
3.115633 3.555832 -4.789610 -4.513228  5255.196389
3.128322 3.555832 -4.789610 -4.513228  5261.223629
3.128322 3.581429 -4.789610 -4.513228  5281.980562
3.128322 3.581429 -4.789610 -4.513228  5281.980562
3.128322 3.581429 -4.789610 -4.513228  5281.980562
3.192062 3.581429 -4.789610 -4.513228  5313.773216
3.192062 3.658868 -4.789610 -4.513228  5380.291071
3.192062 3.658868 -4.789610 -4.513228  5380.291071
3.192062 3.658868 -4.789610 -4.609312  5588.289167
3.192062 3.658868 -4.789610 -4.609312  5588.289167
3.192062 3.658868 -4.789610 -4.609312  5588.289167
3.192062 3.658868 -4.846658 -4.609312  5742.016718
3.192062 3.658868 -4.846658 -4.653424  5843.497343
3.279856 3.658868 -4.846658 -4.653424  5891.648312
3.279856 3.757177 -4.846658 -4.653424  5984.606200
3.279856 3.757177 -4.938534 -4.653424  6247.880648
3.279856 3.757177 -4.938534 -4.735649  6447.596105
3.279856 3.757177 -4.938534 -4.735649  6447.596105
3.279856 3.757177 -4.938534 -4.735649  6447.596105
3.279856 3.757177 -4.986005 -4.735649  6591.523214
3.279856 3.757177 -4.986005 -4.776123  6695.059672
3.279856 3.757177 -4.986005 -4.776123  6695.059672
3.279856 3.757177 -4.986005 -4.776123  6695.059672
3.279856 3.757177 -5.004685 -4.776123  6753.216960
3.279856 3.757177 -5.004685 -4.787626  6783.289525
3.279856 3.757177 -5.004685 -4.787626  6783.289525
3.279856 3.759596 -5.004685 -4.787626  6785.702489
3.279856 3.759596 -5.004685 -4.787626  6785.702489
3.279856 3.759596 -5.004685 -4.787626  6785.702489
3.302633 3.759596 -5.004685 -4.787626  6799.065677
3.302633 3.789302 -5.004685 -4.787626  6829.212612
3.302633 3.789302 -5.004685 -4.787626  6829.212612
3.302633 3.789302 -5.004685 -4.787626  6829.212612
3.352902 3.789302 -5.004685 -4.787626  6860.039672
3.352902 3.846524 -5.004685 -4.787626  6920.837248
3.352902 3.846524 -5.004685 -4.787626  6920.837248
3.352902 3.846524 -5.004685 -4.787626  6920.837248
3.430818 3.846524 -5.004685 -4.787626  6972.415386
3.430818 3.931538 -5.004685 -4.787626  7069.673784
3.430818 3.931538 -5.004685 -4.787626  7069.673784
3.430818 3.931538 -5.004685 -4.787626  7069.673784
3.430818 3.931538 -5.004685 -4.787626  7069.673784
3.430818 3.931538 -5.004685 -4.787626  7069.673784
3.430818 3.931538 -5.084743 -4.787626  7328.955893
3.430818 3.931538 -5.084743 -4.860654  7526.738276
3.430818 3.931538 -5.084743 -4.860654  7526.738276
3.430818 3.931538 -5.084743 -4.860654  7526.738276
3.430818 3.931538 -5.136663 -4.860654  7703.851192
3.430818 3.931538 -5.136663 -4.905644  7831.762919
3.430818 3.931538 -5.136663 -4.905644  7831.762919
3.430818 3.931538 -5.136663 -4.905644  7831.762919
3.430818 3.931538 -5.160560 -4.905644  7915.724027
3.430818 3.931538 -5.160560 -4.922551  7965.018777
3.430818 3.931538 -5.160560 -4.922551  7965.018777
3.430818 3.931538 -5.160560 -4.922551  7965.018777
3.430818 3.931538 -5.160560 -4.922551  7965.018777
3.430818 3.931538 -5.160560 -4.922551  7965.018777
3.448301 3.931538 -5.160560 -4.922551  7977.253460
3.448301 3.956092 -5.160560 -4.922551  8006.954780
3.448301 3.956092 -5.160560 -4.922551  8006.954780
3.448301 3.956092 -5.160560 -4.922551  8006.954780
3.494054 3.956092 -5.160560 -4.922551  8040.169801
3.494054 4.008808 -5.160560 -4.922551  8106.474827
3.494054 4.008808 -5.160560 -4.922551  8106.474827
3.494054 4.008808 -5.160560 -4.922551  8106.474827
3.567241 4.008808 -5.160560 -4.922551  8163.349387
3.567241 4.088943 -5.160560 -4.922551  8271.050302
3.567241 4.088943 -5.160560 -4.922551  8271.050302
3.567241 4.088943 -5.160560 -4.922551  8271.050302
3.567241 4.088943 -5.160560 -4.922551  8271.050302
3.567241 4.088943 -5.160560 -4.922551  8271.050302
3.567241 4.088943 -5.246077 -4.922551  8584.526558
3.567241 4.088943 -5.246077 -5.001230  8823.016703
3.567241 4.088943 -5.246077 -5.001230  8823.016703
3.567241 4.088943 -5.246077 -5.001230  8823.016703
3.567241 4.088943 -5.303415 -5.001230  9044.960273
3.567241 4.088943 -5.303415 -5.051491  9205.372939
3.567241 4.088943 -5.303415 -5.051491  9205.372939
3.567241 4.088943 -5.303415 -5.051491  9205.372939
3.567241 4.088943 -5.333442 -5.051491  9325.494250
3.567241 4.088943 -5.333442 -5.074612  9401.461788
3.567241 4.088943 -5.333442 -5.074612  9401.461788
3.567241 4.088943 -5.333442 -5.074612  9401.461788
3.567241 4.088943 -5.336327 -5.074612  9413.146498
3.567241 4.088943 -5.336327 -5.074612  9413.146498
3.577694 4.088943 -5.336327 -5.074612  9421.659310
3.577694 4.106491 -5.336327 -5.074612  9446.397695
3.577694 4.106491 -5.336327 -5.074612  9446.397695
3.577694 4.106491 -5.336327 -5.074612  9446.397695
3.615728 4.106491 -5.336327 -5.074612  9478.224494
3.615728 4.151455 -5.336327 -5.074612  9543.571774
3.615728 4.151455 -5.336327 -5.074612  9543.571774
3.615728 4.151455 -5.336327 -5.074612  9543.571774
3.615728 4.151455 -5.336327 -5.074612  9543.571774
3.615728 4.151455 -5.336327 -5.074612  9543.571774
3.615728 4.151455 -5.373664 -5.074612  9697.088551
3.615728 4.151455 -5.373664 -5.105137  9799.526307
3.615728 4.151455 -5.373664 -5.105137  9799.526307
3.615728 4.151455 -5.373664 -5.105137  9799.526307
3.615728 4.151455 -5.383698 -5.105137  9841.516011
3.615728 4.151455 -5.383698 -5.107937  9851.038489
3.619829 4.151455 -5.383698 -5.107937  9854.550688
3.619829 4.162604 -5.383698 -5.107937  9871.197793
3.619829 4.162604 -5.383698 -5.107937  9871.197793
3.619829 4.162604 -5.383698 -5.107937  9871.197793
3.652161 4.162604 -5.383698 -5.107937  9899.453781
3.652161 4.202175 -5.383698 -5.107937  9959.997197
3.652161 4.202175 -5.383698 -5.107937  9959.997197
3.652161 4.202175 -5.383698 -5.107937  9959.997197
3.712635 4.202175 -5.383698 -5.107937  10015.602876
3.712635 4.269859 -5.383698 -5.107937  10124.580989
3.712635 4.269859 -5.383698 -5.107937  10124.580989
3.712635 4.269859 -5.383698 -5.107937  10124.580989
3.801265 4.269859 -5.383698 -5.107937  10212.891665
3.801265 4.365685 -5.383698 -5.107937  10379.461820
3.801265 4.365685 -5.480548 -5.107937  10801.176962
3.801265 4.365685 -5.480548 -5.197772  11117.895087
3.801265 4.365685 -5.480548 -5.197772  11117.895087
3.801265 4.365685 -5.480548 -5.197772  11117.895087
3.801265 4.365685 -5.549555 -5.197772  11437.120934
3.801265 4.365685 -5.549555 -5.260063  11669.968682
3.801265 4.365685 -5.549555 -5.260063  11669.968682
3.801265 4.365685 -5.549555 -5.260063  11669.968682
3.801265 4.365685 -5.591210 -5.260063  11870.499685
3.801265 4.365685 -5.591210 -5.294555  12004.264561
3.801265 4.365685 -5.591210 -5.294555  12004.264561
3.801265 4.365685 -5.591210 -5.294555  12004.264561
3.801265 4.365685 -5.604755 -5.294555  12070.773187
3.801265 4.365685 -5.604755 -5.301374  12097.634796
3.801265 4.365685 -5.604755 -5.301374  12097.634796
3.801265 4.372346 -5.604755 -5.301374  12109.770049
3.801265 4.372346 -5.604755 -5.301374  12109.770049
3.801265 4.372346 -5.604755 -5.301374  12109.770049
3.828284 4.372346 -5.604755 -5.301374  12138.380569
3.828284 4.406163 -5.604755 -5.301374  12201.140275
3.828284 4.406163 -5.604755 -5.301374  12201.140275
3.828284 4.406163 -5.604755 -5.301374  12201.140275
3.882762 4.406163 -5.604755 -5.301374  12261.336953
3.882762 4.467456 -5.604755 -5.301374  12380.108189
3.882762 4.467456 -5.604755 -5.301374  12380.108189
3.882762 4.467456 -5.604755 -5.301374  12380.108189
3.965126 4.467456 -5.604755 -5.301374  12477.763136
3.965126 4.556722 -5.604755 -5.301374  12662.795696
3.965126 4.556722 -5.604755 -5.301374  12662.795696
3.965126 4.556722 -5.604755 -5.398577  13061.020397
3.965126 4.556722 -5.604755 -5.398577  13061.020397
3.965126 4.556722 -5.604755 -5.398577  13061.020397
3.965126 4.556722 -5.681623 -5.398577  13450.833940
3.965126 4.556722 -5.681623 -5.468458  13755.405798
3.965126 4.556722 -5.681623 -5.468458  13755.405798
3.965126 4.556722 -5.681623 -5.468458  13755.405798
3.965126 4.556722 -5.731151 -5.468458  14017.997275
3.965126 4.556722 -5.731151 -5.511255  14212.373016
3.965126 4.556722 -5.731151 -5.511255  14212.373016
3.965126 4.556722 -5.731151 -5.511255  14212.373016
3.965126 4.556722 -5.753240 -5.511255  14332.448128
3.965126 4.556722 -5.753240 -5.526484  14403.089540
3.965126 4.556722 -5.753240 -5.526484  14403.089540
3.965126 4.556722 -5.753240 -5.526484  14403.089540
3.965126 4.556722 -5.753240 -5.526484  14403.089540
3.965126 4.556722 -5.753240 -5.526484  14403.089540
3.984849 4.556722 -5.753240 -5.526484  14427.709752
3.984849 4.583437 -5.753240 -5.526484  14485.977609
3.984849 4.583437 -5.753240 -5.526484  14485.977609
3.984849 4.583437 -5.753240 -5.526484  14485.977609
4.032980 4.583437 -5.753240 -5.526484  14548.141055
4.032980 4.638929 -5.753240 -5.526484  14673.595596
4.032980 4.638929 -5.753240 -5.526484  14673.595596
4.032980 4.638929 -5.753240 -5.526484  14673.595596
4.109761 4.638929 -5.753240 -5.526484  14779.097422
4.109761 4.722815 -5.753240 -5.526484  14980.484619
4.109761 4.722815 -5.753240 -5.526484  14980.484619
4.109761 4.722815 -5.753240 -5.559416  15135.921146
4.109761 4.722815 -5.753240 -5.559416  15135.921146
4.109761 4.722815 -5.753240 -5.559416  15135.921146
4.109761 4.722815 -5.762622 -5.559416  15187.483144
4.109761 4.722815 -5.762622 -5.561934  15199.521727
4.114205 4.722815 -5.762622 -5.561934  15205.874451
4.114205 4.734237 -5.762622 -5.561934  15234.425373
4.114205 4.734237 -5.762622 -5.561934  15234.425373
4.114205 4.734237 -5.762622 -5.561934  15234.425373
4.146307 4.734237 -5.762622 -5.561934  15281.137534
4.146307 4.773255 -5.762622 -5.561934  15380.767975
4.146307 4.773255 -5.762622 -5.561934  15380.767975
4.146307 4.773255 -5.762622 -5.561934  15380.767975
4.206694 4.773255 -5.762622 -5.561934  15472.645463
4.206694 4.840723 -5.762622 -5.561934  15652.783292
4.206694 4.840723 -5.762622 -5.561934  15652.783292
4.206694 4.840723 -5.762622 -5.561934  15652.783292
4.295308 4.840723 -5.762622 -5.561934  15797.503613
4.295308 4.936181 -5.762622 -5.561934  16070.120622
4.295308 4.936181 -5.860252 -5.561934  16626.988614
4.295308 4.936181 -5.860252 -5.652682  17075.613197
4.295308 4.936181 -5.860252 -5.652682  17075.613197
4.295308 4.936181 -5.860252 -5.652682  17075.613197
4.295308 4.936181 -5.930244 -5.652682  17498.332687
4.295308 4.936181 -5.930244 -5.714999  17823.545647
4.295308 4.936181 -5.930244 -5.714999  17823.545647
4.295308 4.936181 -5.930244 -5.714999  17823.545647
4.295308 4.936181 -5.972122 -5.714999  18086.202651
4.295308 4.936181 -5.972122 -5.750190  18276.226419
4.295308 4.936181 -5.972122 -5.750190  18276.226419
4.295308 4.936181 -5.972122 -5.750190  18276.226419
4.295308 4.936181 -5.986532 -5.750190  18368.322490
4.295308 4.936181 -5.986532 -5.757542  18408.614446
4.295308 4.936181 -5.986532 -5.757542  18408.614446
4.295308 4.942746 -5.986532 -5.757542  18428.153785
4.295308 4.942746 -5.986532 -5.757542  18428.153785
4.295308 4.942746 -5.986532 -5.757542  18428.153785
4.322705 4.942746 -5.986532 -5.757542  18475.380837
4.322705 4.977201 -5.986532 -5.757542  18579.648120
4.322705 4.977201 -5.986532 -5.757542  18579.648120
4.322705 4.977201 -5.986532 -5.757542  18579.648120
4.378513 4.977201 -5.986532 -5.757542  18679.626225
4.378513 5.039821 -5.986532 -5.757542  18876.666154
4.378513 5.039821 -5.986532 -5.757542  18876.666154
4.378513 5.039821 -5.986532 -5.757542  18876.666154
4.461833 5.039821 -5.986532 -5.757542  19035.722565
4.461833 5.130626 -5.986532 -5.757542  19339.382749
4.461833 5.130626 -5.986532 -5.757542  19339.382749
4.461833 5.130626 -5.986532 -5.852815  19880.466006
4.461833 5.130626 -5.986532 -5.852815  19880.466006
4.461833 5.130626 -5.986532 -5.852815  19880.466006
4.461833 5.130626 -6.061173 -5.852815  20371.910118
4.461833 5.130626 -6.061173 -5.920598  20778.923084
4.461833 5.130626 -6.061173 -5.920598  20778.923084
4.461833 5.130626 -6.061173 -5.920598  20778.923084
4.461833 5.130626 -6.108259 -5.920598  21101.656145
4.461833 5.130626 -6.108259 -5.961003  21353.302862
4.461833 5.130626 -6.108259 -5.961003  21353.302862
4.461833 5.130626 -6.108259 -5.961003  21353.302862
4.461833 5.130626 -6.128045 -5.961003  21491.913316
4.461833 5.130626 -6.128045 -5.973791  21572.996546
4.461833 5.130626 -6.128045 -5.973791  21572.996546
4.461833 5.131972 -6.128045 -5.973791  21577.661964
4.461833 5.131972 -6.128045 -5.973791  21577.661964
4.461833 5.131972 -6.128045 -5.973791  21577.661964
4.484623 5.131972 -6.128045 -5.973791  21623.287403
4.484623 5.161696 -6.128045 -5.973791  21727.579089
4.484623 5.161696 -6.128045 -5.973791  21727.579089
4.484623 5.161696 -6.128045 -5.973791  21727.579089
4.534939 5.161696 -6.128045 -5.973791  21831.647902
4.534939 5.219013 -6.128045 -5.973791  22039.650070
4.534939 5.219013 -6.128045 -5.973791  22039.650070
4.534939 5.219013 -6.128045 -5.973791  22039.650070
4.613382 5.219013 -6.128045 -5.973791  22211.376124
4.613382 5.304267 -6.128045 -5.973791  22538.134149
4.613382 5.304267 -6.128045 -5.973791  22538.134149
4.613382 5.304267 -6.128045 -5.973791  22538.134149
4.613382 5.304267 -6.128045 -5.973791  22538.134149
4.613382 5.304267 -6.128045 -5.973791  22538.134149
4.613382 5.304267 -6.132714 -5.973791  22571.111031
4.613382 5.304267 -6.132714 -5.973791  22571.111031
4.623421 5.304267 -6.132714 -5.973791  22593.947857
4.623421 5.321275 -6.132714 -5.973791  22661.697028
4.623421 5.321275 -6.132714 -5.973791  22661.697028
4.623421 5.321275 -6.132714 -5.973791  22661.697028
4.660649 5.321275 -6.132714 -5.973791  22748.131534
4.660649 5.365432 -6.132714 -5.973791  22928.119950
4.660649 5.365432 -6.132714 -5.973791  22928.119950
4.660649 5.365432 -6.132714 -5.973791  22928.119950
4.725620 5.365432 -6.132714 -5.973791  23085.729474
4.725620 5.437447 -6.132714 -5.973791  23392.255563
4.725620 5.437447 -6.132714 -5.973791  23392.255563
4.725620 5.437447 -6.132714 -5.973791  23392.255563
4.818439 5.437447 -6.132714 -5.973791  23632.968812
4.818439 5.537342 -6.132714 -5.973791  24085.920332
4.818439 5.537342 -6.225804 -5.973791  24764.598708
4.818439 5.537342 -6.225804 -6.059804  25328.285524
4.818439 5.537342 -6.225804 -6.059804  25328.285524
4.818439 5.537342 -6.225804 -6.059804  25328.285524
4.818439 5.537342 -6.290552 -6.059804  25824.893068
4.818439 5.537342 -6.290552 -6.117579  26221.925070
4.818439 5.537342 -6.290552 -6.117579  26221.925070
4.818439 5.537342 -6.290552 -6.117579  26221.925070
4.818439 5.537342 -6.327679 -6.117579  26516.060297
4.818439 5.537342 -6.327679 -6.147882  26730.386349
4.818439 5.537342 -6.327679 -6.147882  26730.386349
4.818439 5.537342 -6.327679 -6.147882  26730.386349
4.818439 5.537342 -6.337125 -6.147882  26806.327127
4.818439 5.537342 -6.337125 -6.150356  26824.012060
4.823118 5.537342 -6.337125 -6.150356  26836.648637
4.823118 5.548989 -6.337125 -6.150356  26891.627451
4.823118 5.548989 -6.337125 -6.150356  26891.627451
4.823118 5.548989 -6.337125 -6.150356  26891.627451
4.856048 5.548989 -6.337125 -6.150356  26981.950076
4.856048 5.588943 -6.337125 -6.150356  27174.101854
4.856048 5.588943 -6.337125 -6.150356  27174.101854
4.856048 5.588943 -6.337125 -6.150356  27174.101854
4.916963 5.588943 -6.337125 -6.150356  27347.770503
4.916963 5.656792 -6.337125 -6.150356  27686.909425
4.916963 5.656792 -6.337125 -6.150356  27686.909425
4.916963 5.656792 -6.337125 -6.150356  27686.909425
5.005854 5.656792 -6.337125 -6.150356  27956.260066
5.005854 5.752557 -6.337125 -6.150356  28463.435400
5.005854 5.752557 -6.434104 -6.150356  29269.758683
5.005854 5.752557 -6.434104 -6.240457  29933.541922
5.005854 5.752557 -6.434104 -6.240457  29933.541922
5.005854 5.752557 -6.434104 -6.240457  29933.541922
5.005854 5.752557 -6.503497 -6.240457  30541.122833
5.005854 5.752557 -6.503497 -6.303105  31025.810908
5.005854 5.752557 -6.503497 -6.303105  31025.810908
5.005854 5.752557 -6.503497 -6.303105  31025.810908
5.005854 5.752557 -6.544881 -6.303105  31400.710140
5.005854 5.752557 -6.544881 -6.337606  31675.991668
5.005854 5.752557 -6.544881 -6.337606  31675.991668
5.005854 5.752557 -6.544881 -6.337606  31675.991668
5.005854 5.752557 -6.558587 -6.337606  31802.268766
5.005854 5.752557 -6.558587 -6.344402  31857.203606
5.005973 5.752557 -6.558587 -6.344402  31857.578789
5.005973 5.759715 -6.558587 -6.344402  31896.872131
5.005973 5.759715 -6.558587 -6.344402  31896.872131
5.005973 5.759715 -6.558587 -6.344402  31896.872131
5.033903 5.759715 -6.558587 -6.344402  31985.554426
5.033903 5.794642 -6.558587 -6.344402  32180.088684
5.033903 5.794642 -6.558587 -6.344402  32180.088684
5.033903 5.794642 -6.558587 -6.344402  32180.088684
5.090040 5.794642 -6.558587 -6.344402  32364.390165
5.090040 5.857909 -6.558587 -6.344402  32728.925164
5.090040 5.857909 -6.558587 -6.344402  32728.925164
5.090040 5.857909 -6.558587 -6.344402  32728.925164
5.174420 5.857909 -6.558587 -6.344402  33021.671537
5.174420 5.949379 -6.558587 -6.344402  33577.298908
5.174420 5.949379 -6.558587 -6.344402  33577.298908
5.174420 5.949379 -6.558587 -6.439071  34367.433680
5.174420 5.949379 -6.558587 -6.439071  34367.433680
5.174420 5.949379 -6.558587 -6.439071  34367.433680
5.174420 5.949379 -6.631898 -6.439071  35061.000710
5.174420 5.949379 -6.631898 -6.505348  35642.518414
5.174420 5.949379 -6.631898 -6.505348  35642.518414
5.174420 5.967931 -6.631898 -6.505348  35759.455864
5.174420 5.967931 -6.631898 -6.505348  35759.455864
5.174420 5.967931 -6.631898 -6.505348  35759.455864
5.214729 5.967931 -6.631898 -6.505348  35906.208958
5.214729 6.015095 -6.631898 -6.505348  36210.112701
5.214729 6.015095 -6.631898 -6.505348  36210.112701
5.214729 6.015095 -6.631898 -6.505348  36210.112701
5.282763 6.015095 -6.631898 -6.505348  36468.309333
5.282763 6.090001 -6.631898 -6.505348  36970.970759
5.282763 6.090001 -6.631898 -6.505348  36970.970759
5.282763 6.090001 -6.631898 -6.505348  36970.970759
5.378824 6.090001 -6.631898 -6.505348  37358.902757
5.378824 6.090001 -6.631898 -6.505348  37358.902757
5.378824 6.090001 -6.722091 -6.505348  38255.308715
5.378824 6.090001 -6.722091 -6.588459  39018.808611
5.378824 6.090001 -6.722091 -6.588459  39018.808611
5.378824 6.090001 -6.722091 -6.588459  39018.808611
5.378824 6.090001 -6.783943 -6.588459  39661.987428
5.378824 6.090001 -6.783943 -6.643391  40188.211114
5.378824 6.090001 -6.783943 -6.643391  40188.211114
5.378824 6.090001 -6.783943 -6.643391  40188.211114
5.378824 6.090001 -6.818098 -6.643391  40553.584285
5.378824 6.090001 -6.818098 -6.670683  40821.584106
5.378824 6.090001 -6.818098 -6.670683  40821.584106
5.378824 6.090001 -6.818098 -6.670683  40821.584106
5.378824 6.090001 -6.824439 -6.670683  40890.224959
5.378824 6.090001 -6.824439 -6.670683  40890.224959
5.386309 6.090001 -6.824439 -6.670683  40921.639349
5.386309 6.104449 -6.824439 -6.670683  41021.476571
5.386309 6.104449 -6.824439 -6.670683  41021.476571
5.386309 6.104449 -6.824439 -6.670683  41021.476571
5.421722 6.104449 -6.824439 -6.670683  41172.486501
5.421722 6.146910 -6.824439 -6.670683  41471.430416
5.421722 6.146910 -6.824439 -6.670683  41471.430416
5.421722 6.146910 -6.824439 -6.670683  41471.430416
5.485538 6.146910 -6.824439 -6.670683  41753.706136
5.485538 6.217812 -6.824439 -6.670683  42271.641898
5.485538 6.217812 -6.824439 -6.670683  42271.641898
5.485538 6.217812 -6.824439 -6.670683  42271.641898
5.577917 6.217812 -6.824439 -6.670683  42704.204127
5.577917 6.317450 -6.824439 -6.670683  43473.089263
5.577917 6.317450 -6.917702 -6.670683  44512.564688
5.577917 6.317450 -6.917702 -6.756869  45388.170916
5.577917 6.317450 -6.917702 -6.756869  45388.170916
5.577917 6.317450 -6.917702 -6.756869  45388.170916
5.577917 6.317450 -6.982955 -6.756869  46149.572067
5.577917 6.317450 -6.982955 -6.815282  46768.972318
5.577917 6.317450 -6.982955 -6.815282  46768.972318
5.577917 6.317450 -6.982955 -6.815282  46768.972318
5.577917 6.317450 -7.020531 -6.815282  47220.530819
5.577917 6.317450 -7.020531 -6.845810  47552.800922
5.577917 6.317450 -7.020531 -6.845810  47552.800922
5.577917 6.317450 -7.020531 -6.845810  47552.800922
5.577917 6.317450 -7.030222 -6.845810  47670.836103
5.577917 6.317450 -7.030222 -6.848585  47701.340327
5.582129 6.317450 -7.030222 -6.848585  47721.757354
5.582129 6.328477 -7.030222 -6.848585  47809.885483
5.582129 6.328477 -7.030222 -6.848585  47809.885483
5.582129 6.328477 -7.030222 -6.848585  47809.885483
5.613629 6.328477 -7.030222 -6.848585  47964.543364
5.613629 6.366793 -7.030222 -6.848585  48275.576560
5.613629 6.366793 -7.030222 -6.848585  48275.576560
5.613629 6.366793 -7.030222 -6.848585  48275.576560
5.673118 6.366793 -7.030222 -6.848585  48577.286768
5.673118 6.433322 -7.030222 -6.848585  49135.419089
5.673118 6.433322 -7.030222 -6.848585  49135.419089
5.673118 6.433322 -7.030222 -6.848585  49135.419089
5.760161 6.433322 -7.030222 -6.848585  49600.274352
5.760161 6.527455 -7.030222 -6.848585  50430.441035
5.760161 6.527455 -7.129173 -6.848585  51673.497530
5.760161 6.527455 -7.129173 -6.940359  52710.387491
5.760161 6.527455 -7.129173 -6.940359  52710.387491
5.760161 6.527455 -7.129173 -6.940359  52710.387491
5.760161 6.527455 -7.200213 -6.940359  53646.412735
5.760161 6.527455 -7.200213 -7.004736  54407.239739
5.760161 6.527455 -7.200213 -7.004736  54407.239739
5.760161 6.527455 -7.200213 -7.004736  54407.239739
5.760161 6.527455 -7.243981 -7.004736  55002.599372
5.760161 6.527455 -7.243981 -7.041792  55453.397011
5.804330 6.527455 -7.243981 -7.041792  55700.273756
5.804330 6.579427 -7.243981 -7.041792  56179.592600
5.804330 6.579427 -7.243981 -7.041792  56179.592600
5.804330 6.579427 -7.243981 -7.041792  56179.592600
5.878323 6.579427 -7.243981 -7.041792  56610.359126
5.878323 6.660160 -7.243981 -7.041792  57385.591825
5.878323 6.660160 -7.243981 -7.041792  57385.591825
5.878323 6.660160 -7.243981 -7.041792  57385.591825
5.878323 6.660160 -7.243981 -7.041792  57385.591825
5.878323 6.660160 -7.243981 -7.041792  57385.591825
5.878323 6.660160 -7.328697 -7.041792  58579.593713
5.878323 6.660160 -7.328697 -7.119544  59556.849300
5.878323 6.660160 -7.328697 -7.119544  59556.849300
5.878323 6.660160 -7.328697 -7.119544  59556.849300
5.878323 6.660160 -7.385087 -7.119544  60382.812366
5.878323 6.660160 -7.385087 -7.169094  61028.263416
5.878323 6.660160 -7.385087 -7.169094  61028.263416
5.878323 6.660160 -7.385087 -7.169094  61028.263416
5.878323 6.660160 -7.414075 -7.169094  61462.795032
5.878323 6.660160 -7.414075 -7.191094  61755.162627
5.878323 6.660160 -7.414075 -7.191094  61755.162627
5.878323 6.660160 -7.414075 -7.191094  61755.162627
5.878323 6.660160 -7.415694 -7.191094  61779.636764
5.878323 6.660160 -7.415694 -7.191094  61779.636764
5.890648 6.660160 -7.415694 -7.191094  61853.532314
5.890648 6.679478 -7.415694 -7.191094  62044.687566
5.890648 6.679478 -7.415694 -7.191094  62044.687566
5.890648 6.679478 -7.415694 -7.191094  62044.687566
5.930974 6.679478 -7.415694 -7.191094  62290.807484
5.930974 6.726765 -7.415694 -7.191094  62768.158056
5.930974 6.726765 -7.415694 -7.191094  62768.158056
5.930974 6.726765 -7.415694 -7.191094  62768.158056
5.999194 6.726765 -7.415694 -7.191094  63200.051968
5.999194 6.801887 -7.415694 -7.191094  63986.479372
5.999194 6.801887 -7.415694 -7.191094  63986.479372
5.999194 6.801887 -7.415694 -7.191094  63986.479372
6.094379 6.801887 -7.415694 -7.191094  64622.822395
6.094379 6.801887 -7.415694 -7.191094  64622.822395
6.094379 6.801887 -7.506700 -7.191094  66033.107026
6.094379 6.801887 -7.506700 -7.274905  67180.128058
6.094379 6.801887 -7.506700 -7.274905  67180.128058
6.094379 6.801887 -7.506700 -7.274905  67180.128058
6.094379 6.801887 -7.569783 -7.274905  68198.669754
6.094379 6.801887 -7.569783 -7.330940  68995.611721
6.094379 6.801887 -7.569783 -7.330940  68995.611721
6.094379 6.801887 -7.569783 -7.330940  68995.611721
6.094379 6.801887 -7.604829 -7.330940  69576.326913
6.094379 6.801887 -7.604829 -7.358344  69975.052511
6.094379 6.801887 -7.604829 -7.358344  69975.052511
6.094379 6.801887 -7.604829 -7.358344  69975.052511
6.094379 6.801887 -7.610908 -7.358344  70076.877556
6.094379 6.801887 -7.610908 -7.358344  70076.877556
6.102758 6.801887 -7.610908 -7.358344  70134.833363
6.102758 6.817280 -7.610908 -7.358344  70300.329721
6.102758 6.817280 -7.610908 -7.358344  70300.329721
6.102758 6.817280 -7.610908 -7.358344  70300.329721
6.139061 6.817280 -7.610908 -7.358344  70555.116134
6.139061 6.860697 -7.610908 -7.358344  71030.015137
6.139061 6.860697 -7.610908 -7.358344  71030.015137
6.139061 6.860697 -7.610908 -7.358344  71030.015137
6.203443 6.860697 -7.610908 -7.358344  71496.943013
6.203443 6.932094 -7.610908 -7.358344  72304.482950
6.203443 6.932094 -7.610908 -7.358344  72304.482950
6.203443 6.932094 -7.610908 -7.358344  72304.482950
6.296233 6.932094 -7.610908 -7.358344  73012.418569
6.296233 7.031823 -7.610908 -7.358344  74197.488555
6.296233 7.031823 -7.704325 -7.358344  75803.697724
6.296233 7.031823 -7.704325 -7.444964  77103.673510
6.296233 7.031823 -7.704325 -7.444964  77103.673510
6.296233 7.031823 -7.704325 -7.444964  77103.673510
6.296233 7.031823 -7.770027 -7.444964  78280.994730
6.296233 7.031823 -7.770027 -7.503922  79201.098516
6.296233 7.031823 -7.770027 -7.503922  79201.098516
6.296233 7.031823 -7.770027 -7.503922  79201.098516
6.296233 7.031823 -7.808622 -7.503922  79911.497382
6.296233 7.031823 -7.808622 -7.535914  80423.029410
6.296233 7.031823 -7.808622 -7.535914  80423.029410
6.296233 7.031823 -7.808622 -7.535914  80423.029410
6.296233 7.031823 -7.808622 -7.535914  80423.029410
6.296233 7.031823 -7.808622 -7.535914  80423.029410
6.370727 7.031823 -7.808622 -7.535914  81022.400019
6.370727 7.113289 -7.808622 -7.535914  82041.656522
6.370727 7.113289 -7.808622 -7.535914  82041.656522
6.370727 7.113289 -7.808622 -7.535914  82041.656522
6.370727 7.113289 -7.808622 -7.535914  82041.656522
6.370727 7.113289 -7.808622 -7.535914  82041.656522
6.370727 7.113289 -7.893131 -7.535914  83647.012994
6.370727 7.113289 -7.893131 -7.613697  84927.468440
6.370727 7.113289 -7.893131 -7.613697  84927.468440
6.370727 7.113289 -7.893131 -7.613697  84927.468440
6.370727 7.113289 -7.950178 -7.613697  86050.710077
6.370727 7.113289 -7.950178 -7.663875  86904.970098
6.370727 7.113289 -7.950178 -7.663875  86904.970098
6.370727 7.113289 -7.950178 -7.663875  86904.970098
6.370727 7.113289 -7.979865 -7.663875  87502.400060
6.370727 7.113289 -7.979865 -7.686703  87898.512100
6.370727 7.113289 -7.979865 -7.686703  87898.512100
6.370727 7.113289 -7.979865 -7.686703  87898.512100
6.370727 7.113289 -7.981856 -7.686703  87938.899640
6.370727 7.113289 -7.981856 -7.686703  87938.899640
6.382530 7.113289 -7.981856 -7.686703  88036.465228
6.382530 7.132168 -7.981856 -7.686703  88279.422869
6.382530 7.132168 -7.981856 -7.686703  88279.422869
6.382530 7.132168 -7.981856 -7.686703  88279.422869
6.422028 7.132168 -7.981856 -7.686703  88611.235478
6.422028 7.178486 -7.981856 -7.686703  89218.316822
6.422028 7.178486 -7.981856 -7.686703  89218.316822
6.422028 7.178486 -7.981856 -7.686703  89218.316822
6.489287 7.178486 -7.981856 -7.686703  89802.449025
6.489287 7.252761 -7.981856 -7.686703  90809.226158
6.489287 7.252761 -7.981856 -7.686703  90809.226158
6.489287 7.252761 -7.981856 -7.686703  90809.226158
6.584026 7.252761 -7.981856 -7.686703  91674.121134
6.584026 7.252761 -7.981856 -7.686703  91674.121134
6.584026 7.252761 -8.073500 -7.686703  93577.221589
6.584026 7.252761 -8.073500 -7.771142  95083.879715
6.584026 7.252761 -8.073500 -7.771142  95083.879715
6.584026 7.252761 -8.073500 -7.771142  95083.879715
6.584026 7.252761 -8.136405 -7.771142  96441.172567
6.584026 7.252761 -8.136405 -7.826885  97472.338648
6.584026 7.252761 -8.136405 -7.826885  97472.338648
6.584026 7.252761 -8.136405 -7.826885  97472.338648
6.584026 7.252761 -8.171410 -7.826885  98246.017717
6.584026 7.252761 -8.171410 -7.854932  98776.074438
6.584026 7.252761 -8.171410 -7.854932  98776.074438
6.584026 7.252761 -8.171410 -7.854932  98776.074438
6.584026 7.252761 -8.178059 -7.854932  98924.550780
6.584026 7.252761 -8.178059 -7.854932  98924.550780
6.591592 7.252761 -8.178059 -7.854932  98995.805787
6.591592 7.267479 -8.178059 -7.854932  99200.259445
6.591592 7.267479 -8.178059 -7.854932  99200.259445
6.591592 7.267479 -8.178059 -7.854932  99200.259445
6.626967 7.267479 -8.178059 -7.854932  99537.770567
6.626967 7.309765 -8.178059 -7.854932  100134.464428
6.626967 7.309765 -8.178059 -7.854932  100134.464428
6.626967 7.309765 -8.178059 -7.854932  100134.464428
6.690299 7.309765 -8.178059 -7.854932  100756.986826
6.690299 7.379994 -8.178059 -7.854932  101778.971333
6.690299 7.379994 -8.178059 -7.854932  101778.971333
6.690299 7.379994 -8.178059 -7.854932  101778.971333
6.781393 7.379994 -8.178059 -7.854932  102716.680008
6.781393 7.478241 -8.178059 -7.854932  104213.182529
6.781393 7.478241 -8.272915 -7.854932  106384.437589
6.781393 7.478241 -8.272915 -7.942929  108097.363063
6.781393 7.478241 -8.272915 -7.942929  108097.363063
6.781393 7.478241 -8.272915 -7.942929  108097.363063
6.781393 7.478241 -8.340061 -7.942929  109695.723731
6.781393 7.478241 -8.340061 -8.003254  110914.668423
6.781393 7.478241 -8.340061 -8.003254  110914.668423
6.781393 7.478241 -8.340061 -8.003254  110914.668423
6.781393 7.478241 -8.379631 -8.003254  111880.995267
6.781393 7.478241 -8.379631 -8.035716  112552.338819
6.781393 7.478241 -8.379631 -8.035716  112552.338819
6.781393 7.478241 -8.379631 -8.035716  112552.338819
6.781393 7.478241 -8.391148 -8.035716  112837.069160
6.781393 7.478241 -8.391148 -8.040228  112931.234675
6.783759 7.478241 -8.391148 -8.040228  112956.272313
6.783759 7.559535 -8.391148 -8.040228  114255.441864
6.783759 7.559535 -8.391148 -8.040228  114255.441864
6.783759 7.559535 -8.391148 -8.040228  114255.441864
6.783759 7.559535 -8.391148 -8.040228  114255.441864
6.783759 7.559535 -8.391148 -8.040228  114255.441864
6.783759 7.559535 -8.474498 -8.040228  116363.046766
6.783759 7.559535 -8.474498 -8.116287  117982.657900
6.783759 7.559535 -8.474498 -8.116287  117982.657900
6.783759 7.559535 -8.474498 -8.116287  117982.657900
6.783759 7.559535 -8.528672 -8.116287  119397.683274
6.783759 7.559535 -8.528672 -8.163374  120431.261065
6.783759 7.559535 -8.528672 -8.163374  120431.261065
6.783759 7.559535 -8.528672 -8.163374  120431.261065
6.783759 7.559535 -8.554775 -8.163374  121126.044591
6.783759 7.559535 -8.554775 -8.182558  121554.013064
6.783759 7.559535 -8.554775 -8.182558  121554.013064
6.783759 7.559535 -8.554775 -8.182558  121554.013064
6.783759 7.559535 -8.554775 -8.182558  121554.013064
6.783759 7.559535 -8.554775 -8.182558  121554.013064
6.799435 7.559535 -8.554775 -8.182558  121720.767615
6.799435 7.582177 -8.554775 -8.182558  122092.709659
6.799435 7.582177 -8.554775 -8.182558  122092.709659
6.799435 7.582177 -8.554775 -8.182558  122092.709659
6.842729 7.582177 -8.554775 -8.182558  122561.335585
6.842729 7.632606 -8.554775 -8.182558  123405.845308
6.842729 7.632606 -8.554775 -8.182558  123405.845308
6.842729 7.632606 -8.554775 -8.182558  123405.845308
6.913939 7.632606 -8.554775 -8.182558  124202.859254
6.913939 7.710774 -8.554775 -8.182558  125556.746531
6.913939 7.710774 -8.554775 -8.182558  125556.746531
6.913939 7.710774 -8.554775 -8.182558  125556.746531
7.013441 7.710774 -8.554775 -8.182558  126726.796206
7.013441 7.710774 -8.554775 -8.182558  126726.796206
7.013441 7.710774 -8.641232 -8.182558  129089.366084
7.013441 7.710774 -8.641232 -8.261890  130902.363989
7.013441 7.710774 -8.641232 -8.261890  130902.363989
7.013441 7.710774 -8.641232 -8.261890  130902.363989
7.013441 7.710774 -8.699349 -8.261890  132544.519342
7.013441 7.710774 -8.699349 -8.311905  133723.871126
7.013441 7.710774 -8.699349 -8.311905  133723.871126
7.013441 7.710774 -8.699349 -8.311905  133723.871126
7.013441 7.710774 -8.714610 -8.311905  134162.423502
7.013441 7.710774 -8.714610 -8.314416  134222.404430
7.022038 7.710774 -8.714610 -8.314416  134326.661425
7.022038 7.731661 -8.714610 -8.314416  134697.855946
7.022038 7.731661 -8.714610 -8.314416  134697.855946
7.022038 7.731661 -8.714610 -8.314416  134697.855946
7.080326 7.731661 -8.714610 -8.314416  135418.321084
7.080326 7.800902 -8.714610 -8.314416  136677.824475
7.080326 7.800902 -8.714610 -8.314416  136677.824475
7.080326 7.800902 -8.714610 -8.314416  136677.824475
7.080326 7.800902 -8.714610 -8.314416  136677.824475
7.080326 7.800902 -8.714610 -8.314416  136677.824475
7.080326 7.800902 -8.786900 -8.314416  138797.392622
7.080326 7.800902 -8.786900 -8.375930  140289.133390
7.080326 7.800902 -8.786900 -8.375930  140289.133390
7.080326 7.800902 -8.786900 -8.375930  140289.133390
7.080326 7.800902 -8.812023 -8.375930  141042.241777
7.080326 7.800902 -8.812023 -8.375930  141042.241777
7.100032 7.800902 -8.812023 -8.375930  141291.234916
7.100032 7.833561 -8.812023 -8.375930  141901.049100
7.100032 7.833561 -8.812023 -8.375930  141901.049100
7.100032 7.833561 -8.812023 -8.375930  141901.049100
7.170926 7.833561 -8.812023 -8.375930  142820.010509
7.170926 7.917936 -8.812023 -8.375930  144443.221255
7.170926 7.917936 -8.812023 -8.375930  144443.221255
7.170926 7.917936 -8.812023 -8.464443  146668.008794
7.170926 7.917936 -8.812023 -8.464443  146668.008794
7.170926 7.917936 -8.812023 -8.464443  146668.008794
7.170926 7.917936 -8.862979 -8.464443  148222.148226
7.170926 7.917936 -8.862979 -8.503137  149224.391606
7.170926 7.917936 -8.862979 -8.503137  149224.391606
7.170926 7.917936 -8.862979 -8.503137  149224.391606
7.170926 7.917936 -8.863603 -8.503137  149243.663945
7.170926 7.917936 -8.863603 -8.503137  149243.663945
7.195232 7.917936 -8.863603 -8.503137  149567.198342
7.195232 7.955007 -8.863603 -8.503137  150302.577487
7.195232 7.955007 -8.875759 -8.503137  150678.761591
7.195232 7.955007 -8.875759 -8.503137  150678.761591
7.209097 7.955007 -8.875759 -8.503137  150865.287678
7.209097 7.981716 -8.875759 -8.503137  151403.700096
7.209097 7.981716 -8.875759 -8.503137  151403.700096
7.209097 7.981716 -8.875759 -8.503137  151403.700096
7.273735 7.981716 -8.875759 -8.503137  152292.424486
7.273735 8.058904 -8.875759 -8.503137  153889.424509
7.273735 8.058904 -8.875759 -8.503137  153889.424509
7.273735 8.058904 -8.875759 -8.601588  156523.121799
7.273735 8.058904 -8.875759 -8.601588  156523.121799
7.273735 8.058904 -8.875759 -8.601588  156523.121799
7.273735 8.058904 -8.942236 -8.601588  158617.057846
7.273735 8.058904 -8.942236 -8.656591  160141.892828
7.273735 8.058904 -8.942236 -8.656591  160141.892828
7.273735 8.058904 -8.942236 -8.656591  160141.892828
7.273735 8.058904 -8.961536 -8.656591  160761.612310
7.273735 8.058904 -8.961536 -8.665322  161007.269750
7.277126 8.058904 -8.961536 -8.665322  161054.779614
7.277126 8.074561 -8.961536 -8.665322  161386.266615
7.277126 8.074561 -8.961536 -8.665322  161386.266615
7.277126 8.074561 -8.961536 -8.665322  161386.266615
7.326901 8.074561 -8.961536 -8.665322  162093.826434
7.326901 8.134089 -8.961536 -8.665322  163377.850517
7.326901 8.134089 -8.961536 -8.665322  163377.850517
7.326901 8.134089 -8.961536 -8.665322  163377.850517
7.416046 8.134089 -8.961536 -8.665322  164694.031511
7.416046 8.232930 -8.961536 -8.665322  166910.664463
7.416046 8.232930 -9.051919 -8.665322  169884.699373
7.416046 8.232930 -9.051919 -8.739333  172007.056090
7.416046 8.232930 -9.051919 -8.739333  172007.056090
7.416046 8.232930 -9.051919 -8.739333  172007.056090
7.416046 8.232930 -9.104546 -8.739333  173794.326232
7.416046 8.232930 -9.104546 -8.784958  175139.023815
7.416046 8.232930 -9.104546 -8.784958  175139.023815
7.416046 8.232930 -9.104546 -8.784958  175139.023815
7.416046 8.232930 -9.128918 -8.784958  175980.848725
7.416046 8.232930 -9.128918 -8.802286  176498.933030
7.416046 8.232930 -9.128918 -8.802286  176498.933030
7.416046 8.232930 -9.128918 -8.802286  176498.933030
7.416046 8.232930 -9.128918 -8.802286  176498.933030
7.416046 8.232930 -9.128918 -8.802286  176498.933030
7.434060 8.232930 -9.128918 -8.802286  176772.697863
7.434060 8.258158 -9.128918 -8.802286  177355.789343
7.434060 8.258158 -9.128918 -8.802286  177355.789343
7.434060 8.258158 -9.128918 -8.802286  177355.789343
7.480211 8.258158 -9.128918 -8.802286  178069.381875
7.480211 8.311353 -9.128918 -8.802286  179322.432410
7.480211 8.311353 -9.128918 -8.802286  179322.432410
7.480211 8.311353 -9.128918 -8.802286  179322.432410
7.554808 8.311353 -9.128918 -8.802286  180513.698520
7.554808 8.393111 -9.128918 -8.802286  182503.143660
7.554808 8.393111 -9.128918 -8.802286  182503.143660
7.554808 8.393111 -9.128918 -8.802286  182503.143660
7.554808 8.393111 -9.128918 -8.802286  182503.143660
7.554808 8.393111 -9.128918 -8.802286  182503.143660
7.554808 8.393111 -9.211988 -8.802286  185440.766626
7.554808 8.393111 -9.211988 -8.878460  187767.104827
7.554808 8.393111 -9.211988 -8.878460  187767.104827
7.554808 8.393111 -9.211988 -8.878460  187767.104827
7.554808 8.393111 -9.267206 -8.878460  189779.290435
7.554808 8.393111 -9.267206 -8.926387  191284.462885
7.554808 8.393111 -9.267206 -8.926387  191284.462885
7.554808 8.393111 -9.267206 -8.926387  191284.462885
7.554808 8.393111 -9.294543 -8.926387  192298.558173
7.554808 8.393111 -9.294543 -8.946893  192952.520557
7.554808 8.393111 -9.294543 -8.946893  192952.520557
7.554808 8.393111 -9.294543 -8.946893  192952.520557
7.554808 8.393111 -9.294644 -8.946893  192956.299176
7.554808 8.393111 -9.294644 -8.946893  192956.299176
7.568182 8.393111 -9.294644 -8.946893  193174.908571
7.568182 8.413386 -9.294644 -8.946893  193680.420204
7.568182 8.413386 -9.294644 -8.946893  193680.420204
