-0.804559 -0.636433 -0.635603 -0.635196  -0.234398
-0.727669 -0.636433 -0.635603 -0.635196  -0.101292
-0.727669 -0.550560 -0.635603 -0.635196  -0.047462
-0.727669 -0.550560 -0.635603 -0.635196  -0.047462
-0.727669 -0.550560 -0.635603 -0.733780  0.061863
-0.727669 -0.550560 -0.635603 -0.733780  0.061863
-0.727669 -0.550560 -0.635603 -0.733780  0.061863
-0.727669 -0.550560 -0.712192 -0.733780  0.141352
-0.727669 -0.550560 -0.712192 -0.802860  0.262200
-0.727669 -0.550560 -0.712192 -0.802860  0.262200
-0.727669 -0.550560 -0.712192 -0.802860  0.262200
-0.727669 -0.550560 -0.758215 -0.802860  0.329564
-0.727669 -0.550560 -0.758215 -0.840463  0.415352
-0.727669 -0.550560 -0.758215 -0.840463  0.415352
-0.727669 -0.550560 -0.758215 -0.840463  0.415352
-0.727669 -0.550560 -0.774407 -0.840463  0.443277
-0.727669 -0.550560 -0.774407 -0.849271  0.465715
-0.727669 -0.550560 -0.774407 -0.849271  0.465715
-0.727669 -0.545104 -0.774407 -0.849271  0.468172
-0.727669 -0.545104 -0.774407 -0.849271  0.468172
-0.727669 -0.545104 -0.774407 -0.849271  0.468172
-0.701381 -0.545104 -0.774407 -0.849271  0.502456
-0.701381 -0.511838 -0.774407 -0.849271  0.515455
-0.701381 -0.511838 -0.774407 -0.849271  0.515455
-0.701381 -0.511838 -0.774407 -0.849271  0.515455
-0.647512 -0.511838 -0.774407 -0.849271  0.571364
-0.647512 -0.450678 -0.774407 -0.849271  0.587901
-0.647512 -0.450678 -0.774407 -0.849271  0.587901
-0.647512 -0.450678 -0.774407 -0.849271  0.587901
-0.565666 -0.450678 -0.774407 -0.849271  0.643810
-0.565666 -0.361627 -0.774407 -0.849271  0.656218
-0.565666 -0.361627 -0.774407 -0.849271  0.656218
-0.565666 -0.361627 -0.774407 -0.946374  0.973537
-0.565666 -0.361627 -0.774407 -0.946374  0.973537
-0.565666 -0.361627 -0.774407 -0.946374  0.973537
-0.565666 -0.361627 -0.850498 -0.946374  1.140030
-0.565666 -0.361627 -0.850498 -1.014993  1.458154
-0.565666 -0.361627 -0.850498 -1.014993  1.458154
-0.565666 -0.361627 -0.850498 -1.014993  1.458154
-0.565666 -0.361627 -0.897636 -1.014993  1.595923
-0.565666 -0.361627 -0.897636 -1.055078  1.826118
-0.565666 -0.361627 -0.897636 -1.055078  1.826118
-0.565666 -0.361627 -0.897636 -1.055078  1.826118
-0.565666 -0.361627 -0.916253 -1.055078  1.889112
-0.565666 -0.361627 -0.916253 -1.066689  1.962653
-0.565666 -0.361627 -0.916253 -1.066689  1.962653
-0.565666 -0.359094 -0.916253 -1.066689  1.962867
-0.565666 -0.359094 -0.916253 -1.066689  1.962867
-0.565666 -0.359094 -0.916253 -1.066689  1.962867
-0.542547 -0.359094 -0.916253 -1.066689  1.973774
-0.542547 -0.328751 -0.916253 -1.066689  1.975905
-0.542547 -0.328751 -0.916253 -1.066689  1.975905
-0.542547 -0.328751 -0.916253 -1.066689  1.975905
-0.480732 -0.328751 -0.916253 -1.066689  1.997239
-0.480732 -0.259893 -0.916253 -1.066689  1.999893
-0.480732 -0.259893 -0.916253 -1.066689  1.999893
-0.480732 -0.259893 -0.916253 -1.066689  1.999893
-0.390815 -0.259893 -0.916253 -1.066689  2.016452
-0.390815 -0.162955 -0.916253 -1.066689  2.017522
-0.390815 -0.162955 -1.012356 -1.066689  2.435080
-0.390815 -0.162955 -1.012356 -1.155194  3.111288
-0.390815 -0.162955 -1.012356 -1.155194  3.111288
-0.390815 -0.162955 -1.012356 -1.155194  3.111288
-0.390815 -0.162955 -1.080242 -1.155194  3.518937
-0.390815 -0.162955 -1.080242 -1.216018  4.120627
-0.390815 -0.162955 -1.080242 -1.216018  4.120627
-0.390815 -0.162955 -1.080242 -1.216018  4.120627
-0.390815 -0.162955 -1.120670 -1.216018  4.417271
-0.390815 -0.162955 -1.120670 -1.249524  4.804337
-0.390815 -0.162955 -1.120670 -1.249524  4.804337
-0.390815 -0.162955 -1.120670 -1.249524  4.804337
-0.390815 -0.162955 -1.133444 -1.249524  4.907403
-0.390815 -0.162955 -1.133444 -1.255359  4.979194
-0.389672 -0.162955 -1.133444 -1.255359  4.979326
-0.389672 -0.154783 -1.133444 -1.255359  4.979352
-0.389672 -0.154783 -1.133444 -1.255359  4.979352
-0.389672 -0.154783 -1.133444 -1.255359  4.979352
-0.360245 -0.154783 -1.133444 -1.255359  4.982269
-0.360245 -0.118308 -1.133444 -1.255359  4.982335
-0.360245 -0.118308 -1.133444 -1.255359  4.982335
-0.360245 -0.118308 -1.133444 -1.255359  4.982335
-0.302790 -0.118308 -1.133444 -1.255359  4.985857
-0.302790 -0.054265 -1.133444 -1.255359  4.985880
-0.302790 -0.054265 -1.133444 -1.255359  4.985880
-0.302790 -0.054265 -1.133444 -1.255359  4.985880
-0.212878 -0.054265 -1.133444 -1.255359  4.987988
-0.212878 0.042691 -1.133444 -1.255359  4.987988
-0.212878 0.042691 -1.229131 -1.255359  5.922683
-0.212878 0.042691 -1.229131 -1.344112  7.192044
-0.212878 0.042691 -1.229131 -1.344112  7.192044
-0.212878 0.042691 -1.229131 -1.344112  7.192044
-0.212878 0.042691 -1.297522 -1.344112  8.064340
-0.212878 0.042691 -1.297522 -1.405137  9.154868
-0.212878 0.042691 -1.297522 -1.405137  9.154868
-0.212878 0.042691 -1.297522 -1.405137  9.154868
-0.212878 0.042691 -1.338415 -1.405137  9.772104
-0.212878 0.042691 -1.338415 -1.439000  10.464746
-0.212878 0.042691 -1.338415 -1.439000  10.464746
-0.212878 0.042691 -1.338415 -1.439000  10.464746
-0.212878 0.042691 -1.350474 -1.439000  10.661754
-0.212878 0.042691 -1.350474 -1.444291  10.776030
-0.210883 0.042691 -1.350474 -1.444291  10.776050
-0.210883 0.051791 -1.350474 -1.444291  10.776050
-0.210883 0.051791 -1.350474 -1.444291  10.776050
-0.210883 0.051791 -1.350474 -1.444291  10.776050
-0.169258 0.051791 -1.350474 -1.444291  10.776328
-0.169258 0.103544 -1.350474 -1.444291  10.776340
-0.169258 0.103544 -1.400517 -1.444291  11.672600
-0.169258 0.103544 -1.400517 -1.479800  12.484085
-0.169258 0.103544 -1.400517 -1.479800  12.484085
-0.169258 0.103544 -1.400517 -1.479800  12.484085
-0.169258 0.103544 -1.404669 -1.479800  12.564427
-0.169258 0.103544 -1.404669 -1.479800  12.564427
-0.150788 0.103544 -1.404669 -1.479800  12.564488
-0.150788 0.194014 -1.404669 -1.479800  12.564751
-0.150788 0.194014 -1.501568 -1.479800  14.729766
-0.150788 0.194014 -1.501568 -1.563940  16.989948
-0.150788 0.194014 -1.501568 -1.563940  16.989948
-0.150788 0.194014 -1.501568 -1.563940  16.989948
-0.150788 0.194014 -1.546139 -1.563940  18.192158
-0.150788 0.194014 -1.546139 -1.596743  19.215412
-0.150788 0.194014 -1.546139 -1.596743  19.215412
-0.150788 0.194014 -1.546139 -1.596743  19.215412
-0.150788 0.194014 -1.546139 -1.596743  19.215412
-0.150788 0.194014 -1.546139 -1.596743  19.215412
-0.125074 0.194014 -1.546139 -1.596743  19.215459
-0.125074 0.230879 -1.546139 -1.596743  19.215840
-0.125074 0.230879 -1.546139 -1.596743  19.215840
-0.125074 0.230879 -1.546139 -1.596743  19.215840
-0.052847 0.230879 -1.546139 -1.596743  19.215870
-0.052847 0.316325 -1.546139 -1.596743  19.218381
-0.052847 0.316325 -1.546139 -1.596743  19.218381
-0.052847 0.316325 -1.546139 -1.689692  22.612209
-0.052847 0.316325 -1.546139 -1.689692  22.612209
-0.052847 0.316325 -1.546139 -1.689692  22.612209
-0.052847 0.316325 -1.605330 -1.689692  24.438051
-0.052847 0.316325 -1.605330 -1.738557  26.548191
-0.052847 0.316325 -1.605330 -1.738557  26.548191
-0.052847 0.316325 -1.605330 -1.738557  26.548191
-0.052847 0.316325 -1.619873 -1.738557  27.039946
-0.052847 0.316325 -1.619873 -1.743267  27.256263
-0.047743 0.316325 -1.619873 -1.743267  27.256264
-0.047743 0.332314 -1.619873 -1.743267  27.257149
-0.047743 0.332314 -1.619873 -1.743267  27.257149
-0.047743 0.332314 -1.619873 -1.743267  27.257149
0.002057 0.332314 -1.619873 -1.743267  27.257149
0.002057 0.393848 -1.619873 -1.743267  27.262573
0.002057 0.393848 -1.619873 -1.743267  27.262573
0.002057 0.393848 -1.619873 -1.743267  27.262573
0.100000 0.393848 -1.619873 -1.743267  27.262583
0.100000 0.393848 -1.619873 -1.743267  27.262583
0.100000 0.393848 -1.696605 -1.743267  30.166587
0.100000 0.393848 -1.696605 -1.807443  33.356438
0.100000 0.393848 -1.696605 -1.807443  33.356438
0.100000 0.393848 -1.696605 -1.807443  33.356438
0.100000 0.393848 -1.726686 -1.807443  34.647642
0.100000 0.393848 -1.726686 -1.827764  35.756642
0.100000 0.393848 -1.726686 -1.827764  35.756642
0.100000 0.393848 -1.726686 -1.827764  35.756642
0.100000 0.393848 -1.726686 -1.827764  35.756642
0.100000 0.393848 -1.726686 -1.827764  35.756642
0.132491 0.393848 -1.726686 -1.827764  35.756672
0.132491 0.437125 -1.726686 -1.827764  35.763156
0.132491 0.437125 -1.726686 -1.827764  35.763156
0.132491 0.437125 -1.726686 -1.827764  35.763156
0.201304 0.437125 -1.726686 -1.827764  35.763445
0.201304 0.519936 -1.726686 -1.827764  35.785483
0.201304 0.519936 -1.726686 -1.827764  35.785483
0.201304 0.519936 -1.726686 -1.921393  41.573600
0.201304 0.519936 -1.726686 -1.921393  41.573600
0.201304 0.519936 -1.726686 -1.921393  41.573600
0.201304 0.519936 -1.743512 -1.921393  42.336147
0.201304 0.519936 -1.743512 -1.924767  42.566875
0.209920 0.519936 -1.743512 -1.924767  42.566952
0.209920 0.541957 -1.743512 -1.924767  42.575709
0.209920 0.541957 -1.743512 -1.924767  42.575709
0.209920 0.541957 -1.743512 -1.924767  42.575709
0.269613 0.541957 -1.743512 -1.924767  42.576726
0.269613 0.614603 -1.743512 -1.924767  42.617666
0.269613 0.614603 -1.743512 -1.924767  42.617666
0.269613 0.614603 -1.743512 -1.924767  42.617666
0.269613 0.614603 -1.743512 -1.924767  42.617666
0.269613 0.614603 -1.743512 -1.924767  42.617666
0.269613 0.614603 -1.806885 -1.924767  45.766407
0.269613 0.614603 -1.806885 -1.975438  49.431641
0.269613 0.614603 -1.806885 -1.975438  49.431641
0.269613 0.614603 -1.806885 -1.975438  49.431641
0.269613 0.614603 -1.818850 -1.975438  50.077795
0.269613 0.614603 -1.818850 -1.975438  50.077795
0.283763 0.614603 -1.818850 -1.975438  50.078210
0.283763 0.642249 -1.818850 -1.975438  50.099790
0.283763 0.642249 -1.818850 -1.975438  50.099790
0.283763 0.642249 -1.818850 -1.975438  50.099790
0.350470 0.642249 -1.818850 -1.975438  50.103238
0.350470 0.722010 -1.818850 -1.975438  50.190171
0.350470 0.722010 -1.818850 -1.975438  50.190171
0.350470 0.722010 -1.818850 -2.075111  58.584958
0.350470 0.722010 -1.818850 -2.075111  58.584958
0.350470 0.722010 -1.818850 -2.075111  58.584958
0.350470 0.722010 -1.883977 -2.075111  62.413362
0.350470 0.722010 -1.883977 -2.127071  67.478093
0.350470 0.722010 -1.883977 -2.127071  67.478093
0.350470 0.722010 -1.883977 -2.127071  67.478093
0.350470 0.722010 -1.897684 -2.127071  68.354145
0.350470 0.722010 -1.897684 -2.127473  68.395309
0.363183 0.722010 -1.897684 -2.127473  68.396340
0.363183 0.748023 -1.897684 -2.127473  68.434326
0.363183 0.748023 -1.897684 -2.127473  68.434326
0.363183 0.748023 -1.897684 -2.127473  68.434326
0.428385 0.748023 -1.897684 -2.127473  68.442434
0.428385 0.826620 -1.897684 -2.127473  68.594190
0.428385 0.826620 -1.897684 -2.127473  68.594190
0.428385 0.826620 -1.897684 -2.223054  79.304579
0.428385 0.826620 -1.897684 -2.223054  79.304579
0.428385 0.826620 -1.897684 -2.223054  79.304579
0.428385 0.826620 -1.955627 -2.223054  83.298379
0.428385 0.826620 -1.955627 -2.267849  88.993471
0.428385 0.826620 -1.955627 -2.267849  88.993471
0.428385 0.826620 -1.955627 -2.267849  88.993471
0.428385 0.826620 -1.960807 -2.267849  89.374277
0.428385 0.826620 -1.960807 -2.267849  89.374277
0.448705 0.826620 -1.960807 -2.267849  89.378039
0.448705 0.859881 -1.960807 -2.267849  89.462191
0.448705 0.859881 -1.960807 -2.267849  89.462191
0.448705 0.859881 -1.960807 -2.267849  89.462191
0.518897 0.859881 -1.960807 -2.267849  89.481621
0.518897 0.942714 -1.960807 -2.267849  89.756078
0.518897 0.942714 -1.960807 -2.267849  89.756078
0.518897 0.942714 -1.960807 -2.359565  102.908000
0.518897 0.942714 -1.960807 -2.359565  102.908000
0.518897 0.942714 -1.960807 -2.359565  102.908000
0.518897 0.942714 -2.014155 -2.359565  107.071474
0.518897 0.942714 -2.014155 -2.400860  113.699730
0.518897 0.942714 -2.014155 -2.400860  113.699730
0.518897 0.942714 -2.014155 -2.400860  113.699730
0.518897 0.942714 -2.016346 -2.400860  113.880473
0.518897 0.942714 -2.016346 -2.400860  113.880473
0.541702 0.942714 -2.016346 -2.400860  113.889500
0.541702 0.978430 -2.016346 -2.400860  114.041643
0.541702 0.978430 -2.016346 -2.400860  114.041643
0.541702 0.978430 -2.016346 -2.400860  114.041643
0.617211 0.978430 -2.016346 -2.400860  114.084569
0.617211 1.068021 -2.016346 -2.400860  114.577497
0.617211 1.068021 -2.113754 -2.400860  123.444319
0.617211 1.068021 -2.113754 -2.485320  138.497776
0.617211 1.068021 -2.113754 -2.485320  138.497776
0.617211 1.068021 -2.113754 -2.485320  138.497776
0.617211 1.068021 -2.160210 -2.485320  143.343079
0.617211 1.068021 -2.160210 -2.544763  155.238434
0.617211 1.068021 -2.160210 -2.544763  155.238434
0.617211 1.068021 -2.160210 -2.544763  155.238434
0.617211 1.068021 -2.178473 -2.544763  157.260830
0.617211 1.068021 -2.178473 -2.549399  158.236373
0.624172 1.068021 -2.178473 -2.549399  158.241540
0.624172 1.087306 -2.178473 -2.549399  158.371614
0.624172 1.087306 -2.178473 -2.549399  158.371614
0.624172 1.087306 -2.178473 -2.549399  158.371614
0.681716 1.087306 -2.178473 -2.549399  158.424113
0.681716 1.157420 -2.178473 -2.549399  158.981498
0.681716 1.157420 -2.178473 -2.549399  158.981498
0.681716 1.157420 -2.178473 -2.549399  158.981498
0.681716 1.157420 -2.178473 -2.549399  158.981498
0.681716 1.157420 -2.178473 -2.549399  158.981498
0.681716 1.157420 -2.245559 -2.549399  167.015869
0.681716 1.157420 -2.245559 -2.603925  179.035724
0.681716 1.157420 -2.245559 -2.603925  179.035724
0.681716 1.157420 -2.245559 -2.603925  179.035724
0.681716 1.157420 -2.260986 -2.603925  181.024162
0.681716 1.157420 -2.260986 -2.606175  181.542352
0.692153 1.157420 -2.260986 -2.606175  181.553974
0.692153 1.182539 -2.260986 -2.606175  181.789357
0.692153 1.182539 -2.260986 -2.606175  181.789357
0.692153 1.182539 -2.260986 -2.606175  181.789357
0.755516 1.182539 -2.260986 -2.606175  181.876659
0.755516 1.261649 -2.260986 -2.606175  182.760826
0.755516 1.261649 -2.260986 -2.606175  182.760826
0.755516 1.261649 -2.260986 -2.700910  206.260438
0.755516 1.261649 -2.260986 -2.700910  206.260438
0.755516 1.261649 -2.260986 -2.700910  206.260438
0.755516 1.261649 -2.314231 -2.700910  213.553316
0.755516 1.261649 -2.314231 -2.738503  223.838358
0.755516 1.261649 -2.314231 -2.738503  223.838358
0.755516 1.261649 -2.314231 -2.738503  223.838358
0.755516 1.261649 -2.314428 -2.738503  223.866616
0.755516 1.261649 -2.314428 -2.738503  223.866616
0.780429 1.261649 -2.314428 -2.738503  223.909968
0.780429 1.299038 -2.314428 -2.738503  224.412539
0.780429 1.299038 -2.314428 -2.738503  224.412539
0.780429 1.299038 -2.314428 -2.738503  224.412539
0.858919 1.299038 -2.314428 -2.738503  224.590504
0.858919 1.390153 -2.314428 -2.738503  226.083028
0.858919 1.390153 -2.410497 -2.738503  241.058165
0.858919 1.390153 -2.410497 -2.822211  266.080890
0.858919 1.390153 -2.410497 -2.822211  266.080890
0.858919 1.390153 -2.410497 -2.822211  266.080890
0.858919 1.390153 -2.453631 -2.822211  273.627660
0.858919 1.390153 -2.453631 -2.852818  283.549084
0.858919 1.390153 -2.453631 -2.852818  283.549084
0.858919 1.390153 -2.453631 -2.852818  283.549084
0.858919 1.390153 -2.453631 -2.852818  283.549084
0.858919 1.390153 -2.453631 -2.852818  283.549084
0.891905 1.390153 -2.453631 -2.852818  283.646016
0.891905 1.436334 -2.453631 -2.852818  284.567612
0.891905 1.436334 -2.453631 -2.852818  284.567612
0.891905 1.436334 -2.453631 -2.852818  284.567612
0.977836 1.436334 -2.453631 -2.852818  284.897187
0.977836 1.534976 -2.453631 -2.852818  287.305209
0.977836 1.534976 -2.542168 -2.852818  304.550361
0.977836 1.534976 -2.542168 -2.928980  331.156984
0.977836 1.534976 -2.542168 -2.928980  331.156984
0.977836 1.534976 -2.542168 -2.928980  331.156984
0.977836 1.534976 -2.578477 -2.928980  338.958866
0.977836 1.534976 -2.578477 -2.952264  347.664356
0.977836 1.534976 -2.578477 -2.952264  347.664356
0.977836 1.537060 -2.578477 -2.952264  347.722334
0.977836 1.537060 -2.578477 -2.952264  347.722334
0.977836 1.537060 -2.578477 -2.952264  347.722334
1.019098 1.537060 -2.578477 -2.952264  347.927556
1.019098 1.590792 -2.578477 -2.952264  349.535708
1.019098 1.590792 -2.578477 -2.952264  349.535708
1.019098 1.590792 -2.578477 -2.952264  349.535708
1.110287 1.590792 -2.578477 -2.952264  350.123740
1.110287 1.590792 -2.578477 -2.952264  350.123740
1.110287 1.590792 -2.661967 -2.952264  369.810802
1.110287 1.590792 -2.661967 -3.023370  398.151901
1.110287 1.590792 -2.661967 -3.023370  398.151901
1.110287 1.590792 -2.661967 -3.023370  398.151901
1.110287 1.590792 -2.696138 -3.023370  406.953904
1.110287 1.590792 -2.696138 -3.046897  416.936739
1.110287 1.590792 -2.696138 -3.046897  416.936739
1.110287 1.590792 -2.696138 -3.046897  416.936739
1.110287 1.590792 -2.768155 -3.046897  437.008013
1.110287 1.590792 -2.768155 -3.107293  464.086980
1.110287 1.590792 -2.768155 -3.107293  464.086980
1.110287 1.590792 -2.768155 -3.107293  464.086980
1.110287 1.590792 -2.807672 -3.107293  476.024266
1.110287 1.590792 -2.807672 -3.140079  491.632193
1.110287 1.590792 -2.807672 -3.140079  491.632193
1.110287 1.590792 -2.807672 -3.140079  491.632193
1.110287 1.590792 -2.819777 -3.140079  495.425938
1.110287 1.590792 -2.819777 -3.145596  498.117164
1.111510 1.590792 -2.819777 -3.145596  498.126478
1.111510 1.598945 -2.819777 -3.145596  498.390218
1.111510 1.598945 -2.819777 -3.145596  498.390218
1.111510 1.598945 -2.819777 -3.145596  498.390218
1.140519 1.598945 -2.819777 -3.145596  498.623464
1.140519 1.634789 -2.819777 -3.145596  499.848614
1.140519 1.634789 -2.819777 -3.145596  499.848614
1.140519 1.634789 -2.819777 -3.145596  499.848614
1.196479 1.634789 -2.819777 -3.145596  500.370848
1.196479 1.697731 -2.819777 -3.145596  502.798523
1.196479 1.697731 -2.819777 -3.145596  502.798523
1.196479 1.697731 -2.819777 -3.145596  502.798523
1.279936 1.697731 -2.819777 -3.145596  503.781604
1.279936 1.788032 -2.819777 -3.145596  507.953353
1.279936 1.788032 -2.819777 -3.145596  507.953353
1.279936 1.788032 -2.819777 -3.235007  554.282983
1.279936 1.788032 -2.819777 -3.235007  554.282983
1.279936 1.788032 -2.819777 -3.235007  554.282983
1.279936 1.788032 -2.880919 -3.235007  574.466776
1.279936 1.788032 -2.880919 -3.286335  603.480665
1.279936 1.788032 -2.880919 -3.286335  603.480665
1.279936 1.788032 -2.880919 -3.286335  603.480665
1.279936 1.788032 -2.902397 -3.286335  610.989420
1.279936 1.788032 -2.902397 -3.300704  619.442866
1.279936 1.788032 -2.902397 -3.300704  619.442866
1.279936 1.788032 -2.902397 -3.300704  619.442866
1.279936 1.788032 -2.902397 -3.300704  619.442866
1.279936 1.788032 -2.902397 -3.300704  619.442866
1.299543 1.788032 -2.902397 -3.300704  619.714161
1.299543 1.814578 -2.902397 -3.300704  621.111701
1.299543 1.814578 -2.902397 -3.300704  621.111701
1.299543 1.814578 -2.902397 -3.300704  621.111701
1.347136 1.814578 -2.902397 -3.300704  621.841957
1.347136 1.869030 -2.902397 -3.300704  624.976283
1.347136 1.869030 -2.902397 -3.300704  624.976283
1.347136 1.869030 -2.902397 -3.300704  624.976283
1.422585 1.869030 -2.902397 -3.300704  626.365904
1.422585 1.951603 -2.902397 -3.300704  631.869373
1.422585 1.951603 -2.902397 -3.300704  631.869373
1.422585 1.951603 -2.902397 -3.300704  631.869373
1.422585 1.951603 -2.902397 -3.300704  631.869373
1.422585 1.951603 -2.902397 -3.300704  631.869373
1.422585 1.951603 -2.984855 -3.300704  662.836868
1.422585 1.951603 -2.984855 -3.376195  709.735221
1.422585 1.951603 -2.984855 -3.376195  709.735221
1.422585 1.951603 -2.984855 -3.376195  709.735221
1.422585 1.951603 -3.039695 -3.376195  732.314564
1.422585 1.951603 -3.039695 -3.423958  764.233995
1.422585 1.951603 -3.039695 -3.423958  764.233995
1.422585 1.951603 -3.039695 -3.423958  764.233995
1.422585 1.951603 -3.066819 -3.423958  776.020932
1.422585 1.951603 -3.066819 -3.444081  790.012939
1.422585 1.951603 -3.066819 -3.444081  790.012939
1.422585 1.951603 -3.066819 -3.444081  790.012939
1.422585 1.951603 -3.066819 -3.444081  790.012939
1.422585 1.951603 -3.066819 -3.444081  790.012939
1.436950 1.951603 -3.066819 -3.444081  790.313097
1.436950 1.973011 -3.066819 -3.444081  791.900361
1.436950 1.973011 -3.066819 -3.444081  791.900361
1.436950 1.973011 -3.066819 -3.444081  791.900361
1.479613 1.973011 -3.066819 -3.444081  792.865470
1.479613 2.022884 -3.066819 -3.444081  796.840194
1.479613 2.022884 -3.066819 -3.444081  796.840194
1.479613 2.022884 -3.066819 -3.444081  796.840194
1.549650 2.022884 -3.066819 -3.444081  798.685162
1.549650 2.099988 -3.066819 -3.444081  805.651916
1.549650 2.099988 -3.066819 -3.444081  805.651916
1.549650 2.099988 -3.066819 -3.444081  805.651916
1.647402 2.099988 -3.066819 -3.444081  808.849220
1.647402 2.099988 -3.066819 -3.444081  808.849220
1.647402 2.099988 -3.155137 -3.444081  850.228168
1.647402 2.099988 -3.155137 -3.444081  850.228168
1.657895 2.099988 -3.155137 -3.444081  850.619569
1.657895 2.117497 -3.155137 -3.444081  852.350752
1.657895 2.117497 -3.155137 -3.444081  852.350752
1.657895 2.117497 -3.155137 -3.444081  852.350752
1.696393 2.117497 -3.155137 -3.444081  853.874113
1.696393 2.162987 -3.155137 -3.444081  858.647594
1.696393 2.162987 -3.155137 -3.444081  858.647594
1.696393 2.162987 -3.155137 -3.444081  858.647594
1.762085 2.162987 -3.155137 -3.444081  861.586674
1.762085 2.235774 -3.155137 -3.444081  870.107108
1.762085 2.235774 -3.155137 -3.444081  870.107108
1.762085 2.235774 -3.155137 -3.444081  870.107108
1.856103 2.235774 -3.155137 -3.444081  875.149212
1.856103 2.235774 -3.155137 -3.444081  875.149212
1.856103 2.235774 -3.247069 -3.444081  923.434415
1.856103 2.235774 -3.247069 -3.529013  986.204471
1.856103 2.235774 -3.247069 -3.529013  986.204471
1.856103 2.235774 -3.247069 -3.529013  986.204471
1.856103 2.235774 -3.311178 -3.529013  1023.272934
1.856103 2.235774 -3.311178 -3.585955  1068.879657
1.856103 2.235774 -3.311178 -3.585955  1068.879657
1.856103 2.235774 -3.311178 -3.585955  1068.879657
1.856103 2.235774 -3.347012 -3.585955  1090.888478
1.856103 2.235774 -3.347012 -3.614645  1114.991547
1.856103 2.235774 -3.347012 -3.614645  1114.991547
1.856103 2.235774 -3.347012 -3.614645  1114.991547
1.856103 2.235774 -3.354842 -3.614645  1119.927635
1.856103 2.235774 -3.354842 -3.615431  1120.598898
1.862260 2.235774 -3.354842 -3.615431  1120.966741
1.862260 2.248980 -3.354842 -3.615431  1122.636216
1.862260 2.248980 -3.354842 -3.615431  1122.636216
1.862260 2.248980 -3.354842 -3.615431  1122.636216
1.896569 2.248980 -3.354842 -3.615431  1124.776837
1.896569 2.290508 -3.354842 -3.615431  1130.288604
1.896569 2.290508 -3.354842 -3.615431  1130.288604
1.896569 2.290508 -3.354842 -3.615431  1130.288604
1.958863 2.290508 -3.354842 -3.615431  1134.592071
1.958863 2.359746 -3.354842 -3.615431  1144.714711
1.958863 2.359746 -3.354842 -3.615431  1144.714711
1.958863 2.359746 -3.354842 -3.615431  1144.714711
2.048749 2.359746 -3.354842 -3.615431  1151.967742
2.048749 2.456600 -3.354842 -3.615431  1168.267832
2.048749 2.456600 -3.450703 -3.615431  1232.553808
2.048749 2.456600 -3.450703 -3.704258  1312.259997
2.048749 2.456600 -3.450703 -3.704258  1312.259997
2.048749 2.456600 -3.450703 -3.704258  1312.259997
2.048749 2.456600 -3.518635 -3.704258  1362.352456
2.048749 2.456600 -3.518635 -3.765155  1421.597704
2.048749 2.456600 -3.518635 -3.765155  1421.597704
2.048749 2.456600 -3.518635 -3.765155  1421.597704
2.048749 2.456600 -3.558382 -3.765155  1452.757108
2.048749 2.456600 -3.558382 -3.798044  1486.387606
2.048749 2.456600 -3.558382 -3.798044  1486.387606
2.048749 2.456600 -3.558382 -3.798044  1486.387606
2.048749 2.456600 -3.570677 -3.798044  1496.311529
2.048749 2.456600 -3.570677 -3.803413  1501.913865
2.050168 2.456600 -3.570677 -3.803413  1502.039048
2.050168 2.464967 -3.570677 -3.803413  1503.573155
2.050168 2.464967 -3.570677 -3.803413  1503.573155
2.050168 2.464967 -3.570677 -3.803413  1503.573155
2.079900 2.464967 -3.570677 -3.803413  1506.276770
2.079900 2.502117 -3.570677 -3.803413  1513.344161
2.079900 2.502117 -3.570677 -3.803413  1513.344161
2.079900 2.502117 -3.570677 -3.803413  1513.344161
2.138664 2.502117 -3.570677 -3.803413  1519.162410
2.138664 2.502117 -3.570677 -3.803413  1519.162410
2.138664 2.502117 -3.630712 -3.803413  1569.626506
2.138664 2.502117 -3.630712 -3.851515  1621.245480
2.173987 2.502117 -3.630712 -3.851515  1625.064391
2.173987 2.550195 -3.630712 -3.851515  1634.855608
2.173987 2.550195 -3.630712 -3.851515  1634.855608
2.173987 2.550195 -3.630712 -3.851515  1634.855608
2.257962 2.550195 -3.630712 -3.851515  1644.987447
2.257962 2.644083 -3.630712 -3.851515  1666.359276
2.257962 2.644083 -3.724354 -3.851515  1752.025185
2.257962 2.644083 -3.724354 -3.932726  1845.226599
2.257962 2.644083 -3.724354 -3.932726  1845.226599
2.257962 2.644083 -3.724354 -3.932726  1845.226599
2.257962 2.644083 -3.769473 -3.932726  1889.694988
2.257962 2.644083 -3.769473 -3.966081  1930.271932
2.257962 2.644083 -3.769473 -3.966081  1930.271932
2.257962 2.644083 -3.769473 -3.966081  1930.271932
2.257962 2.644083 -3.832683 -3.966081  1996.256845
2.257962 2.644083 -3.832683 -4.016253  2059.916054
2.257962 2.644083 -3.832683 -4.016253  2059.916054
2.257962 2.644083 -3.832683 -4.016253  2059.916054
2.257962 2.644083 -3.846564 -4.016253  2075.000782
2.257962 2.644083 -3.846564 -4.017852  2077.083305
2.267817 2.644083 -3.846564 -4.017852  2078.375388
2.267817 2.666379 -3.846564 -4.017852  2083.916798
2.267817 2.666379 -3.846564 -4.017852  2083.916798
2.267817 2.666379 -3.846564 -4.017852  2083.916798
2.327088 2.666379 -3.846564 -4.017852  2092.176067
2.327088 2.737583 -3.846564 -4.017852  2111.158732
2.327088 2.737583 -3.846564 -4.017852  2111.158732
2.327088 2.737583 -3.846564 -4.017852  2111.158732
2.327088 2.737583 -3.846564 -4.017852  2111.158732
2.327088 2.737583 -3.846564 -4.017852  2111.158732
2.327088 2.737583 -3.916425 -4.017852  2190.458751
2.327088 2.737583 -3.916425 -4.075082  2267.183995
2.327088 2.737583 -3.916425 -4.075082  2267.183995
2.327088 2.737583 -3.916425 -4.075082  2267.183995
2.327088 2.737583 -3.939261 -4.075082  2294.361594
2.327088 2.737583 -3.939261 -4.085975  2309.461614
2.328442 2.737583 -3.939261 -4.085975  2309.660364
2.328442 2.750506 -3.939261 -4.085975  2313.323869
2.328442 2.750506 -3.939261 -4.085975  2313.323869
2.328442 2.750506 -3.939261 -4.085975  2313.323869
2.374943 2.750506 -3.939261 -4.085975  2320.436655
2.374943 2.808880 -3.939261 -4.085975  2337.865555
2.374943 2.808880 -3.939261 -4.085975  2337.865555
2.374943 2.808880 -3.939261 -4.085975  2337.865555
2.467164 2.808880 -3.939261 -4.085975  2353.719337
2.467164 2.808880 -3.939261 -4.085975  2353.719337
2.467164 2.808880 -4.022721 -4.085975  2458.555836
2.467164 2.808880 -4.022721 -4.156500  2560.295220
2.467164 2.808880 -4.022721 -4.156500  2560.295220
2.467164 2.808880 -4.022721 -4.156500  2560.295220
2.467164 2.808880 -4.060756 -4.156500  2611.046250
2.467164 2.808880 -4.060756 -4.184227  2652.982314
2.467164 2.808880 -4.060756 -4.184227  2652.982314
2.467164 2.808880 -4.060756 -4.184227  2652.982314
2.467164 2.808880 -4.060756 -4.184227  2652.982314
2.467164 2.808880 -4.060756 -4.184227  2652.982314
2.486499 2.808880 -4.060756 -4.184227  2656.620829
2.486499 2.835420 -4.060756 -4.184227  2665.039000
2.486499 2.835420 -4.060756 -4.184227  2665.039000
2.486499 2.835420 -4.060756 -4.184227  2665.039000
2.533909 2.835420 -4.060756 -4.184227  2674.452605
2.533909 2.889998 -4.060756 -4.184227  2692.783018
2.533909 2.889998 -4.060756 -4.184227  2692.783018
2.533909 2.889998 -4.060756 -4.184227  2692.783018
2.610240 2.889998 -4.060756 -4.184227  2709.493619
2.610240 2.973239 -4.060756 -4.184227  2740.248323
2.610240 2.973239 -4.060756 -4.184227  2740.248323
2.610240 2.973239 -4.060756 -4.184227  2740.248323
2.610240 2.973239 -4.060756 -4.184227  2740.248323
2.610240 2.973239 -4.060756 -4.184227  2740.248323
2.610240 2.973239 -4.143378 -4.184227  2857.242726
2.610240 2.973239 -4.143378 -4.259962  2977.593090
2.610240 2.973239 -4.143378 -4.259962  2977.593090
2.610240 2.973239 -4.143378 -4.259962  2977.593090
2.610240 2.973239 -4.197811 -4.259962  3059.942660
2.610240 2.973239 -4.197811 -4.307294  3139.630578
2.610240 2.973239 -4.197811 -4.307294  3139.630578
2.610240 2.973239 -4.197811 -4.307294  3139.630578
2.610240 2.973239 -4.224093 -4.307294  3180.949664
2.610240 2.973239 -4.224093 -4.326522  3214.339111
2.610240 2.973239 -4.224093 -4.326522  3214.339111
2.610240 2.973239 -4.224093 -4.326522  3214.339111
2.610240 2.973239 -4.224093 -4.326522  3214.339111
2.610240 2.973239 -4.224093 -4.326522  3214.339111
2.625671 2.973239 -4.224093 -4.326522  3217.963482
2.625671 2.995665 -4.224093 -4.326522  3226.859688
2.625671 2.995665 -4.224093 -4.326522  3226.859688
2.625671 2.995665 -4.224093 -4.326522  3226.859688
2.668864 2.995665 -4.224093 -4.326522  3237.467697
2.668864 3.045883 -4.224093 -4.326522  3258.378139
2.668864 3.045883 -4.224093 -4.326522  3258.378139
2.668864 3.045883 -4.224093 -4.326522  3258.378139
2.668864 3.045883 -4.224093 -4.326522  3258.378139
2.668864 3.045883 -4.224093 -4.326522  3258.378139
2.668864 3.045883 -4.238369 -4.326522  3281.257870
2.668864 3.045883 -4.238369 -4.333798  3294.048580
2.668864 3.045883 -4.238369 -4.333798  3294.048580
2.668864 3.052652 -4.238369 -4.333798  3296.974579
2.668864 3.052652 -4.238369 -4.333798  3296.974579
2.668864 3.052652 -4.238369 -4.333798  3296.974579
2.695991 3.052652 -4.238369 -4.333798  3303.997285
2.695991 3.086591 -4.238369 -4.333798  3319.064555
2.695991 3.086591 -4.238369 -4.333798  3319.064555
2.695991 3.086591 -4.238369 -4.333798  3319.064555
2.750155 3.086591 -4.238369 -4.333798  3333.958261
2.750155 3.147605 -4.238369 -4.333798  3362.764132
2.750155 3.147605 -4.238369 -4.333798  3362.764132
2.750155 3.147605 -4.238369 -4.333798  3362.764132
2.831821 3.147605 -4.238369 -4.333798  3387.551338
2.831821 3.236333 -4.238369 -4.333798  3433.623041
2.831821 3.236333 -4.238369 -4.333798  3433.623041
2.831821 3.236333 -4.238369 -4.430875  3612.688822
2.831821 3.236333 -4.238369 -4.430875  3612.688822
2.831821 3.236333 -4.238369 -4.430875  3612.688822
2.831821 3.236333 -4.314840 -4.430875  3740.607144
2.831821 3.236333 -4.314840 -4.500183  3878.423035
2.831821 3.236333 -4.314840 -4.500183  3878.423035
2.831821 3.236333 -4.314840 -4.500183  3878.423035
2.831821 3.236333 -4.363321 -4.500183  3964.355591
2.831821 3.236333 -4.363321 -4.541863  4051.423804
2.831821 3.236333 -4.363321 -4.541863  4051.423804
2.831821 3.236333 -4.363321 -4.541863  4051.423804
2.831821 3.236333 -4.384921 -4.541863  4090.960406
2.831821 3.236333 -4.384921 -4.556704  4122.745389
2.831821 3.236333 -4.384921 -4.556704  4122.745389
2.831821 3.236333 -4.384921 -4.556704  4122.745389
2.831821 3.236333 -4.384921 -4.556704  4122.745389
2.831821 3.236333 -4.384921 -4.556704  4122.745389
2.850713 3.236333 -4.384921 -4.556704  4128.901394
2.850713 3.262126 -4.384921 -4.556704  4143.276381
2.850713 3.262126 -4.384921 -4.556704  4143.276381
2.850713 3.262126 -4.384921 -4.556704  4143.276381
2.896817 3.262126 -4.384921 -4.556704  4159.000607
2.896817 3.315189 -4.384921 -4.556704  4190.038681
2.896817 3.315189 -4.384921 -4.556704  4190.038681
2.896817 3.315189 -4.384921 -4.556704  4190.038681
2.970413 3.315189 -4.384921 -4.556704  4217.301832
2.970413 3.395663 -4.384921 -4.556704  4268.322119
2.970413 3.395663 -4.384921 -4.556704  4268.322119
2.970413 3.395663 -4.384921 -4.556704  4268.322119
2.970413 3.395663 -4.384921 -4.556704  4268.322119
2.970413 3.395663 -4.384921 -4.556704  4268.322119
2.970413 3.395663 -4.470481 -4.556704  4432.771138
2.970413 3.395663 -4.470481 -4.635434  4608.450227
2.970413 3.395663 -4.470481 -4.635434  4608.450227
2.970413 3.395663 -4.470481 -4.635434  4608.450227
2.970413 3.395663 -4.528430 -4.635434  4727.216942
2.970413 3.395663 -4.528430 -4.686454  4847.618326
2.970413 3.395663 -4.528430 -4.686454  4847.618326
2.970413 3.395663 -4.528430 -4.686454  4847.618326
2.970413 3.395663 -4.558721 -4.686454  4912.166558
2.970413 3.395663 -4.558721 -4.709853  4969.167696
2.970413 3.395663 -4.558721 -4.709853  4969.167696
2.970413 3.395663 -4.558721 -4.709853  4969.167696
2.970413 3.395663 -4.561720 -4.709853  4975.652171
2.970413 3.395663 -4.561720 -4.709853  4975.652171
2.981530 3.395663 -4.561720 -4.709853  4980.011962
2.981530 3.413896 -4.561720 -4.709853  4992.263145
2.981530 3.413896 -4.561720 -4.709853  4992.263145
2.981530 3.413896 -4.561720 -4.709853  4992.263145
3.020599 3.413896 -4.561720 -4.709853  5008.110067
3.020599 3.460033 -4.561720 -4.709853  5040.302590
3.020599 3.460033 -4.561720 -4.709853  5040.302590
3.020599 3.460033 -4.561720 -4.709853  5040.302590
3.087507 3.460033 -4.561720 -4.709853  5069.413600
3.087507 3.533926 -4.561720 -4.709853  5124.678088
3.087507 3.533926 -4.561720 -4.709853  5124.678088
3.087507 3.533926 -4.561720 -4.709853  5124.678088
3.087507 3.533926 -4.561720 -4.709853  5124.678088
3.087507 3.533926 -4.561720 -4.709853  5124.678088
3.087507 3.533926 -4.633904 -4.709853  5285.991662
3.087507 3.533926 -4.633904 -4.769165  5435.641394
3.167633 3.533926 -4.633904 -4.769165  5473.987007
3.167633 3.624886 -4.633904 -4.769165  5548.666662
3.167633 3.624886 -4.731869 -4.769165  5784.273926
3.167633 3.624886 -4.731869 -4.855261  6015.164006
3.167633 3.624886 -4.731869 -4.855261  6015.164006
3.167633 3.624886 -4.731869 -4.855261  6015.164006
3.167633 3.624886 -4.783763 -4.855261  6148.130584
3.167633 3.624886 -4.783763 -4.895675  6262.308976
3.167633 3.624886 -4.783763 -4.895675  6262.308976
3.167633 3.624886 -4.783763 -4.895675  6262.308976
3.167633 3.624886 -4.790993 -4.895675  6281.298803
3.167633 3.624886 -4.790993 -4.895675  6281.298803
3.184906 3.624886 -4.790993 -4.895675  6290.089015
3.184906 3.654201 -4.790993 -4.895675  6315.809042
3.184906 3.654201 -4.790993 -4.895675  6315.809042
3.184906 3.654201 -4.790993 -4.895675  6315.809042
3.250327 3.654201 -4.790993 -4.895675  6350.877736
3.250327 3.732543 -4.790993 -4.895675  6423.781913
3.250327 3.732543 -4.790993 -4.895675  6423.781913
3.250327 3.732543 -4.790993 -4.993622  6716.590571
3.250327 3.732543 -4.790993 -4.993622  6716.590571
3.250327 3.732543 -4.790993 -4.993622  6716.590571
3.250327 3.732543 -4.853900 -4.993622  6886.719640
3.250327 3.732543 -4.853900 -5.044453  7048.008882
3.250327 3.732543 -4.853900 -5.044453  7048.008882
3.250327 3.732543 -4.853900 -5.044453  7048.008882
3.250327 3.732543 -4.869912 -5.044453  7092.743031
3.250327 3.732543 -4.869912 -5.048583  7106.135717
3.256989 3.732543 -4.869912 -5.048583  7109.868300
3.256989 3.749028 -4.869912 -5.048583  7126.008547
3.256989 3.749028 -4.869912 -5.048583  7126.008547
3.256989 3.749028 -4.869912 -5.048583  7126.008547
3.302312 3.749028 -4.869912 -5.048583  7152.229262
3.302312 3.804972 -4.869912 -5.048583  7209.161416
3.302312 3.804972 -4.869912 -5.048583  7209.161416
3.302312 3.804972 -4.869912 -5.048583  7209.161416
3.388171 3.804972 -4.869912 -5.048583  7262.940162
3.388171 3.900554 -4.869912 -5.048583  7368.275159
3.388171 3.900554 -4.964492 -5.048583  7644.790479
3.388171 3.900554 -4.964492 -5.133420  7929.780258
3.388171 3.900554 -4.964492 -5.133420  7929.780258
3.388171 3.900554 -4.964492 -5.133420  7929.780258
3.388171 3.900554 -5.023981 -5.133420  8114.841172
3.388171 3.900554 -5.023981 -5.186083  8301.484735
3.388171 3.900554 -5.023981 -5.186083  8301.484735
3.388171 3.900554 -5.023981 -5.186083  8301.484735
3.388171 3.900554 -5.056470 -5.186083  8406.324194
3.388171 3.900554 -5.056470 -5.211515  8499.213545
3.388171 3.900554 -5.056470 -5.211515  8499.213545
3.388171 3.900554 -5.056470 -5.211515  8499.213545
3.388171 3.900554 -5.061175 -5.211515  8514.619363
3.388171 3.900554 -5.061175 -5.211515  8514.619363
3.397279 3.900554 -5.061175 -5.211515  8520.652765
3.397279 3.916649 -5.061175 -5.211515  8539.434933
3.397279 3.916649 -5.061175 -5.211515  8539.434933
3.397279 3.916649 -5.061175 -5.211515  8539.434933
3.444836 3.916649 -5.061175 -5.211515  8572.008567
3.444836 3.973626 -5.061175 -5.211515  8641.026310
3.444836 3.973626 -5.061175 -5.211515  8641.026310
3.444836 3.973626 -5.061175 -5.211515  8641.026310
3.531473 3.973626 -5.061175 -5.211515  8705.175355
3.531473 4.070755 -5.061175 -5.211515  8832.319483
3.531473 4.070755 -5.157093 -5.211515  9159.159981
3.531473 4.070755 -5.157093 -5.300674  9499.451407
3.531473 4.070755 -5.157093 -5.300674  9499.451407
3.531473 4.070755 -5.157093 -5.300674  9499.451407
3.531473 4.070755 -5.225381 -5.300674  9747.441331
3.531473 4.070755 -5.225381 -5.362193  9995.976617
3.531473 4.070755 -5.225381 -5.362193  9995.976617
3.531473 4.070755 -5.225381 -5.362193  9995.976617
3.531473 4.070755 -5.265447 -5.362193  10147.638562
3.531473 4.070755 -5.265447 -5.395311  10286.238785
3.531473 4.070755 -5.265447 -5.395311  10286.238785
3.531473 4.070755 -5.265447 -5.395311  10286.238785
3.531473 4.070755 -5.278120 -5.395311  10335.183053
3.531473 4.070755 -5.278120 -5.401002  10359.345139
3.532821 4.070755 -5.278120 -5.401002  10360.394324
3.532821 4.079018 -5.278120 -5.401002  10371.786236
3.532821 4.079018 -5.278120 -5.401002  10371.786236
3.532821 4.079018 -5.278120 -5.401002  10371.786236
3.532821 4.079018 -5.278120 -5.401002  10371.786236
3.532821 4.079018 -5.278120 -5.401002  10371.786236
3.532821 4.079018 -5.327289 -5.401002  10566.171346
3.532821 4.079018 -5.327289 -5.437393  10723.103701
3.532821 4.079018 -5.327289 -5.437393  10723.103701
3.532821 4.079018 -5.327289 -5.437393  10723.103701
3.532821 4.079018 -5.329020 -5.437393  10730.079366
3.532821 4.079018 -5.329020 -5.437393  10730.079366
3.552752 4.079018 -5.329020 -5.437393  10745.778690
3.552752 4.110390 -5.329020 -5.437393  10789.875407
3.552752 4.110390 -5.329020 -5.437393  10789.875407
3.552752 4.110390 -5.329020 -5.437393  10789.875407
3.618564 4.110390 -5.329020 -5.437393  10844.278567
3.618564 4.190000 -5.329020 -5.437393  10962.389846
3.618564 4.190000 -5.329020 -5.437393  10962.389846
3.618564 4.190000 -5.329020 -5.534446  11401.978283
3.618564 4.190000 -5.329020 -5.534446  11401.978283
3.618564 4.190000 -5.329020 -5.534446  11401.978283
3.618564 4.190000 -5.390247 -5.534446  11654.607895
3.618564 4.190000 -5.390247 -5.582971  11886.266985
3.618564 4.190000 -5.390247 -5.582971  11886.266985
3.618564 4.190000 -5.390247 -5.582971  11886.266985
3.618564 4.190000 -5.404032 -5.582971  11944.752458
3.618564 4.190000 -5.404032 -5.584695  11953.129811
3.629084 4.190000 -5.404032 -5.584695  11962.200899
3.629084 4.212729 -5.404032 -5.584695  11997.610625
3.629084 4.212729 -5.404032 -5.584695  11997.610625
3.629084 4.212729 -5.404032 -5.584695  11997.610625
3.687847 4.212729 -5.404032 -5.584695  12050.252183
3.687847 4.283739 -5.404032 -5.584695  12165.912559
3.687847 4.283739 -5.404032 -5.584695  12165.912559
3.687847 4.283739 -5.404032 -5.584695  12165.912559
3.687847 4.283739 -5.404032 -5.584695  12165.912559
3.687847 4.283739 -5.404032 -5.584695  12165.912559
3.687847 4.283739 -5.476497 -5.584695  12483.318756
3.687847 4.283739 -5.476497 -5.647696  12796.729753
3.687847 4.283739 -5.476497 -5.647696  12796.729753
3.687847 4.283739 -5.476497 -5.647696  12796.729753
3.687847 4.283739 -5.508515 -5.647696  12942.428093
3.687847 4.283739 -5.508515 -5.669602  13054.732078
3.687847 4.283739 -5.508515 -5.669602  13054.732078
3.687847 4.283980 -5.508515 -5.669602  13055.137335
3.687847 4.283980 -5.508515 -5.669602  13055.137335
3.687847 4.283980 -5.508515 -5.669602  13055.137335
3.718833 4.283980 -5.508515 -5.669602  13084.279514
3.718833 4.326065 -5.508515 -5.669602  13156.560011
3.718833 4.326065 -5.508515 -5.669602  13156.560011
3.718833 4.326065 -5.508515 -5.669602  13156.560011
3.795013 4.326065 -5.508515 -5.669602  13232.457777
3.795013 4.413700 -5.508515 -5.669602  13392.270725
3.795013 4.413700 -5.508515 -5.669602  13392.270725
3.795013 4.413700 -5.508515 -5.760040  13874.644128
3.795013 4.413700 -5.508515 -5.760040  13874.644128
3.795013 4.413700 -5.508515 -5.760040  13874.644128
3.795013 4.413700 -5.567780 -5.760040  14153.417727
3.795013 4.413700 -5.567780 -5.808068  14422.204732
3.795013 4.413700 -5.567780 -5.808068  14422.204732
3.795013 4.413700 -5.567780 -5.808068  14422.204732
3.795013 4.413700 -5.582444 -5.808068  14493.038812
3.795013 4.413700 -5.582444 -5.813259  14522.627930
3.800702 4.413700 -5.582444 -5.813259  14528.545876
3.800702 4.431294 -5.582444 -5.813259  14562.198810
3.800702 4.431294 -5.582444 -5.813259  14562.198810
3.800702 4.431294 -5.582444 -5.813259  14562.198810
3.852340 4.431294 -5.582444 -5.813259  14617.558442
3.852340 4.494833 -5.582444 -5.813259  14743.620185
3.852340 4.494833 -5.582444 -5.813259  14743.620185
3.852340 4.494833 -5.582444 -5.813259  14743.620185
3.950703 4.494833 -5.582444 -5.813259  14857.612211
3.950703 4.494833 -5.582444 -5.813259  14857.612211
3.950703 4.494833 -5.662154 -5.813259  15255.883232
3.950703 4.494833 -5.662154 -5.881238  15653.240823
3.950703 4.494833 -5.662154 -5.881238  15653.240823
3.950703 4.494833 -5.662154 -5.881238  15653.240823
3.950703 4.494833 -5.695947 -5.881238  15828.998853
3.950703 4.494833 -5.695947 -5.905005  15972.323095
3.950703 4.494833 -5.695947 -5.905005  15972.323095
3.950703 4.494833 -5.695947 -5.905005  15972.323095
3.950703 4.494833 -5.695947 -5.905005  15972.323095
3.950703 4.494833 -5.695947 -5.945146  16219.691485
3.950703 4.494833 -5.695947 -5.945146  16219.691485
3.950703 4.494833 -5.695947 -5.945146  16219.691485
3.950703 4.494833 -5.698887 -5.945146  16235.176417
3.950703 4.494833 -5.698887 -5.945146  16235.176417
3.970313 4.494833 -5.698887 -5.945146  16259.300983
3.970313 4.527453 -5.698887 -5.945146  16326.850323
3.970313 4.527453 -5.698887 -5.945146  16326.850323
3.970313 4.527453 -5.698887 -5.945146  16326.850323
4.039542 4.527453 -5.698887 -5.945146  16415.914602
4.039542 4.610016 -5.698887 -5.945146  16595.804423
4.039542 4.610016 -5.698887 -5.945146  16595.804423
4.039542 4.610016 -5.698887 -6.039062  17201.259092
4.039542 4.610016 -5.698887 -6.039062  17201.259092
4.039542 4.610016 -5.698887 -6.039062  17201.259092
4.039542 4.610016 -5.758224 -6.039062  17520.784577
4.039542 4.610016 -5.758224 -6.086807  17843.371459
4.039542 4.610016 -5.758224 -6.086807  17843.371459
4.039542 4.610016 -5.758224 -6.086807  17843.371459
4.039542 4.610016 -5.773018 -6.086807  17925.108742
4.039542 4.610016 -5.773018 -6.089961  17946.777095
4.047544 4.610016 -5.773018 -6.089961  17957.472740
4.047544 4.629610 -5.773018 -6.089961  18002.099940
4.047544 4.629610 -5.773018 -6.089961  18002.099940
4.047544 4.629610 -5.773018 -6.089961  18002.099940
4.103515 4.629610 -5.773018 -6.089961  18079.316718
4.103515 4.698221 -5.773018 -6.089961  18241.651654
4.103515 4.698221 -5.773018 -6.089961  18241.651654
4.103515 4.698221 -5.773018 -6.089961  18241.651654
4.103515 4.698221 -5.773018 -6.089961  18241.651654
4.103515 4.698221 -5.773018 -6.089961  18241.651654
4.103515 4.698221 -5.840752 -6.089961  18626.757904
4.103515 4.698221 -5.840752 -6.145244  19013.926600
4.103515 4.698221 -5.840752 -6.145244  19013.926600
4.103515 4.698221 -5.840752 -6.145244  19013.926600
4.103515 4.698221 -5.860470 -6.145244  19129.441417
4.103515 4.698221 -5.860470 -6.154698  19197.064663
4.104359 4.698221 -5.860470 -6.154698  19198.261079
4.104359 4.710928 -5.860470 -6.154698  19229.384517
4.104359 4.710928 -5.860470 -6.154698  19229.384517
4.104359 4.710928 -5.860470 -6.154698  19229.384517
4.152298 4.710928 -5.860470 -6.154698  19299.013444
4.152298 4.768310 -5.860470 -6.154698  19443.809676
4.152298 4.768310 -5.860470 -6.154698  19443.809676
4.152298 4.768310 -5.860470 -6.154698  19443.809676
4.241456 4.768310 -5.860470 -6.154698  19582.144857
4.241456 4.768310 -5.860470 -6.154698  19582.144857
4.241456 4.768310 -5.950214 -6.154698  20127.908720
4.241456 4.768310 -5.950214 -6.233357  20706.861833
4.241456 4.768310 -5.950214 -6.233357  20706.861833
4.241456 4.768310 -5.950214 -6.233357  20706.861833
4.241456 4.768310 -5.996770 -6.233357  21003.259738
4.241456 4.768310 -5.996770 -6.267860  21266.608833
4.241456 4.768310 -5.996770 -6.267860  21266.608833
4.241456 4.768310 -5.996770 -6.267860  21266.608833
4.241456 4.768310 -5.999618 -6.267860  21285.039247
4.241456 4.768310 -5.999618 -6.267860  21285.039247
4.261239 4.768310 -5.999618 -6.267860  21317.352102
4.261239 4.799709 -5.999618 -6.267860  21399.588387
4.261239 4.799709 -5.999618 -6.267860  21399.588387
4.261239 4.799709 -5.999618 -6.267860  21399.588387
4.328910 4.799709 -5.999618 -6.267860  21514.750561
4.328910 4.879342 -5.999618 -6.267860  21733.190756
4.328910 4.879342 -5.999618 -6.267860  21733.190756
4.328910 4.879342 -5.999618 -6.364919  22505.748507
4.328910 4.879342 -5.999618 -6.364919  22505.748507
4.328910 4.879342 -5.999618 -6.364919  22505.748507
4.328910 4.879342 -6.061458 -6.364919  22914.713362
4.328910 4.879342 -6.061458 -6.415176  23333.695541
4.328910 4.879342 -6.061458 -6.415176  23333.695541
4.328910 4.879342 -6.061458 -6.415176  23333.695541
4.328910 4.879342 -6.076225 -6.415176  23433.856851
4.328910 4.879342 -6.076225 -6.418223  23459.682080
4.339372 4.879342 -6.076225 -6.418223  23478.139996
4.339372 4.902090 -6.076225 -6.418223  23543.212469
4.339372 4.902090 -6.076225 -6.418223  23543.212469
4.339372 4.902090 -6.076225 -6.418223  23543.212469
4.400102 4.902090 -6.076225 -6.418223  23653.935837
4.400102 4.973550 -6.076225 -6.418223  23866.368669
4.400102 4.973550 -6.076225 -6.418223  23866.368669
4.400102 4.973550 -6.076225 -6.418223  23866.368669
4.447329 4.973550 -6.076225 -6.418223  23956.802166
4.447329 5.032369 -6.076225 -6.418223  24141.059672
4.447329 5.032369 -6.076225 -6.418223  24141.059672
4.447329 5.032369 -6.076225 -6.418223  24141.059672
4.543481 5.032369 -6.076225 -6.418223  24337.442789
4.543481 5.032369 -6.076225 -6.418223  24337.442789
4.543481 5.032369 -6.155972 -6.418223  24895.424891
4.543481 5.032369 -6.155972 -6.486960  25491.254618
4.543481 5.032369 -6.155972 -6.486960  25491.254618
4.543481 5.032369 -6.155972 -6.486960  25491.254618
4.543481 5.032369 -6.188044 -6.486960  25723.961381
4.543481 5.032369 -6.188044 -6.508958  25920.054888
4.543481 5.032369 -6.188044 -6.508958  25920.054888
4.543481 5.033252 -6.188044 -6.508958  25922.888000
4.543481 5.033252 -6.188044 -6.508958  25922.888000
4.543481 5.033252 -6.188044 -6.508958  25922.888000
4.581087 5.033252 -6.188044 -6.508958  26004.353164
4.581087 5.081986 -6.188044 -6.508958  26163.795291
4.581087 5.081986 -6.188044 -6.508958  26163.795291
4.581087 5.081986 -6.188044 -6.508958  26163.795291
4.664588 5.081986 -6.188044 -6.508958  26354.503566
4.664588 5.177617 -6.188044 -6.508958  26685.669188
4.664588 5.177617 -6.281622 -6.508958  27392.789210
4.664588 5.177617 -6.281622 -6.592034  28157.648339
4.664588 5.177617 -6.281622 -6.592034  28157.648339
4.664588 5.177617 -6.281622 -6.592034  28157.648339
4.664588 5.177617 -6.330354 -6.592034  28542.954483
4.664588 5.177617 -6.330354 -6.629258  28898.398907
4.664588 5.177617 -6.330354 -6.629258  28898.398907
4.664588 5.177617 -6.330354 -6.629258  28898.398907
4.664588 5.177617 -6.334020 -6.629258  28927.866797
4.664588 5.177617 -6.334020 -6.629258  28927.866797
4.682827 5.177617 -6.334020 -6.629258  28971.379183
4.682827 5.207249 -6.334020 -6.629258  29079.081749
4.682827 5.207249 -6.334020 -6.629258  29079.081749
4.682827 5.207249 -6.334020 -6.629258  29079.081749
4.747839 5.207249 -6.334020 -6.629258  29239.796471
4.747839 5.284010 -6.334020 -6.629258  29530.431732
4.747839 5.284010 -6.334020 -6.629258  29530.431732
4.747839 5.284010 -6.334020 -6.629258  29530.431732
4.747839 5.284010 -6.334020 -6.629258  29530.431732
4.747839 5.284010 -6.334020 -6.629258  29530.431732
4.747839 5.284010 -6.398262 -6.629258  30058.046554
4.747839 5.284010 -6.398262 -6.682050  30576.030106
4.747839 5.284010 -6.398262 -6.682050  30576.030106
4.747839 5.284010 -6.398262 -6.682050  30576.030106
4.747839 5.284010 -6.412966 -6.682050  30699.812685
4.747839 5.284010 -6.412966 -6.684873  30727.969674
4.755661 5.284010 -6.412966 -6.684873  30747.907430
4.755661 5.301564 -6.412966 -6.684873  30816.787851
4.755661 5.301564 -6.412966 -6.684873  30816.787851
4.755661 5.301564 -6.412966 -6.684873  30816.787851
4.807163 5.301564 -6.412966 -6.684873  30951.387644
4.807163 5.365172 -6.412966 -6.684873  31208.734048
4.807163 5.365172 -6.412966 -6.684873  31208.734048
4.807163 5.365172 -6.412966 -6.684873  31208.734048
4.906074 5.365172 -6.412966 -6.684873  31483.929276
4.906074 5.365172 -6.412966 -6.684873  31483.929276
4.906074 5.365172 -6.488698 -6.684873  32139.680976
4.906074 5.365172 -6.488698 -6.748428  32786.453673
4.906074 5.365172 -6.488698 -6.748428  32786.453673
4.906074 5.365172 -6.488698 -6.748428  32786.453673
4.906074 5.365172 -6.520999 -6.748428  33075.618582
4.906074 5.365172 -6.520999 -6.771087  33312.179962
4.906074 5.365172 -6.520999 -6.771087  33312.179962
4.906074 5.365172 -6.520999 -6.771087  33312.179962
4.906074 5.365172 -6.520999 -6.771087  33312.179962
4.906074 5.365172 -6.520999 -6.771087  33312.179962
4.931943 5.365172 -6.520999 -6.771087  33387.909182
4.931943 5.398337 -6.520999 -6.771087  33527.016100
4.931943 5.398337 -6.520999 -6.771087  33527.016100
4.931943 5.398337 -6.520999 -6.771087  33527.016100
4.986671 5.398337 -6.520999 -6.771087  33692.550569
4.986671 5.460018 -6.520999 -6.771087  33960.519101
4.986671 5.460018 -6.520999 -6.771087  33960.519101
4.986671 5.460018 -6.520999 -6.771087  33960.519101
5.069289 5.460018 -6.520999 -6.771087  34224.563314
5.069289 5.460018 -6.520999 -6.771087  34224.563314
5.069289 5.460018 -6.520999 -6.771087  34224.563314
5.069289 5.460018 -6.520999 -6.771087  34224.563314
5.086761 5.460018 -6.520999 -6.771087  34282.653944
5.086761 5.484529 -6.520999 -6.771087  34392.558426
5.086761 5.484529 -6.520999 -6.771087  34392.558426
5.086761 5.484529 -6.520999 -6.771087  34392.558426
5.132366 5.484529 -6.520999 -6.771087  34547.988920
5.132366 5.537430 -6.520999 -6.771087  34791.976685
5.132366 5.537430 -6.520999 -6.771087  34791.976685
5.132366 5.537430 -6.520999 -6.771087  34791.976685
5.206317 5.537430 -6.520999 -6.771087  35056.033588
5.206317 5.618775 -6.520999 -6.771087  35449.849410
5.206317 5.618775 -6.520999 -6.771087  35449.849410
5.206317 5.618775 -6.520999 -6.771087  35449.849410
5.206317 5.618775 -6.520999 -6.771087  35449.849410
5.206317 5.618775 -6.520999 -6.771087  35449.849410
5.206317 5.618775 -6.604529 -6.771087  36224.660833
5.206317 5.618775 -6.604529 -6.847588  37047.057899
5.206317 5.618775 -6.604529 -6.847588  37047.057899
5.206317 5.618775 -6.604529 -6.847588  37047.057899
5.206317 5.618775 -6.659957 -6.847588  37583.287245
5.206317 5.618775 -6.659957 -6.895952  38122.530139
5.206317 5.618775 -6.659957 -6.895952  38122.530139
5.206317 5.618775 -6.659957 -6.895952  38122.530139
5.206317 5.618775 -6.687413 -6.895952  38394.844980
5.206317 5.618775 -6.687413 -6.916213  38625.277936
5.206317 5.618775 -6.687413 -6.916213  38625.277936
5.206317 5.618775 -6.687413 -6.916213  38625.277936
5.206317 5.618775 -6.687413 -6.916213  38625.277936
5.206317 5.618775 -6.687413 -6.916213  38625.277936
5.220593 5.618775 -6.687413 -6.916213  38678.010426
5.220593 5.639994 -6.687413 -6.916213  38784.559908
5.220593 5.639994 -6.687413 -6.916213  38784.559908
5.220593 5.639994 -6.687413 -6.916213  38784.559908
5.262226 5.639994 -6.687413 -6.916213  38941.676453
5.262226 5.688440 -6.687413 -6.916213  39191.022257
5.262226 5.688440 -6.687413 -6.916213  39191.022257
5.262226 5.688440 -6.687413 -6.916213  39191.022257
5.331633 5.688440 -6.687413 -6.916213  39464.236802
5.331633 5.764890 -6.687413 -6.916213  39875.381171
5.331633 5.764890 -6.687413 -6.916213  39875.381171
5.331633 5.764890 -6.687413 -6.916213  39875.381171
5.428796 5.764890 -6.687413 -6.916213  40282.519577
5.428796 5.764890 -6.687413 -6.916213  40282.519577
5.428796 5.764890 -6.776589 -6.916213  41198.391653
5.428796 5.764890 -6.776589 -6.998374  42160.948894
5.428796 5.764890 -6.776589 -6.998374  42160.948894
5.428796 5.764890 -6.776589 -6.998374  42160.948894
5.428796 5.764890 -6.837623 -6.998374  42816.206425
5.428796 5.764890 -6.837623 -7.052378  43474.004933
5.428796 5.764890 -6.837623 -7.052378  43474.004933
5.428796 5.764890 -6.837623 -7.052378  43474.004933
5.428796 5.764890 -6.870221 -7.052378  43833.690523
5.428796 5.764890 -6.870221 -7.077804  44150.443877
5.428796 5.764890 -6.870221 -7.077804  44150.443877
5.428796 5.764890 -6.870221 -7.077804  44150.443877
5.428796 5.764890 -6.874474 -7.077804  44197.871812
5.428796 5.764890 -6.874474 -7.077804  44197.871812
5.438893 5.764890 -6.874474 -7.077804  44241.883183
5.438893 5.782215 -6.874474 -7.077804  44338.135882
5.438893 5.782215 -6.874474 -7.077804  44338.135882
5.438893 5.782215 -6.874474 -7.077804  44338.135882
5.477183 5.782215 -6.874474 -7.077804  44508.043650
5.477183 5.827643 -6.874474 -7.077804  44765.967828
5.477183 5.827643 -6.874474 -7.077804  44765.967828
5.477183 5.827643 -6.874474 -7.077804  44765.967828
5.543638 5.827643 -6.874474 -7.077804  45072.354019
5.543638 5.901084 -6.874474 -7.077804  45506.693024
5.543638 5.901084 -6.874474 -7.077804  45506.693024
5.543638 5.901084 -6.874474 -7.077804  45506.693024
5.637662 5.901084 -6.874474 -7.077804  45966.013542
5.637662 5.901084 -6.874474 -7.077804  45966.013542
5.637662 5.901084 -6.966543 -7.077804  47022.041473
5.637662 5.901084 -6.966543 -7.163049  48117.744095
5.637662 5.901084 -6.966543 -7.163049  48117.744095
5.637662 5.901084 -6.966543 -7.163049  48117.744095
5.637662 5.901084 -7.030727 -7.163049  48887.704213
5.637662 5.901084 -7.030727 -7.163049  48887.704213
5.663252 5.901084 -7.030727 -7.163049  49018.138531
5.663252 5.933710 -7.030727 -7.163049  49218.148254
5.663252 5.933710 -7.030727 -7.163049  49218.148254
5.663252 5.933710 -7.030727 -7.163049  49218.148254
5.716763 5.933710 -7.030727 -7.163049  49498.614161
5.716763 5.994362 -7.030727 -7.163049  49882.325806
5.716763 5.994362 -7.030727 -7.163049  49882.325806
5.716763 5.994362 -7.030727 -7.163049  49882.325806
5.798087 5.994362 -7.030727 -7.163049  50329.158209
5.798087 6.082788 -7.030727 -7.163049  50917.097117
5.798087 6.082788 -7.030727 -7.163049  50917.097117
5.798087 6.082788 -7.030727 -7.260650  52237.334054
5.798087 6.082788 -7.030727 -7.260650  52237.334054
5.798087 6.082788 -7.030727 -7.260650  52237.334054
5.798087 6.082788 -7.107239 -7.260650  53192.666766
5.798087 6.082788 -7.107239 -7.330243  54178.397155
5.798087 6.082788 -7.107239 -7.330243  54178.397155
5.798087 6.082788 -7.107239 -7.330243  54178.397155
5.798087 6.082788 -7.156478 -7.330243  54815.340031
5.798087 6.082788 -7.156478 -7.372590  55433.761877
5.798087 6.082788 -7.156478 -7.372590  55433.761877
5.798087 6.082788 -7.156478 -7.372590  55433.761877
5.798087 6.082788 -7.162089 -7.372590  55507.453855
5.798087 6.082788 -7.162089 -7.372590  55507.453855
5.816440 6.082788 -7.162089 -7.372590  55611.819451
5.816440 6.113747 -7.162089 -7.372590  55825.908137
5.816440 6.113747 -7.162089 -7.372590  55825.908137
5.816440 6.113747 -7.162089 -7.372590  55825.908137
5.883538 6.113747 -7.162089 -7.372590  56218.852415
5.883538 6.190854 -7.162089 -7.372590  56771.243821
5.883538 6.190854 -7.162089 -7.372590  56771.243821
5.883538 6.190854 -7.162089 -7.471866  58277.822684
5.883538 6.190854 -7.162089 -7.471866  58277.822684
5.883538 6.190854 -7.162089 -7.471866  58277.822684
5.883538 6.190854 -7.227436 -7.471866  59153.376113
5.883538 6.190854 -7.227436 -7.525014  59993.511809
5.883538 6.190854 -7.227436 -7.525014  59993.511809
5.883538 6.190854 -7.227436 -7.525014  59993.511809
5.883538 6.190854 -7.247870 -7.525014  60273.865301
5.883538 6.190854 -7.247870 -7.534277  60422.751500
5.885554 6.190854 -7.247870 -7.534277  60434.836142
5.885554 6.203680 -7.247870 -7.534277  60529.425686
5.885554 6.203680 -7.247870 -7.534277  60529.425686
5.885554 6.203680 -7.247870 -7.534277  60529.425686
5.932731 6.203680 -7.247870 -7.534277  60817.040435
5.932731 6.262842 -7.247870 -7.534277  61263.616130
5.932731 6.262842 -7.247870 -7.534277  61263.616130
5.932731 6.262842 -7.247870 -7.534277  61263.616130
6.025756 6.262842 -7.247870 -7.534277  61858.194005
6.025756 6.262842 -7.247870 -7.534277  61858.194005
6.025756 6.262842 -7.329255 -7.534277  63006.643481
6.025756 6.262842 -7.329255 -7.602055  64118.459166
6.025756 6.262842 -7.329255 -7.602055  64118.459166
6.025756 6.262842 -7.329255 -7.602055  64118.459166
6.025756 6.262842 -7.359907 -7.602055  64564.422618
6.025756 6.262842 -7.359907 -7.620004  64865.585896
6.025756 6.262842 -7.359907 -7.620004  64865.585896
6.025756 6.268182 -7.359907 -7.620004  64906.732977
6.025756 6.268182 -7.359907 -7.620004  64906.732977
6.025756 6.268182 -7.359907 -7.620004  64906.732977
6.067548 6.268182 -7.359907 -7.620004  65186.073840
6.067548 6.322386 -7.359907 -7.620004  65611.755160
6.067548 6.322386 -7.359907 -7.620004  65611.755160
6.067548 6.322386 -7.359907 -7.620004  65611.755160
6.159994 6.322386 -7.359907 -7.620004  66257.623671
6.159994 6.322386 -7.359907 -7.620004  66257.623671
6.159994 6.322386 -7.442043 -7.620004  67489.831003
6.159994 6.322386 -7.442043 -7.689765  68687.542848
6.159994 6.322386 -7.442043 -7.689765  68687.542848
6.159994 6.322386 -7.442043 -7.689765  68687.542848
6.159994 6.322386 -7.473373 -7.689765  69172.110656
6.159994 6.322386 -7.473373 -7.708474  69500.802367
6.159994 6.322386 -7.473373 -7.708474  69500.802367
6.159994 6.328836 -7.473373 -7.708474  69552.433145
6.159994 6.328836 -7.473373 -7.708474  69552.433145
6.159994 6.328836 -7.473373 -7.708474  69552.433145
6.200405 6.328836 -7.473373 -7.708474  69847.208920
6.200405 6.379616 -7.473373 -7.708474  70261.136295
6.200405 6.379616 -7.473373 -7.708474  70261.136295
6.200405 6.379616 -7.473373 -7.708474  70261.136295
6.266732 6.379616 -7.473373 -7.708474  70761.900894
6.266732 6.457911 -7.473373 -7.708474  71426.475433
6.266732 6.457911 -7.473373 -7.708474  71426.475433
6.266732 6.457911 -7.473373 -7.807398  73218.278461
6.266732 6.457911 -7.473373 -7.807398  73218.278461
6.266732 6.457911 -7.473373 -7.807398  73218.278461
6.266732 6.457911 -7.537860 -7.807398  74241.590405
6.266732 6.457911 -7.537860 -7.861559  75261.852387
6.266732 6.457911 -7.537860 -7.861559  75261.852387
6.266732 6.457911 -7.537860 -7.861559  75261.852387
6.266732 6.457911 -7.559497 -7.861559  75613.126974
6.266732 6.457911 -7.559497 -7.872779  75828.023820
6.266732 6.457911 -7.559497 -7.872779  75828.023820
6.266732 6.467243 -7.559497 -7.872779  75909.415236
6.266732 6.467243 -7.559497 -7.872779  75909.415236
6.266732 6.467243 -7.559497 -7.872779  75909.415236
6.311136 6.467243 -7.559497 -7.872779  76256.718410
6.311136 6.523529 -7.559497 -7.872779  76757.680234
6.311136 6.523529 -7.559497 -7.872779  76757.680234
6.311136 6.523529 -7.559497 -7.872779  76757.680234
6.402337 6.523529 -7.559497 -7.872779  77502.326507
6.402337 6.523529 -7.559497 -7.872779  77502.326507
6.402337 6.523529 -7.646581 -7.872779  78957.406107
6.402337 6.523529 -7.646581 -7.947479  80419.727369
6.402337 6.523529 -7.646581 -7.947479  80419.727369
6.402337 6.523529 -7.646581 -7.947479  80419.727369
6.402337 6.523529 -7.683245 -7.947479  81052.487429
6.402337 6.523529 -7.683245 -7.972157  81547.823472
6.402337 6.523529 -7.683245 -7.972157  81547.823472
6.402337 6.523529 -7.683245 -7.972157  81547.823472
6.402337 6.523529 -7.683245 -7.972157  81547.823472
6.402337 6.523529 -7.683245 -7.972157  81547.823472
6.436655 6.523529 -7.683245 -7.972157  81839.235531
6.436655 6.570304 -7.683245 -7.972157  82268.911458
6.436655 6.570304 -7.683245 -7.972157  82268.911458
6.436655 6.570304 -7.683245 -7.972157  82268.911458
6.517240 6.570304 -7.683245 -7.972157  82978.061844
6.517240 6.662173 -7.683245 -7.972157  83858.349741
6.517240 6.662173 -7.781435 -7.972157  85613.508475
6.517240 6.662173 -7.781435 -8.058526  87396.059447
6.517240 6.662173 -7.781435 -8.058526  87396.059447
6.517240 6.662173 -7.781435 -8.058526  87396.059447
6.517240 6.662173 -7.831992 -8.058526  88334.994154
6.517240 6.662173 -7.831992 -8.097035  89154.796456
6.517240 6.662173 -7.831992 -8.097035  89154.796456
6.517240 6.662173 -7.831992 -8.097035  89154.796456
6.517240 6.662173 -7.835600 -8.097035  89222.744254
6.517240 6.662173 -7.835600 -8.097035  89222.744254
6.536983 6.662173 -7.835600 -8.097035  89401.909953
6.536983 6.693113 -7.835600 -8.097035  89709.513946
6.536983 6.693113 -7.835600 -8.097035  89709.513946
6.536983 6.693113 -7.835600 -8.097035  89709.513946
6.604171 6.693113 -7.835600 -8.097035  90335.701520
6.604171 6.772308 -7.835600 -8.097035  91149.384363
6.604171 6.772308 -7.835600 -8.097035  91149.384363
6.604171 6.772308 -7.835600 -8.194969  93305.695571
6.604171 6.772308 -7.835600 -8.194969  93305.695571
6.604171 6.772308 -7.835600 -8.194969  93305.695571
6.604171 6.772308 -7.897343 -8.194969  94487.895010
6.604171 6.772308 -7.897343 -8.243968  95606.135710
6.604171 6.772308 -7.897343 -8.243968  95606.135710
6.604171 6.772308 -7.897343 -8.243968  95606.135710
6.604171 6.772308 -7.912247 -8.243968  95897.091641
6.604171 6.772308 -7.912247 -8.248389  95999.304812
6.612027 6.772308 -7.912247 -8.248389  96074.198365
6.612027 6.790660 -7.912247 -8.248389  96268.267542
6.612027 6.790660 -7.912247 -8.248389  96268.267542
6.612027 6.790660 -7.912247 -8.248389  96268.267542
6.663733 6.790660 -7.912247 -8.248389  96770.201056
6.663733 6.853916 -7.912247 -8.248389  97455.397872
6.663733 6.853916 -7.912247 -8.248389  97455.397872
6.663733 6.853916 -7.912247 -8.248389  97455.397872
6.760069 6.853916 -7.912247 -8.248389  98433.048954
6.760069 6.853916 -7.912247 -8.248389  98433.048954
6.760069 6.853916 -7.996540 -8.248389  100120.424763
6.760069 6.853916 -7.996540 -8.322663  101870.711709
6.760069 6.853916 -7.996540 -8.322663  101870.711709
6.760069 6.952523 -7.996540 -8.322663  102990.476946
6.760069 6.952523 -8.084941 -8.322663  104838.216914
6.760069 6.952523 -8.084941 -8.398931  106701.673258
6.760069 6.952523 -8.084941 -8.398931  106701.673258
6.760069 6.952523 -8.084941 -8.398931  106701.673258
6.760069 6.952523 -8.128789 -8.398931  107648.640670
6.760069 6.952523 -8.128789 -8.430020  108427.914605
6.760069 6.952523 -8.128789 -8.430020  108427.914605
6.760069 6.952523 -8.128789 -8.430020  108427.914605
6.760069 6.952523 -8.128789 -8.430020  108427.914605
6.760069 6.952523 -8.128789 -8.430020  108427.914605
6.782138 6.952523 -8.128789 -8.430020  108659.864930
6.782138 6.985976 -8.128789 -8.430020  109054.466445
6.782138 6.985976 -8.128789 -8.430020  109054.466445
6.782138 6.985976 -8.128789 -8.430020  109054.466445
6.848423 6.985976 -8.128789 -8.430020  109769.523216
6.848423 7.062597 -8.128789 -8.430020  110702.239417
6.848423 7.062597 -8.128789 -8.430020  110702.239417
6.848423 7.062597 -8.128789 -8.430020  110702.239417
6.848423 7.062597 -8.128789 -8.430020  110702.239417
6.848423 7.062597 -8.128789 -8.430020  110702.239417
6.848423 7.062597 -8.201017 -8.430020  112307.318319
6.848423 7.062597 -8.201017 -8.492111  113898.472539
6.848423 7.062597 -8.201017 -8.492111  113898.472539
6.848423 7.062597 -8.201017 -8.492111  113898.472539
6.848423 7.062597 -8.232646 -8.492111  114619.384495
6.848423 7.062597 -8.232646 -8.513330  115173.912966
6.848423 7.062597 -8.232646 -8.513330  115173.912966
6.848423 7.062597 -8.232646 -8.513330  115173.912966
6.848423 7.062597 -8.232646 -8.513330  115173.912966
6.848423 7.062597 -8.232646 -8.513330  115173.912966
6.878954 7.062597 -8.232646 -8.513330  115512.711483
6.878954 7.103699 -8.232646 -8.513330  116030.022463
6.878954 7.103699 -8.232646 -8.513330  116030.022463
6.878954 7.103699 -8.232646 -8.513330  116030.022463
6.951205 7.103699 -8.232646 -8.513330  116856.116388
6.951205 7.186139 -8.232646 -8.513330  117930.416761
6.951205 7.186139 -8.232646 -8.513330  117930.416761
6.951205 7.186139 -8.232646 -8.609456  120512.751585
6.951205 7.186139 -8.232646 -8.609456  120512.751585
6.951205 7.186139 -8.232646 -8.609456  120512.751585
6.951205 7.186139 -8.294364 -8.609456  121951.705634
6.951205 7.186139 -8.294364 -8.658788  123322.545966
6.951205 7.186139 -8.294364 -8.658788  123322.545966
6.951205 7.186139 -8.294364 -8.658788  123322.545966
6.951205 7.186139 -8.305717 -8.658788  123591.952178
6.951205 7.186139 -8.305717 -8.658788  123591.952178
6.965020 7.186139 -8.305717 -8.658788  123753.866068
6.965020 7.213960 -8.305717 -8.658788  124127.707529
6.965020 7.213960 -8.305717 -8.658788  124127.707529
6.965020 7.213960 -8.305717 -8.658788  124127.707529
7.032765 7.213960 -8.305717 -8.658788  124940.507946
7.032765 7.294237 -8.305717 -8.658788  126052.030787
7.032765 7.294237 -8.305717 -8.658788  126052.030787
7.032765 7.294237 -8.305717 -8.754169  128792.503956
7.032765 7.294237 -8.305717 -8.754169  128792.503956
7.032765 7.294237 -8.305717 -8.754169  128792.503956
7.032765 7.294237 -8.362199 -8.754169  130154.870147
7.032765 7.294237 -8.362199 -8.798222  131461.587068
7.032765 7.294237 -8.362199 -8.798222  131461.587068
7.032765 7.294237 -8.362199 -8.798222  131461.587068
7.032765 7.294237 -8.365831 -8.798222  131550.458983
7.032765 7.294237 -8.365831 -8.798222  131550.458983
7.056544 7.294237 -8.365831 -8.798222  131843.283863
7.056544 7.332052 -8.365831 -8.798222  132384.108232
7.056544 7.332052 -8.365831 -8.798222  132384.108232
7.056544 7.332052 -8.365831 -8.798222  132384.108232
7.133580 7.332052 -8.365831 -8.798222  133360.253240
7.133580 7.422446 -8.365831 -8.798222  134699.067498
7.133580 7.422446 -8.462403 -8.798222  137119.446581
7.133580 7.422446 -8.462403 -8.881508  139662.426945
7.133580 7.422446 -8.462403 -8.881508  139662.426945
7.133580 7.422446 -8.462403 -8.881508  139662.426945
7.133580 7.422446 -8.513563 -8.881508  140990.211635
7.133580 7.422446 -8.513563 -8.919515  142182.823990
7.133580 7.422446 -8.513563 -8.919515  142182.823990
7.133580 7.422446 -8.513563 -8.919515  142182.823990
7.133580 7.422446 -8.564966 -8.919515  143549.446085
7.133580 7.422446 -8.564966 -8.956361  144725.191669
7.133580 7.422446 -8.564966 -8.956361  144725.191669
7.133580 7.422446 -8.564966 -8.956361  144725.191669
7.133580 7.422446 -8.564966 -8.956361  144725.191669
7.133580 7.422446 -8.564966 -8.956361  144725.191669
7.162476 7.422446 -8.564966 -8.956361  145102.371811
7.162476 7.463798 -8.564966 -8.956361  145736.962014
7.162476 7.463798 -8.564966 -8.956361  145736.962014
7.162476 7.463798 -8.564966 -8.956361  145736.962014
7.240682 7.463798 -8.564966 -8.956361  146788.799057
7.240682 7.554863 -8.564966 -8.956361  148236.765564
7.240682 7.554863 -8.661496 -8.956361  150893.355891
7.240682 7.554863 -8.661496 -9.040019  153635.646265
7.240682 7.554863 -8.661496 -9.040019  153635.646265
7.240682 7.554863 -8.661496 -9.040019  153635.646265
7.240682 7.554863 -8.706040 -9.040019  154902.132290
7.240682 7.554863 -8.706040 -9.071326  155954.804997
7.240682 7.554863 -8.706040 -9.071326  155954.804997
7.240682 7.554863 -8.706040 -9.071326  155954.804997
7.240682 7.554863 -8.706040 -9.071326  155954.804997
7.240682 7.554863 -8.706040 -9.071326  155954.804997
7.273196 7.554863 -8.706040 -9.071326  156405.684888
7.273196 7.600862 -8.706040 -9.071326  157164.110879
7.273196 7.600862 -8.706040 -9.071326  157164.110879
7.273196 7.600862 -8.706040 -9.071326  157164.110879
7.359537 7.600862 -8.706040 -9.071326  158401.191836
7.359537 7.700725 -8.706040 -9.071326  160112.146132
7.359537 7.700725 -8.793323 -9.071326  162670.078846
7.359537 7.700725 -8.793323 -9.145540  165224.229987
7.359537 7.700725 -8.793323 -9.145540  165224.229987
7.359537 7.700725 -8.793323 -9.145540  165224.229987
7.359537 7.700725 -8.826779 -9.145540  166232.002598
7.359537 7.700725 -8.826779 -9.164476  166897.136372
7.359537 7.700725 -8.826779 -9.164476  166897.136372
7.359537 7.707896 -8.826779 -9.164476  167023.452062
7.359537 7.707896 -8.826779 -9.164476  167023.452062
7.359537 7.707896 -8.826779 -9.164476  167023.452062
7.403473 7.707896 -8.826779 -9.164476  167675.643336
7.403473 7.762959 -8.826779 -9.164476  168661.423266
7.403473 7.762959 -8.826779 -9.164476  168661.423266
7.403473 7.762959 -8.826779 -9.164476  168661.423266
7.494148 7.762959 -8.826779 -9.164476  170057.265435
7.494148 7.762959 -8.826779 -9.164476  170057.265435
7.494148 7.762959 -8.910936 -9.164476  172660.728901
7.494148 7.762959 -8.910936 -9.236481  175240.516709
7.494148 7.762959 -8.910936 -9.236481  175240.516709
7.494148 7.762959 -8.910936 -9.236481  175240.516709
7.494148 7.762959 -8.945398 -9.236481  176335.365526
7.494148 7.762959 -8.945398 -9.257852  177116.685646
7.494148 7.762959 -8.945398 -9.257852  177116.685646
7.494148 7.766443 -8.945398 -9.257852  177180.007827
7.494148 7.766443 -8.945398 -9.257852  177180.007827
7.494148 7.766443 -8.945398 -9.257852  177180.007827
7.534600 7.766443 -8.945398 -9.257852  177824.911921
7.534600 7.821354 -8.945398 -9.257852  178838.030402
7.534600 7.821354 -8.945398 -9.257852  178838.030402
7.534600 7.821354 -8.945398 -9.257852  178838.030402
7.628599 7.821354 -8.945398 -9.257852  180391.027923
7.628599 7.821354 -8.945398 -9.257852  180391.027923
7.628599 7.821354 -9.025978 -9.257852  183017.811758
7.628599 7.821354 -9.025978 -9.325337  185532.906578
7.628599 7.821354 -9.025978 -9.325337  185532.906578
7.628599 7.821354 -9.025978 -9.325337  185532.906578
7.628599 7.821354 -9.052856 -9.325337  186430.185749
7.628599 7.821354 -9.052856 -9.338118  186914.784247
7.629602 7.821354 -9.052856 -9.338118  186931.770540
7.629602 7.835173 -9.052856 -9.338118  187191.259261
7.629602 7.835173 -9.052856 -9.338118  187191.259261
7.629602 7.835173 -9.052856 -9.338118  187191.259261
7.683682 7.835173 -9.052856 -9.338118  188120.586472
7.683682 7.902429 -9.052856 -9.338118  189409.881951
7.683682 7.902429 -9.052856 -9.338118  189409.881951
7.683682 7.902429 -9.052856 -9.338118  189409.881951
7.683682 7.902429 -9.052856 -9.338118  189409.881951
7.683682 7.902429 -9.052856 -9.338118  189409.881951
7.683682 7.902429 -9.118312 -9.338118  191640.067384
