-0.039509 -0.871860 -0.871054 -0.870726  0.498178
-0.009578 -0.871860 -0.871054 -0.870726  0.498178
-0.009578 -0.832792 -0.871054 -0.870726  0.601376
-0.009578 -0.832792 -0.871054 -0.870726  0.601376
-0.009578 -0.832792 -0.871054 -0.870726  0.601376
0.051722 -0.832792 -0.871054 -0.870726  0.601377
0.051722 -0.763762 -0.871054 -0.870726  0.742061
0.051722 -0.763762 -0.871054 -0.870726  0.742061
0.051722 -0.763762 -0.871054 -0.870726  0.742061
0.142771 -0.763762 -0.871054 -0.870726  0.742120
0.142771 -0.664683 -0.871054 -0.870726  0.872271
0.142771 -0.664683 -0.964462 -0.870726  1.205321
0.142771 -0.664683 -0.964462 -0.956197  1.504170
0.142771 -0.664683 -0.964462 -0.956197  1.504170
0.142771 -0.664683 -0.964462 -0.956197  1.504170
0.142771 -0.664683 -1.028381 -0.956197  1.819865
0.142771 -0.664683 -1.028381 -1.012721  2.085757
0.142771 -0.664683 -1.028381 -1.012721  2.085757
0.142771 -0.664683 -1.028381 -1.012721  2.085757
0.142771 -0.664683 -1.062982 -1.012721  2.292717
0.142771 -0.664683 -1.062982 -1.040492  2.447006
0.142771 -0.664683 -1.062982 -1.040492  2.447006
0.142771 -0.664683 -1.062982 -1.040492  2.447006
0.142771 -0.664683 -1.069881 -1.040492  2.491627
0.142771 -0.664683 -1.069881 -1.040548  2.491957
0.149499 -0.664683 -1.069881 -1.040548  2.491973
0.149499 -0.650699 -1.069881 -1.040548  2.505058
0.149499 -0.650699 -1.069881 -1.040548  2.505058
0.149499 -0.650699 -1.069881 -1.040548  2.505058
0.184472 -0.650699 -1.069881 -1.040548  2.505197
0.184472 -0.608411 -1.069881 -1.040548  2.538486
0.184472 -0.608411 -1.069881 -1.040548  2.538486
0.184472 -0.608411 -1.069881 -1.040548  2.538486
0.248596 -0.608411 -1.069881 -1.040548  2.539222
0.248596 -0.537276 -1.069881 -1.040548  2.577817
0.248596 -0.537276 -1.069881 -1.040548  2.577817
0.248596 -0.537276 -1.069881 -1.040548  2.577817
0.340858 -0.537276 -1.069881 -1.040548  2.581469
0.340858 -0.438197 -1.069881 -1.040548  2.610082
0.340858 -0.438197 -1.164139 -1.040548  3.346391
0.340858 -0.438197 -1.164139 -1.128104  3.953555
0.340858 -0.438197 -1.164139 -1.128104  3.953555
0.340858 -0.438197 -1.164139 -1.128104  3.953555
0.340858 -0.438197 -1.231388 -1.128104  4.646702
0.340858 -0.438197 -1.231388 -1.188262  5.188652
0.340858 -0.438197 -1.231388 -1.188262  5.188652
0.340858 -0.438197 -1.231388 -1.188262  5.188652
0.340858 -0.438197 -1.270661 -1.188262  5.669869
0.340858 -0.438197 -1.270661 -1.220397  6.008003
0.340858 -0.438197 -1.270661 -1.220397  6.008003
0.340858 -0.438197 -1.270661 -1.220397  6.008003
0.340858 -0.438197 -1.282385 -1.220397  6.163665
0.340858 -0.438197 -1.282385 -1.225434  6.219996
0.353125 -0.438197 -1.282385 -1.225434  6.220886
0.353125 -0.419185 -1.282385 -1.225434  6.224100
0.353125 -0.419185 -1.282385 -1.225434  6.224100
0.353125 -0.419185 -1.282385 -1.225434  6.224100
0.393623 -0.419185 -1.282385 -1.225434  6.228058
0.393623 -0.371847 -1.282385 -1.225434  6.233892
0.393623 -0.371847 -1.282385 -1.225434  6.233892
0.393623 -0.371847 -1.282385 -1.225434  6.233892
0.461268 -0.371847 -1.282385 -1.225434  6.245324
0.461268 -0.297268 -1.282385 -1.225434  6.250112
0.461268 -0.297268 -1.282385 -1.225434  6.250112
0.461268 -0.297268 -1.282385 -1.225434  6.250112
0.556408 -0.297268 -1.282385 -1.225434  6.282560
0.556408 -0.297268 -1.282385 -1.225434  6.282560
0.556408 -0.297268 -1.373551 -1.225434  7.703486
0.556408 -0.297268 -1.373551 -1.309897  8.796477
0.556408 -0.297268 -1.373551 -1.309897  8.796477
0.556408 -0.297268 -1.373551 -1.309897  8.796477
0.556408 -0.297268 -1.437732 -1.309897  10.050570
0.556408 -0.297268 -1.437732 -1.366603  10.960766
0.556408 -0.297268 -1.437732 -1.366603  10.960766
0.556408 -0.297268 -1.437732 -1.366603  10.960766
0.556408 -0.297268 -1.473458 -1.366603  11.762907
0.556408 -0.297268 -1.473458 -1.395598  12.290500
0.556408 -0.297268 -1.473458 -1.395598  12.290500
0.556408 -0.297268 -1.473458 -1.395598  12.290500
0.556408 -0.297268 -1.480783 -1.395598  12.464845
0.556408 -0.297268 -1.480783 -1.395598  12.464845
0.563514 -0.297268 -1.480783 -1.395598  12.468338
0.563514 -0.283191 -1.480783 -1.395598  12.468838
0.563514 -0.283191 -1.480783 -1.395598  12.468838
0.563514 -0.283191 -1.480783 -1.395598  12.468838
0.601849 -0.283191 -1.480783 -1.395598  12.490981
0.601849 -0.237258 -1.480783 -1.395598  12.492050
0.601849 -0.237258 -1.480783 -1.395598  12.492050
0.601849 -0.237258 -1.480783 -1.395598  12.492050
0.668912 -0.237258 -1.480783 -1.395598  12.547005
0.668912 -0.163051 -1.480783 -1.395598  12.547641
0.668912 -0.163051 -1.480783 -1.395598  12.547641
0.668912 -0.163051 -1.480783 -1.395598  12.547641
0.763909 -0.163051 -1.480783 -1.395598  12.673863
0.763909 -0.163051 -1.480783 -1.395598  12.673863
0.763909 -0.163051 -1.571698 -1.395598  15.144836
0.763909 -0.163051 -1.571698 -1.479708  16.944426
0.763909 -0.163051 -1.571698 -1.479708  16.944426
0.763909 -0.163051 -1.571698 -1.479708  16.944426
0.763909 -0.163051 -1.635363 -1.479708  19.050746
0.763909 -0.163051 -1.635363 -1.536268  20.514207
0.763909 -0.163051 -1.635363 -1.536268  20.514207
0.763909 -0.163051 -1.635363 -1.536268  20.514207
0.763909 -0.163051 -1.670840 -1.536268  21.839180
0.763909 -0.163051 -1.670840 -1.564493  22.654673
0.763909 -0.163051 -1.670840 -1.564493  22.654673
0.763909 -0.163051 -1.670840 -1.564493  22.654673
0.763909 -0.163051 -1.678255 -1.564493  22.946225
0.763909 -0.163051 -1.678255 -1.564774  22.954651
0.770630 -0.163051 -1.678255 -1.564774  22.966297
0.770630 -0.148789 -1.678255 -1.564774  22.966339
0.770630 -0.148789 -1.678255 -1.564774  22.966339
0.770630 -0.148789 -1.678255 -1.564774  22.966339
0.806577 -0.148789 -1.678255 -1.564774  23.035924
0.806577 -0.105878 -1.678255 -1.564774  23.035984
0.806577 -0.105878 -1.678255 -1.564774  23.035984
0.806577 -0.105878 -1.678255 -1.564774  23.035984
0.870187 -0.105878 -1.678255 -1.564774  23.193568
0.870187 -0.035238 -1.678255 -1.564774  23.193581
0.870187 -0.035238 -1.678255 -1.564774  23.193581
0.870187 -0.035238 -1.678255 -1.564774  23.193581
0.961801 -0.035238 -1.678255 -1.564774  23.517676
0.961801 0.063770 -1.678255 -1.564774  23.517677
0.961801 0.063770 -1.771733 -1.564774  27.662123
0.961801 0.063770 -1.771733 -1.651393  30.562444
0.961801 0.063770 -1.771733 -1.651393  30.562444
0.961801 0.063770 -1.771733 -1.651393  30.562444
0.961801 0.063770 -1.837567 -1.651393  34.056083
0.961801 0.063770 -1.837567 -1.710367  36.411395
0.961801 0.063770 -1.837567 -1.710367  36.411395
0.961801 0.063770 -1.837567 -1.710367  36.411395
0.961801 0.063770 -1.876117 -1.710367  38.703302
0.961801 0.063770 -1.876117 -1.742083  40.111622
0.961801 0.063770 -1.876117 -1.742083  40.111622
0.961801 0.063770 -1.876117 -1.742083  40.111622
0.961801 0.063770 -1.887087 -1.742083  40.799103
0.961801 0.063770 -1.887087 -1.746335  40.995898
0.964445 0.063770 -1.887087 -1.746335  41.007273
0.964445 0.073378 -1.887087 -1.746335  41.007274
0.964445 0.073378 -1.887087 -1.746335  41.007274
0.964445 0.073378 -1.887087 -1.746335  41.007274
0.994872 0.073378 -1.887087 -1.746335  41.147467
0.994872 0.111000 -1.887087 -1.746335  41.147481
0.994872 0.111000 -1.887087 -1.746335  41.147481
0.994872 0.111000 -1.887087 -1.746335  41.147481
1.054279 0.111000 -1.887087 -1.746335  41.475360
1.054279 0.177930 -1.887087 -1.746335  41.475522
1.054279 0.177930 -1.887087 -1.746335  41.475522
1.054279 0.177930 -1.887087 -1.746335  41.475522
1.142805 0.177930 -1.887087 -1.746335  42.122239
1.142805 0.273689 -1.887087 -1.746335  42.123597
1.142805 0.273689 -1.984511 -1.746335  48.972596
1.142805 0.273689 -1.984511 -1.837124  53.656955
1.142805 0.273689 -1.984511 -1.837124  53.656955
1.142805 0.273689 -1.984511 -1.837124  53.656955
1.142805 0.273689 -2.055007 -1.837124  59.526466
1.142805 0.273689 -2.055007 -1.900743  63.409609
1.142805 0.273689 -2.055007 -1.900743  63.409609
1.142805 0.273689 -2.055007 -1.900743  63.409609
1.142805 0.273689 -2.098497 -1.900743  67.455262
1.142805 0.273689 -2.098497 -1.937577  69.954131
1.142805 0.273689 -2.098497 -1.937577  69.954131
1.142805 0.273689 -2.098497 -1.937577  69.954131
1.142805 0.273689 -2.114532 -1.937577  71.532828
1.142805 0.273689 -2.114532 -1.946792  72.188398
1.142805 0.273689 -2.114532 -1.946792  72.188398
1.142805 0.277940 -2.114532 -1.946792  72.188521
1.142805 0.277940 -2.114532 -1.946792  72.188521
1.142805 0.277940 -2.114532 -2.042433  79.766439
1.142805 0.277940 -2.114532 -2.042433  79.766439
1.142805 0.277940 -2.114532 -2.042433  79.766439
1.142805 0.277940 -2.189692 -2.042433  87.832854
1.142805 0.277940 -2.189692 -2.110759  94.189079
1.142805 0.277940 -2.189692 -2.110759  94.189079
1.142805 0.277940 -2.189692 -2.110759  94.189079
1.142805 0.277940 -2.237674 -2.110759  99.951606
1.142805 0.277940 -2.237674 -2.151854  104.192161
1.142805 0.277940 -2.237674 -2.151854  104.192161
1.142805 0.277940 -2.237674 -2.151854  104.192161
1.142805 0.277940 -2.257911 -2.151854  106.775446
1.142805 0.277940 -2.257911 -2.165048  108.207372
1.142805 0.277940 -2.257911 -2.165048  108.207372
1.142805 0.278568 -2.257911 -2.165048  108.207391
1.142805 0.278568 -2.257911 -2.165048  108.207391
1.142805 0.278568 -2.257911 -2.165048  108.207391
1.164017 0.278568 -2.257911 -2.165048  108.395136
1.164017 0.307034 -2.257911 -2.165048  108.396187
1.164017 0.307034 -2.257911 -2.165048  108.396187
1.164017 0.307034 -2.257911 -2.165048  108.396187
1.213504 0.307034 -2.257911 -2.165048  108.890748
1.213504 0.363684 -2.257911 -2.165048  108.894381
1.213504 0.363684 -2.257911 -2.165048  108.894381
1.213504 0.363684 -2.257911 -2.165048  108.894381
1.290940 0.363684 -2.257911 -2.165048  109.848198
1.290940 0.448224 -2.257911 -2.165048  109.859928
1.290940 0.448224 -2.257911 -2.165048  109.859928
1.290940 0.448224 -2.257911 -2.165048  109.859928
1.290940 0.448224 -2.257911 -2.165048  109.859928
1.290940 0.448224 -2.257911 -2.165048  109.859928
1.290940 0.448224 -2.339106 -2.165048  121.198316
1.290940 0.448224 -2.339106 -2.239304  129.935138
1.290940 0.448224 -2.339106 -2.239304  129.935138
1.290940 0.448224 -2.339106 -2.239304  129.935138
1.290940 0.448224 -2.392590 -2.239304  138.315346
1.290940 0.448224 -2.392590 -2.285478  144.365037
1.290940 0.448224 -2.392590 -2.285478  144.365037
1.290940 0.448224 -2.392590 -2.285478  144.365037
1.290940 0.448224 -2.417752 -2.285478  148.575477
1.290940 0.448224 -2.417752 -2.303835  151.120216
1.290940 0.448224 -2.417752 -2.303835  151.120216
1.290940 0.448224 -2.417752 -2.303835  151.120216
1.290940 0.448224 -2.417752 -2.303835  151.120216
1.290940 0.448224 -2.417752 -2.303835  151.120216
1.307124 0.448224 -2.417752 -2.303835  151.350668
1.307124 0.471300 -2.417752 -2.303835  151.355830
1.307124 0.471300 -2.417752 -2.303835  151.355830
1.307124 0.471300 -2.417752 -2.303835  151.355830
1.351517 0.471300 -2.417752 -2.303835  152.049317
1.351517 0.522722 -2.417752 -2.303835  152.065089
1.351517 0.522722 -2.417752 -2.303835  152.065089
1.351517 0.522722 -2.417752 -2.303835  152.065089
1.423315 0.522722 -2.417752 -2.303835  153.397058
1.423315 0.601413 -2.417752 -2.303835  153.436712
1.423315 0.601413 -2.417752 -2.303835  153.436712
1.423315 0.601413 -2.417752 -2.303835  153.436712
1.522555 0.601413 -2.417752 -2.303835  155.777561
1.522555 0.601413 -2.417752 -2.303835  155.777561
1.522555 0.601413 -2.504829 -2.303835  171.765650
1.522555 0.601413 -2.504829 -2.383768  183.833551
1.522555 0.601413 -2.504829 -2.383768  183.833551
1.522555 0.601413 -2.504829 -2.383768  183.833551
1.522555 0.601413 -2.564091 -2.383768  196.063006
1.522555 0.601413 -2.564091 -2.436166  204.902634
1.522555 0.601413 -2.564091 -2.436166  204.902634
1.522555 0.601413 -2.564091 -2.436166  204.902634
1.522555 0.601413 -2.595858 -2.436166  211.940366
1.522555 0.601413 -2.595858 -2.460907  216.387129
1.522555 0.601413 -2.595858 -2.460907  216.387129
1.522555 0.601413 -2.595858 -2.460907  216.387129
1.522555 0.601413 -2.600099 -2.460907  217.353154
1.522555 0.601413 -2.600099 -2.460907  217.353154
1.532312 0.601413 -2.600099 -2.460907  217.618707
1.532312 0.618261 -2.600099 -2.460907  217.630363
1.532312 0.618261 -2.600099 -2.460907  217.630363
1.532312 0.618261 -2.600099 -2.460907  217.630363
1.570205 0.618261 -2.600099 -2.460907  218.727838
1.570205 0.663008 -2.600099 -2.460907  218.765616
1.570205 0.663008 -2.600099 -2.460907  218.765616
1.570205 0.663008 -2.600099 -2.460907  218.765616
1.570205 0.663008 -2.600099 -2.460907  218.765616
1.570205 0.663008 -2.600099 -2.460907  218.765616
1.570205 0.663008 -2.642932 -2.460907  228.881825
1.570205 0.663008 -2.642932 -2.496701  235.639481
1.570205 0.663008 -2.642932 -2.496701  235.639481
1.570205 0.663008 -2.642932 -2.496701  235.639481
1.570205 0.663008 -2.658187 -2.496701  239.404161
1.570205 0.663008 -2.658187 -2.505274  241.081126
1.570205 0.663008 -2.658187 -2.505274  241.081126
1.570205 0.668766 -2.658187 -2.505274  241.086786
1.570205 0.668766 -2.658187 -2.505274  241.086786
1.570205 0.668766 -2.658187 -2.505274  241.086786
1.596306 0.668766 -2.658187 -2.505274  241.906946
1.596306 0.701916 -2.658187 -2.505274  241.943554
1.596306 0.701916 -2.658187 -2.505274  241.943554
1.596306 0.701916 -2.658187 -2.505274  241.943554
1.650298 0.701916 -2.658187 -2.505274  243.819125
1.650298 0.762776 -2.658187 -2.505274  243.906959
1.650298 0.762776 -2.658187 -2.505274  243.906959
1.650298 0.762776 -2.658187 -2.505274  243.906959
1.731953 0.762776 -2.658187 -2.505274  247.250140
1.731953 0.851479 -2.658187 -2.505274  247.439501
1.731953 0.851479 -2.658187 -2.505274  247.439501
1.731953 0.851479 -2.658187 -2.603247  268.306407
1.731953 0.851479 -2.658187 -2.603247  268.306407
1.731953 0.851479 -2.658187 -2.603247  268.306407
1.731953 0.851479 -2.735613 -2.603247  288.794181
1.731953 0.851479 -2.735613 -2.673529  305.828449
1.731953 0.851479 -2.735613 -2.673529  305.828449
1.731953 0.851479 -2.735613 -2.673529  305.828449
1.731953 0.851479 -2.785328 -2.673529  320.265167
1.731953 0.851479 -2.785328 -2.716391  331.571005
1.731953 0.851479 -2.785328 -2.716391  331.571005
1.731953 0.851479 -2.785328 -2.716391  331.571005
1.731953 0.851479 -2.807505 -2.716391  338.351860
1.731953 0.851479 -2.807505 -2.731809  342.596955
1.731953 0.851479 -2.807505 -2.731809  342.596955
1.731953 0.851479 -2.807505 -2.731809  342.596955
1.731953 0.851479 -2.807505 -2.731809  342.596955
1.731953 0.851479 -2.807505 -2.731809  342.596955
1.750270 0.851479 -2.807505 -2.731809  343.438655
1.750270 0.876655 -2.807505 -2.731809  343.508854
1.750270 0.876655 -2.807505 -2.731809  343.508854
1.750270 0.876655 -2.807505 -2.731809  343.508854
1.796126 0.876655 -2.807505 -2.731809  345.776344
1.796126 0.929345 -2.807505 -2.731809  345.951810
1.796126 0.929345 -2.807505 -2.731809  345.951810
1.796126 0.929345 -2.807505 -2.731809  345.951810
1.869474 0.929345 -2.807505 -2.731809  350.093360
1.869474 1.009785 -2.807505 -2.731809  350.450009
1.869474 1.009785 -2.807505 -2.731809  350.450009
1.869474 1.009785 -2.807505 -2.731809  350.450009
1.869474 1.009785 -2.807505 -2.731809  350.450009
1.869474 1.009785 -2.807505 -2.731809  350.450009
1.869474 1.009785 -2.892468 -2.731809  378.489118
1.869474 1.009785 -2.892468 -2.809719  401.457598
1.869474 1.009785 -2.892468 -2.809719  401.457598
1.869474 1.009785 -2.892468 -2.809719  401.457598
1.869474 1.009785 -2.949868 -2.809719  422.359843
1.869474 1.009785 -2.949868 -2.860142  438.646916
1.869474 1.009785 -2.949868 -2.860142  438.646916
1.869474 1.009785 -2.949868 -2.860142  438.646916
1.869474 1.009785 -2.979705 -2.860142  450.174130
1.869474 1.009785 -2.979705 -2.882964  457.932999
1.869474 1.009785 -2.979705 -2.882964  457.932999
1.869474 1.009785 -2.979705 -2.882964  457.932999
1.869474 1.009785 -2.981762 -2.882964  458.744786
1.869474 1.009785 -2.981762 -2.882964  458.744786
1.881088 1.009785 -2.981762 -2.882964  459.462975
1.881088 1.028481 -2.981762 -2.882964  459.563832
1.881088 1.028481 -2.981762 -2.882964  459.563832
1.881088 1.028481 -2.981762 -2.882964  459.563832
1.920189 1.028481 -2.981762 -2.882964  462.115610
1.920189 1.074508 -2.981762 -2.882964  462.397205
1.920189 1.074508 -2.981762 -2.882964  462.397205
1.920189 1.074508 -2.981762 -2.882964  462.397205
1.987431 1.074508 -2.981762 -2.882964  467.299518
1.987431 1.148728 -2.981762 -2.882964  467.867433
1.987431 1.148728 -2.981762 -2.882964  467.867433
1.987431 1.148728 -2.981762 -2.882964  467.867433
2.082379 1.148728 -2.981762 -2.882964  476.016445
2.082379 1.148728 -2.981762 -2.882964  476.016445
2.082379 1.148728 -3.001644 -2.882964  483.980262
2.082379 1.148728 -3.001644 -2.895109  488.210751
2.082379 1.148728 -3.001644 -2.895109  488.210751
2.082379 1.150376 -3.001644 -2.895109  488.225140
2.082379 1.150376 -3.001644 -2.895109  488.225140
2.082379 1.150376 -3.001644 -2.895109  488.225140
2.104219 1.150376 -3.001644 -2.895109  490.322012
2.104219 1.179071 -3.001644 -2.895109  490.586125
2.104219 1.179071 -3.001644 -2.895109  490.586125
2.104219 1.179071 -3.001644 -2.895109  490.586125
2.153760 1.179071 -3.001644 -2.895109  495.676427
2.153760 1.235754 -3.001644 -2.895109  496.279436
2.153760 1.235754 -3.001644 -2.895109  496.279436
2.153760 1.235754 -3.001644 -2.895109  496.279436
2.231375 1.235754 -3.001644 -2.895109  505.253767
2.231375 1.320242 -3.001644 -2.895109  506.383137
2.231375 1.320242 -3.001644 -2.895109  506.383137
2.231375 1.320242 -3.001644 -2.895109  506.383137
2.231375 1.320242 -3.001644 -2.895109  506.383137
2.231375 1.320242 -3.001644 -2.895109  506.383137
2.231375 1.320242 -3.083180 -2.895109  541.324963
2.231375 1.320242 -3.083180 -2.969653  568.892742
2.231375 1.320242 -3.083180 -2.969653  568.892742
2.231375 1.320242 -3.083180 -2.969653  568.892742
2.231375 1.320242 -3.122600 -2.969653  587.164963
2.231375 1.320242 -3.122600 -2.969653  587.164963
2.317072 1.320242 -3.122600 -2.969653  598.635266
2.317072 1.419158 -3.122600 -2.969653  600.380552
2.317072 1.419158 -3.213752 -2.969653  646.316230
2.317072 1.419158 -3.213752 -3.048756  678.759316
2.317072 1.419158 -3.213752 -3.048756  678.759316
2.317072 1.419158 -3.213752 -3.048756  678.759316
2.317072 1.419158 -3.259506 -3.048756  703.867272
2.317072 1.419158 -3.259506 -3.084256  719.563597
2.317072 1.419158 -3.259506 -3.084256  719.563597
2.317072 1.419158 -3.259506 -3.084256  719.563597
2.317072 1.419158 -3.263149 -3.084256  721.624351
2.317072 1.419158 -3.263149 -3.084256  721.624351
2.333327 1.419158 -3.263149 -3.084256  724.000085
2.333327 1.444888 -3.263149 -3.084256  724.541204
2.333327 1.444888 -3.263149 -3.084256  724.541204
2.333327 1.444888 -3.263149 -3.084256  724.541204
2.391815 1.444888 -3.263149 -3.084256  733.655338
2.391815 1.513077 -3.263149 -3.084256  735.288378
2.391815 1.513077 -3.263149 -3.084256  735.288378
2.391815 1.513077 -3.263149 -3.084256  735.288378
2.391815 1.513077 -3.263149 -3.084256  735.288378
2.391815 1.513077 -3.263149 -3.084256  735.288378
2.391815 1.513077 -3.336462 -3.084256  778.761028
2.391815 1.513077 -3.336462 -3.146555  808.110180
2.391815 1.513077 -3.336462 -3.146555  808.110180
2.391815 1.513077 -3.336462 -3.146555  808.110180
2.391815 1.513077 -3.365208 -3.146555  826.230740
2.391815 1.513077 -3.365208 -3.162654  834.202931
2.391815 1.513077 -3.365208 -3.162654  834.202931
2.391815 1.521143 -3.365208 -3.162654  834.416592
2.391815 1.521143 -3.365208 -3.162654  834.416592
2.391815 1.521143 -3.365208 -3.162654  834.416592
2.434841 1.521143 -3.365208 -3.162654  841.714989
2.434841 1.575918 -3.365208 -3.162654  843.290773
2.434841 1.575918 -3.365208 -3.162654  843.290773
2.434841 1.575918 -3.365208 -3.162654  843.290773
2.520972 1.575918 -3.365208 -3.162654  859.536262
2.520972 1.672868 -3.365208 -3.162654  862.917355
2.520972 1.672868 -3.457614 -3.162654  925.515888
2.520972 1.672868 -3.457614 -3.243425  968.037813
2.520972 1.672868 -3.457614 -3.243425  968.037813
2.520972 1.672868 -3.457614 -3.243425  968.037813
2.520972 1.672868 -3.508720 -3.243425  1005.654894
2.520972 1.672868 -3.508720 -3.281967  1027.494011
2.520972 1.672868 -3.508720 -3.281967  1027.494011
2.520972 1.672868 -3.508720 -3.281967  1027.494011
2.520972 1.672868 -3.510980 -3.281967  1029.208875
2.520972 1.672868 -3.510980 -3.281967  1029.208875
2.542647 1.672868 -3.510980 -3.281967  1033.661963
2.542647 1.706799 -3.510980 -3.281967  1035.045613
2.542647 1.706799 -3.510980 -3.281967  1035.045613
2.542647 1.706799 -3.510980 -3.281967  1035.045613
2.615078 1.706799 -3.510980 -3.281967  1051.070056
2.615078 1.791052 -3.510980 -3.281967  1055.015924
2.615078 1.791052 -3.510980 -3.281967  1055.015924
2.615078 1.791052 -3.510980 -3.375132  1112.218383
2.615078 1.791052 -3.510980 -3.375132  1112.218383
2.615078 1.791052 -3.510980 -3.375132  1112.218383
2.615078 1.791052 -3.517909 -3.375132  1117.504219
2.615078 1.791052 -3.517909 -3.375132  1117.504219
2.638678 1.791052 -3.517909 -3.375132  1123.123071
2.638678 1.828382 -3.517909 -3.375132  1125.125523
2.638678 1.828382 -3.517909 -3.375132  1125.125523
2.638678 1.828382 -3.517909 -3.375132  1125.125523
2.719626 1.828382 -3.517909 -3.375132  1145.987855
2.719626 1.922941 -3.517909 -3.375132  1151.847137
2.719626 1.922941 -3.609378 -3.375132  1225.631365
2.719626 1.922941 -3.609378 -3.452279  1278.027833
2.719626 1.922941 -3.609378 -3.452279  1278.027833
2.719626 1.922941 -3.609378 -3.452279  1278.027833
2.719626 1.922941 -3.642340 -3.452279  1306.514796
2.719626 1.922941 -3.642340 -3.469764  1319.059169
2.719626 1.922941 -3.642340 -3.469764  1319.059169
2.719626 1.935463 -3.642340 -3.469764  1319.926435
2.719626 1.935463 -3.642340 -3.469764  1319.926435
2.719626 1.935463 -3.642340 -3.469764  1319.926435
2.775925 1.935463 -3.642340 -3.469764  1335.976933
2.775925 2.008385 -3.642340 -3.469764  1341.493753
2.775925 2.008385 -3.642340 -3.469764  1341.493753
2.775925 2.008385 -3.642340 -3.564621  1414.102041
2.775925 2.008385 -3.642340 -3.564621  1414.102041
2.775925 2.008385 -3.642340 -3.564621  1414.102041
2.775925 2.008385 -3.693919 -3.564621  1460.795617
2.775925 2.008385 -3.693919 -3.601179  1490.919508
2.775925 2.008385 -3.693919 -3.601179  1490.919508
2.775925 2.008385 -3.693919 -3.601179  1490.919508
2.775925 2.008385 -3.693919 -3.601179  1490.919508
2.775925 2.008385 -3.693919 -3.601179  1490.919508
2.818811 2.008385 -3.693919 -3.601179  1504.051674
2.818811 2.068618 -3.693919 -3.601179  1509.254446
2.818811 2.068618 -3.693919 -3.601179  1509.254446
2.818811 2.068618 -3.693919 -3.601179  1509.254446
2.818811 2.068618 -3.693919 -3.601179  1509.254446
2.818811 2.068618 -3.693919 -3.601179  1509.254446
2.818811 2.068618 -3.758800 -3.601179  1571.814437
2.818811 2.068618 -3.758800 -3.651313  1615.162514
2.818811 2.068618 -3.758800 -3.651313  1615.162514
2.818811 2.068618 -3.758800 -3.651313  1615.162514
2.818811 2.068618 -3.761487 -3.651313  1617.848262
2.818811 2.068618 -3.761487 -3.651313  1617.848262
2.847038 2.068618 -3.761487 -3.651313  1626.938971
2.847038 2.112757 -3.761487 -3.651313  1631.156445
2.847038 2.112757 -3.761487 -3.651313  1631.156445
2.847038 2.112757 -3.761487 -3.651313  1631.156445
2.941248 2.112757 -3.761487 -3.651313  1664.221960
2.941248 2.112757 -3.761487 -3.651313  1664.221960
2.941248 2.112757 -3.835136 -3.651313  1740.884110
2.941248 2.112757 -3.835136 -3.708326  1793.160341
2.941248 2.112757 -3.835136 -3.708326  1793.160341
2.941248 2.112757 -3.835136 -3.708326  1793.160341
2.941248 2.112757 -3.845151 -3.708326  1804.049263
2.941248 2.112757 -3.845151 -3.708326  1804.049263
2.961559 2.112757 -3.845151 -3.708326  1811.755302
2.961559 2.148678 -3.845151 -3.708326  1815.457617
2.961559 2.148678 -3.845151 -3.708326  1815.457617
2.961559 2.148678 -3.845151 -3.708326  1815.457617
3.044353 2.148678 -3.845151 -3.708326  1849.134264
3.044353 2.247697 -3.845151 -3.708326  1860.705768
3.044353 2.247697 -3.929345 -3.708326  1956.850318
3.044353 2.247697 -3.929345 -3.774990  2022.190912
3.044353 2.247697 -3.929345 -3.774990  2022.190912
3.044353 2.247697 -3.929345 -3.774990  2022.190912
3.044353 2.247697 -3.943838 -3.774990  2039.593315
3.044353 2.247697 -3.943838 -3.774990  2039.593315
3.062659 2.247697 -3.943838 -3.774990  2047.550563
3.062659 2.280757 -3.943838 -3.774990  2051.895674
3.062659 2.280757 -3.943838 -3.774990  2051.895674
3.062659 2.280757 -3.943838 -3.774990  2051.895674
3.138344 2.280757 -3.943838 -3.774990  2086.877367
3.138344 2.371998 -3.943838 -3.774990  2100.249992
3.138344 2.371998 -4.036330 -3.774990  2217.502072
3.138344 2.371998 -4.036330 -3.852887  2299.931053
3.138344 2.371998 -4.036330 -3.852887  2299.931053
3.138344 2.371998 -4.036330 -3.852887  2299.931053
3.138344 2.371998 -4.072304 -3.852887  2348.531406
3.138344 2.371998 -4.072304 -3.875838  2374.121853
3.138344 2.371998 -4.072304 -3.875838  2374.121853
3.138344 2.374736 -4.072304 -3.875838  2374.556086
3.138344 2.374736 -4.072304 -3.875838  2374.556086
3.138344 2.374736 -4.072304 -3.875838  2374.556086
3.187191 2.374736 -4.072304 -3.875838  2398.997630
3.187191 2.439054 -4.072304 -3.875838  2409.794224
3.187191 2.439054 -4.072304 -3.875838  2409.794224
3.187191 2.439054 -4.072304 -3.875838  2409.794224
3.187191 2.439054 -4.072304 -3.875838  2409.794224
3.187191 2.439054 -4.072304 -3.875838  2409.794224
3.187191 2.439054 -4.128517 -3.875838  2489.255621
3.187191 2.439054 -4.128517 -3.916235  2535.796942
3.187191 2.439054 -4.128517 -3.916235  2535.796942
3.187191 2.439054 -4.128517 -3.916235  2535.796942
3.187191 2.439054 -4.128517 -3.916235  2535.796942
3.187191 2.439054 -4.128517 -3.916235  2535.796942
3.229246 2.439054 -4.128517 -3.916235  2558.075166
3.229246 2.495744 -4.128517 -3.916235  2568.583908
3.229246 2.495744 -4.128517 -3.916235  2568.583908
3.229246 2.495744 -4.128517 -3.916235  2568.583908
3.229246 2.495744 -4.128517 -3.916235  2568.583908
3.229246 2.495744 -4.128517 -3.916235  2568.583908
3.229246 2.495744 -4.195958 -3.916235  2669.801879
3.229246 2.495744 -4.195958 -3.968643  2733.110952
3.229246 2.495744 -4.195958 -3.968643  2733.110952
3.229246 2.495744 -4.195958 -3.968643  2733.110952
3.229246 2.495744 -4.204732 -3.968643  2746.767144
3.229246 2.495744 -4.204732 -3.968643  2746.767144
3.249304 2.495744 -4.204732 -3.968643  2757.809343
3.249304 2.530713 -4.204732 -3.968643  2764.785552
3.249304 2.530713 -4.204732 -3.968643  2764.785552
3.249304 2.530713 -4.204732 -3.968643  2764.785552
3.330564 2.530713 -4.204732 -3.968643  2812.398908
3.330564 2.629269 -4.204732 -3.968643  2834.248551
3.330564 2.629269 -4.290476 -3.968643  2973.833248
3.330564 2.629269 -4.290476 -4.039504  3064.920006
3.330564 2.629269 -4.290476 -4.039504  3064.920006
3.330564 2.629269 -4.290476 -4.039504  3064.920006
3.330564 2.629269 -4.315434 -4.039504  3107.701437
3.330564 2.629269 -4.315434 -4.048869  3120.226918
3.337773 2.629269 -4.315434 -4.048869  3124.680964
3.337773 2.652534 -4.315434 -4.048869  3130.339406
3.337773 2.652534 -4.315434 -4.048869  3130.339406
3.337773 2.652534 -4.315434 -4.048869  3130.339406
3.407028 2.652534 -4.315434 -4.048869  3175.139007
3.407028 2.735480 -4.315434 -4.048869  3196.994683
3.407028 2.735480 -4.315434 -4.048869  3196.994683
3.407028 2.735480 -4.315434 -4.133331  3315.322123
3.407028 2.735480 -4.315434 -4.133331  3315.322123
3.407028 2.735480 -4.315434 -4.133331  3315.322123
3.407028 2.735480 -4.354203 -4.133331  3383.768845
3.407028 2.735480 -4.354203 -4.157872  3420.010613
3.407028 2.735480 -4.354203 -4.157872  3420.010613
3.407028 2.739252 -4.354203 -4.157872  3421.069637
3.407028 2.739252 -4.354203 -4.157872  3421.069637
3.407028 2.739252 -4.354203 -4.157872  3421.069637
3.456748 2.739252 -4.354203 -4.157872  3455.558054
3.456748 2.803522 -4.354203 -4.157872  3474.520073
3.456748 2.803522 -4.354203 -4.157872  3474.520073
3.456748 2.803522 -4.354203 -4.157872  3474.520073
3.456748 2.803522 -4.354203 -4.157872  3474.520073
3.456748 2.803522 -4.354203 -4.157872  3474.520073
3.456748 2.803522 -4.408479 -4.157872  3574.529434
3.456748 2.803522 -4.408479 -4.197747  3635.271861
3.456748 2.803522 -4.408479 -4.197747  3635.271861
3.456748 2.803522 -4.408479 -4.197747  3635.271861
3.456748 2.803522 -4.408479 -4.197747  3635.271861
3.456748 2.803522 -4.408479 -4.197747  3635.271861
3.493126 2.803522 -4.408479 -4.197747  3661.794882
3.493126 2.855794 -4.408479 -4.197747  3678.553929
3.493126 2.855794 -4.408479 -4.197747  3678.553929
3.493126 2.855794 -4.408479 -4.197747  3678.553929
3.593101 2.855794 -4.408479 -4.197747  3757.362948
3.593101 2.855794 -4.408479 -4.197747  3757.362948
3.593101 2.855794 -4.477937 -4.197747  3892.735937
3.593101 2.855794 -4.477937 -4.254571  3983.375483
3.593101 2.855794 -4.477937 -4.254571  3983.375483
3.593101 2.855794 -4.477937 -4.254571  3983.375483
3.593101 2.855794 -4.493111 -4.254571  4014.089353
3.593101 2.855794 -4.493111 -4.254571  4014.089353
3.610383 2.855794 -4.493111 -4.254571  4028.630662
3.610383 2.890112 -4.493111 -4.254571  4040.321200
3.610383 2.890112 -4.493111 -4.254571  4040.321200
3.610383 2.890112 -4.493111 -4.254571  4040.321200
3.690914 2.890112 -4.493111 -4.254571  4111.856163
3.690914 2.985983 -4.493111 -4.254571  4147.593473
3.690914 2.985983 -4.582377 -4.254571  4336.870434
3.690914 2.985983 -4.582377 -4.327701  4460.870452
3.690914 2.985983 -4.582377 -4.327701  4460.870452
3.690914 2.985983 -4.582377 -4.327701  4460.870452
3.690914 2.985983 -4.609708 -4.327701  4521.847385
3.690914 2.985983 -4.609708 -4.339119  4541.979455
3.694378 2.985983 -4.609708 -4.339119  4545.200166
3.694378 3.004840 -4.609708 -4.339119  4552.790912
3.694378 3.004840 -4.609708 -4.339119  4552.790912
3.694378 3.004840 -4.609708 -4.339119  4552.790912
3.758707 3.004840 -4.609708 -4.339119  4614.829603
3.758707 3.083425 -4.609708 -4.339119  4648.582324
3.758707 3.083425 -4.609708 -4.339119  4648.582324
3.758707 3.083425 -4.609708 -4.429542  4815.672992
3.758707 3.083425 -4.609708 -4.429542  4815.672992
3.758707 3.083425 -4.609708 -4.429542  4815.672992
3.758707 3.083425 -4.652599 -4.429542  4914.327219
3.758707 3.083425 -4.652599 -4.455059  4964.013497
3.758707 3.083425 -4.652599 -4.455059  4964.013497
3.758707 3.089170 -4.652599 -4.455059  4966.619617
3.758707 3.089170 -4.652599 -4.455059  4966.619617
3.758707 3.089170 -4.652599 -4.455059  4966.619617
3.810502 3.089170 -4.652599 -4.455059  5019.754709
3.810502 3.157262 -4.652599 -4.455059  5052.157488
3.810502 3.157262 -4.652599 -4.455059  5052.157488
3.810502 3.157262 -4.652599 -4.455059  5052.157488
3.810502 3.157262 -4.652599 -4.455059  5052.157488
3.810502 3.157262 -4.652599 -4.455059  5052.157488
3.810502 3.157262 -4.703268 -4.455059  5173.484815
3.810502 3.157262 -4.703268 -4.489071  5241.506220
3.810502 3.157262 -4.703268 -4.489071  5241.506220
3.810502 3.157262 -4.703268 -4.489071  5241.506220
3.810502 3.157262 -4.703268 -4.489071  5241.506220
3.810502 3.157262 -4.703268 -4.489071  5241.506220
3.859196 3.157262 -4.703268 -4.489071  5294.165371
3.859196 3.222686 -4.703268 -4.489071  5328.045512
3.859196 3.222686 -4.703268 -4.489071  5328.045512
3.859196 3.222686 -4.703268 -4.588879  5539.917423
3.859196 3.222686 -4.703268 -4.588879  5539.917423
3.859196 3.222686 -4.703268 -4.588879  5539.917423
3.859196 3.222686 -4.749350 -4.588879  5654.894267
3.859196 3.222686 -4.749350 -4.617690  5719.579374
3.859196 3.222686 -4.749350 -4.617690  5719.579374
3.859196 3.228005 -4.749350 -4.617690  5722.457193
3.859196 3.228005 -4.749350 -4.617690  5722.457193
3.859196 3.228005 -4.749350 -4.617690  5722.457193
3.918216 3.228005 -4.749350 -4.617690  5789.947092
3.918216 3.305758 -4.749350 -4.617690  5834.241002
3.918216 3.305758 -4.749350 -4.617690  5834.241002
3.918216 3.305758 -4.749350 -4.702996  6035.472590
3.918216 3.305758 -4.749350 -4.702996  6035.472590
3.918216 3.305758 -4.749350 -4.702996  6035.472590
3.918216 3.305758 -4.783338 -4.702996  6123.180796
3.918216 3.305758 -4.783338 -4.720135  6165.410048
3.918216 3.305758 -4.783338 -4.720135  6165.410048
3.918216 3.323327 -4.783338 -4.720135  6176.013147
3.918216 3.323327 -4.783338 -4.720135  6176.013147
3.918216 3.323327 -4.783338 -4.720135  6176.013147
3.987173 3.323327 -4.783338 -4.720135  6260.189657
3.987173 3.406751 -4.783338 -4.720135  6313.689689
3.987173 3.406751 -4.783338 -4.720135  6313.689689
3.987173 3.406751 -4.783338 -4.806204  6535.239717
3.987173 3.406751 -4.783338 -4.806204  6535.239717
3.987173 3.406751 -4.783338 -4.806204  6535.239717
3.987173 3.406751 -4.821077 -4.806204  6635.595974
3.987173 3.406751 -4.821077 -4.827762  6693.629518
4.012292 3.406751 -4.821077 -4.827762  6725.773451
4.012292 3.443505 -4.821077 -4.827762  6751.066388
4.012292 3.443505 -4.821077 -4.827762  6751.066388
4.012292 3.443505 -4.821077 -4.827762  6751.066388
4.084074 3.443505 -4.821077 -4.827762  6847.471072
4.084074 3.528008 -4.821077 -4.827762  6909.867670
4.084074 3.528008 -4.821077 -4.827762  6909.867670
4.084074 3.528008 -4.821077 -4.919352  7168.259515
4.159105 3.528008 -4.821077 -4.919352  7276.536851
4.159105 3.616638 -4.821077 -4.919352  7348.728039
4.159105 3.616638 -4.920162 -4.919352  7627.599264
4.159105 3.616638 -4.920162 -5.005445  7888.676918
4.159105 3.616638 -4.920162 -5.005445  7888.676918
4.159105 3.616638 -4.920162 -5.005445  7888.676918
4.159105 3.616638 -4.970396 -5.005445  8038.906236
4.159105 3.616638 -4.970396 -5.043921  8161.538591
4.159105 3.616638 -4.970396 -5.043921  8161.538591
4.159105 3.616638 -4.970396 -5.043921  8161.538591
4.159105 3.616638 -4.974118 -5.043921  8172.913922
4.159105 3.616638 -4.974118 -5.043921  8172.913922
4.179047 3.616638 -4.974118 -5.043921  8203.036912
4.179047 3.647361 -4.974118 -5.043921  8229.769304
4.179047 3.647361 -4.974118 -5.043921  8229.769304
4.179047 3.647361 -4.974118 -5.043921  8229.769304
4.243167 3.647361 -4.974118 -5.043921  8330.601493
4.243167 3.723307 -4.974118 -5.043921  8400.661921
4.243167 3.723307 -4.974118 -5.043921  8400.661921
4.243167 3.723307 -4.974118 -5.051670  8425.819270
4.249936 3.723307 -4.974118 -5.051670  8436.826754
4.249936 3.742774 -4.974118 -5.051670  8455.729759
4.249936 3.742774 -4.974118 -5.051670  8455.729759
4.249936 3.742774 -4.974118 -5.051670  8455.729759
4.303459 3.742774 -4.974118 -5.051670  8545.261665
4.303459 3.807254 -4.974118 -5.051670  8610.745082
4.303459 3.807254 -4.974118 -5.051670  8610.745082
4.303459 3.807254 -4.974118 -5.051670  8610.745082
4.401560 3.807254 -4.974118 -5.051670  8786.824943
4.401560 3.807254 -4.974118 -5.051670  8786.824943
4.401560 3.807254 -5.055707 -5.051670  9044.879092
4.401560 3.807254 -5.055707 -5.120713  9275.926265
4.401560 3.807254 -5.055707 -5.120713  9275.926265
4.401560 3.807254 -5.055707 -5.120713  9275.926265
4.401560 3.807254 -5.089459 -5.120713  9387.664083
4.401560 3.807254 -5.089459 -5.141413  9459.404381
4.401560 3.807254 -5.089459 -5.141413  9459.404381
4.401560 3.808891 -5.089459 -5.141413  9461.125554
4.401560 3.808891 -5.089459 -5.141413  9461.125554
4.401560 3.808891 -5.089459 -5.141413  9461.125554
4.439876 3.808891 -5.089459 -5.141413  9534.296320
4.439876 3.858358 -5.089459 -5.141413  9587.723227
4.439876 3.858358 -5.089459 -5.141413  9587.723227
4.439876 3.858358 -5.089459 -5.141413  9587.723227
4.524063 3.858358 -5.089459 -5.141413  9757.614853
4.524063 3.927993 -5.089459 -5.141413  9837.613901
4.524063 3.927993 -5.089459 -5.141413  9837.613901
4.524063 3.927993 -5.089459 -5.141413  9837.613901
4.524063 3.927993 -5.089459 -5.141413  9837.613901
4.524063 3.927993 -5.089459 -5.141413  9837.613901
4.524063 3.927993 -5.158082 -5.141413  10074.115463
4.524063 3.927993 -5.158082 -5.196119  10269.357651
4.524063 3.927993 -5.158082 -5.196119  10269.357651
4.524063 3.927993 -5.158082 -5.196119  10269.357651
4.524063 3.927993 -5.181980 -5.196119  10354.727975
4.524063 3.927993 -5.181980 -5.208083  10398.537800
4.524280 3.927993 -5.181980 -5.208083  10398.991742
4.524280 3.939589 -5.181980 -5.208083  10412.876379
4.524280 3.939589 -5.181980 -5.208083  10412.876379
4.524280 3.939589 -5.181980 -5.208083  10412.876379
4.570885 3.939589 -5.181980 -5.208083  10512.542929
4.570885 3.997929 -5.181980 -5.208083  10584.920250
4.570885 3.997929 -5.181980 -5.208083  10584.920250
4.570885 3.997929 -5.181980 -5.208083  10584.920250
4.665502 3.997929 -5.181980 -5.208083  10800.157800
4.665502 3.997929 -5.181980 -5.208083  10800.157800
4.665502 3.997929 -5.262987 -5.208083  11101.495888
4.665502 3.997929 -5.262987 -5.277056  11362.030673
4.665502 3.997929 -5.262987 -5.277056  11362.030673
4.665502 3.997929 -5.262987 -5.277056  11362.030673
4.665502 3.997929 -5.296809 -5.277056  11493.456376
4.665502 3.997929 -5.296809 -5.298901  11578.859731
4.665502 3.997929 -5.296809 -5.298901  11578.859731
4.665502 3.999317 -5.296809 -5.298901  11580.633000
4.665502 3.999317 -5.296809 -5.298901  11580.633000
4.665502 3.999317 -5.296809 -5.298901  11580.633000
4.703986 3.999317 -5.296809 -5.298901  11673.318426
4.703986 4.050224 -5.296809 -5.298901  11740.114955
4.703986 4.050224 -5.296809 -5.298901  11740.114955
4.703986 4.050224 -5.296809 -5.298901  11740.114955
4.769882 4.050224 -5.296809 -5.298901  11906.017975
4.769882 4.128822 -5.296809 -5.298901  12015.956089
4.769882 4.128822 -5.296809 -5.298901  12015.956089
4.769882 4.128822 -5.296809 -5.398299  12422.758507
4.769882 4.128822 -5.296809 -5.398299  12422.758507
4.769882 4.128822 -5.296809 -5.398299  12422.758507
4.769882 4.128822 -5.361159 -5.398299  12682.253114
4.769882 4.128822 -5.361159 -5.449031  12901.757878
4.769882 4.128822 -5.361159 -5.449031  12901.757878
4.769882 4.128822 -5.361159 -5.449031  12901.757878
4.769882 4.128822 -5.377684 -5.449031  12970.435500
4.769882 4.128822 -5.377684 -5.452791  12987.032132
4.777789 4.128822 -5.377684 -5.452791  13007.566866
4.777789 4.148209 -5.377684 -5.452791  13036.003115
4.777789 4.148209 -5.377684 -5.452791  13036.003115
4.777789 4.148209 -5.377684 -5.452791  13036.003115
4.833348 4.148209 -5.377684 -5.452791  13184.164491
4.833348 4.148209 -5.377684 -5.452791  13184.164491
4.833348 4.148209 -5.459751 -5.452791  13537.980887
4.833348 4.148209 -5.459751 -5.520411  13844.383773
4.833348 4.148209 -5.459751 -5.520411  13844.383773
4.833348 4.148209 -5.459751 -5.520411  13844.383773
4.833348 4.148209 -5.484784 -5.520411  13956.622593
4.833348 4.148209 -5.484784 -5.530254  14002.491978
4.839916 4.148209 -5.484784 -5.530254  14020.461861
4.839916 4.167997 -5.484784 -5.530254  14050.038860
4.839916 4.167997 -5.484784 -5.530254  14050.038860
4.839916 4.167997 -5.484784 -5.530254  14050.038860
4.907091 4.167997 -5.484784 -5.530254  14239.527697
4.907091 4.250565 -5.484784 -5.530254  14369.154859
4.907091 4.250565 -5.484784 -5.530254  14369.154859
4.907091 4.250565 -5.484784 -5.619088  14798.181569
4.907091 4.250565 -5.484784 -5.619088  14798.181569
4.907091 4.250565 -5.484784 -5.619088  14798.181569
4.907091 4.250565 -5.527155 -5.619088  14992.890922
4.907091 4.250565 -5.527155 -5.645938  15128.012367
4.907091 4.250565 -5.527155 -5.645938  15128.012367
4.907091 4.253177 -5.527155 -5.645938  15132.280474
4.907091 4.253177 -5.527155 -5.645938  15132.280474
4.907091 4.253177 -5.527155 -5.645938  15132.280474
4.950920 4.253177 -5.527155 -5.645938  15261.635121
4.950920 4.313735 -5.527155 -5.645938  15363.579653
4.950920 4.313735 -5.527155 -5.645938  15363.579653
4.950920 4.313735 -5.527155 -5.645938  15363.579653
4.950920 4.313735 -5.527155 -5.645938  15363.579653
4.950920 4.313735 -5.527155 -5.645938  15363.579653
4.950920 4.313735 -5.587641 -5.645938  15652.074385
4.950920 4.313735 -5.587641 -5.690446  15881.794249
4.950920 4.313735 -5.587641 -5.690446  15881.794249
4.950920 4.313735 -5.587641 -5.690446  15881.794249
4.950920 4.313735 -5.587641 -5.690446  15881.794249
4.950920 4.313735 -5.587641 -5.690446  15881.794249
4.988739 4.313735 -5.587641 -5.690446  15997.155942
4.988739 4.367103 -5.587641 -5.690446  16091.870358
4.988739 4.367103 -5.587641 -5.690446  16091.870358
4.988739 4.367103 -5.587641 -5.690446  16091.870358
4.988739 4.367103 -5.587641 -5.690446  16091.870358
4.988739 4.367103 -5.587641 -5.690446  16091.870358
4.988739 4.367103 -5.653160 -5.690446  16418.785082
4.988739 4.367103 -5.653160 -5.740657  16686.710109
4.988739 4.367103 -5.653160 -5.740657  16686.710109
4.988739 4.367103 -5.653160 -5.740657  16686.710109
4.988739 4.367103 -5.654790 -5.740657  16695.041780
4.988739 4.367103 -5.654790 -5.740657  16695.041780
5.019738 4.367103 -5.654790 -5.740657  16792.244722
5.019738 4.414597 -5.654790 -5.740657  16880.517815
5.019738 4.414597 -5.654790 -5.740657  16880.517815
5.019738 4.414597 -5.654790 -5.740657  16880.517815
5.111789 4.414597 -5.654790 -5.740657  17183.662538
5.111789 4.414597 -5.654790 -5.740657  17183.662538
5.111789 4.414597 -5.733246 -5.740657  17596.057329
5.111789 4.414597 -5.733246 -5.803544  17945.115717
5.111789 4.414597 -5.733246 -5.803544  17945.115717
5.111789 4.414597 -5.733246 -5.803544  17945.115717
5.111789 4.414597 -5.749417 -5.803544  18032.967574
5.111789 4.414597 -5.749417 -5.805621  18044.756766
5.123114 4.414597 -5.749417 -5.805621  18083.591519
5.123114 4.438498 -5.749417 -5.805621  18129.473325
5.123114 4.438498 -5.749417 -5.805621  18129.473325
5.123114 4.438498 -5.749417 -5.805621  18129.473325
5.139837 4.438498 -5.749417 -5.805621  18187.451254
5.139837 4.464757 -5.749417 -5.805621  18239.013238
5.139837 4.464757 -5.749417 -5.805621  18239.013238
5.139837 4.464757 -5.749417 -5.805621  18239.013238
5.214078 4.464757 -5.749417 -5.805621  18505.672012
5.214078 4.554337 -5.749417 -5.805621  18690.940207
5.214078 4.554337 -5.844995 -5.805621  19230.773690
5.214078 4.554337 -5.844995 -5.886601  19703.768915
5.214078 4.554337 -5.844995 -5.886601  19703.768915
5.214078 4.554337 -5.844995 -5.886601  19703.768915
5.214078 4.554337 -5.880112 -5.886601  19911.186693
5.214078 4.554337 -5.880112 -5.905759  20026.957741
5.214078 4.554337 -5.880112 -5.905759  20026.957741
5.214078 4.564794 -5.880112 -5.905759  20049.556325
5.214078 4.564794 -5.880112 -5.905759  20049.556325
5.214078 4.564794 -5.880112 -5.905759  20049.556325
5.270645 4.564794 -5.880112 -5.905759  20263.188570
5.270645 4.636761 -5.880112 -5.905759  20424.430048
5.270645 4.636761 -5.880112 -5.905759  20424.430048
5.270645 4.636761 -5.880112 -6.003830  21041.078996
5.270645 4.636761 -5.880112 -6.003830  21041.078996
5.270645 4.636761 -5.880112 -6.003830  21041.078996
5.270645 4.636761 -5.930953 -6.003830  21350.275126
5.270645 4.636761 -5.930953 -6.038470  21577.928873
5.270645 4.636761 -5.930953 -6.038470  21577.928873
5.270645 4.636761 -5.930953 -6.038470  21577.928873
5.270645 4.636761 -5.930953 -6.038470  21577.928873
5.270645 4.636761 -5.930953 -6.038470  21577.928873
5.315399 4.636761 -5.930953 -6.038470  21753.571136
5.315399 4.696848 -5.930953 -6.038470  21896.087750
5.315399 4.696848 -5.930953 -6.038470  21896.087750
5.315399 4.696848 -5.930953 -6.038470  21896.087750
5.315399 4.696848 -5.930953 -6.038470  21896.087750
5.315399 4.696848 -5.930953 -6.038470  21896.087750
5.315399 4.696848 -5.993973 -6.038470  22294.358197
5.315399 4.696848 -5.993973 -6.085243  22610.148975
5.315399 4.696848 -5.993973 -6.085243  22610.148975
5.315399 4.696848 -5.993973 -6.085243  22610.148975
5.315399 4.696848 -5.993973 -6.085243  22610.148975
5.315399 4.696848 -5.993973 -6.085243  22610.148975
5.349544 4.696848 -5.993973 -6.085243  22748.196010
5.349544 4.747814 -5.993973 -6.085243  22874.932360
5.349544 4.747814 -5.993973 -6.085243  22874.932360
5.349544 4.747814 -5.993973 -6.085243  22874.932360
5.449353 4.747814 -5.993973 -6.085243  23299.171421
5.449353 4.747814 -5.993973 -6.085243  23299.171421
5.449353 4.747814 -6.059763 -6.085243  23733.201607
5.449353 4.747814 -6.059763 -6.133605  24070.091347
5.449353 4.747814 -6.059763 -6.133605  24070.091347
5.449353 4.747814 -6.059763 -6.133605  24070.091347
5.449353 4.747814 -6.059763 -6.133605  24070.091347
5.449353 4.747814 -6.059763 -6.133605  24070.091347
5.482338 4.747814 -6.059763 -6.133605  24217.298635
5.482338 4.795456 -6.059763 -6.133605  24340.795615
5.482338 4.795456 -6.059763 -6.133605  24340.795615
5.482338 4.795456 -6.059763 -6.133605  24340.795615
5.579841 4.795456 -6.059763 -6.133605  24797.145342
5.579841 4.795456 -6.059763 -6.133605  24797.145342
5.579841 4.795456 -6.129580 -6.133605  25278.830141
5.579841 4.795456 -6.129580 -6.188831  25676.750579
5.579841 4.795456 -6.129580 -6.188831  25676.750579
5.579841 4.795456 -6.129580 -6.188831  25676.750579
5.579841 4.795456 -6.138755 -6.188831  25741.707118
5.579841 4.795456 -6.138755 -6.188831  25741.707118
5.600256 4.795456 -6.138755 -6.188831  25841.378981
5.600256 4.829736 -6.138755 -6.188831  25933.325419
5.600256 4.829736 -6.138755 -6.188831  25933.325419
5.600256 4.829736 -6.138755 -6.188831  25933.325419
5.681625 4.829736 -6.138755 -6.188831  26345.310987
5.681625 4.927012 -6.138755 -6.188831  26620.835796
5.681625 4.927012 -6.224600 -6.188831  27247.665360
5.681625 4.927012 -6.224600 -6.258650  27771.480333
5.681625 4.927012 -6.224600 -6.258650  27771.480333
5.681625 4.927012 -6.224600 -6.258650  27771.480333
5.681625 4.927012 -6.245986 -6.258650  27933.116703
5.681625 4.927012 -6.245986 -6.264797  27980.367177
5.691400 4.927012 -6.245986 -6.264797  28031.473152
5.691400 4.972163 -6.245986 -6.264797  28166.972178
5.691400 4.972163 -6.245986 -6.264797  28166.972178
5.691400 4.972163 -6.245986 -6.264797  28166.972178
5.784972 4.972163 -6.245986 -6.264797  28674.278880
5.784972 4.972163 -6.245986 -6.264797  28674.278880
5.784972 4.972163 -6.321698 -6.264797  29264.566649
5.784972 4.972163 -6.321698 -6.327047  29753.633466
5.784972 4.972163 -6.321698 -6.327047  29753.633466
5.784972 4.972163 -6.321698 -6.327047  29753.633466
5.784972 4.972163 -6.339622 -6.327047  29897.585346
5.784972 4.972163 -6.339622 -6.328806  29911.683073
5.798841 4.972163 -6.339622 -6.328806  29989.721784
5.798841 5.001372 -6.339622 -6.328806  30080.038776
5.798841 5.001372 -6.339622 -6.328806  30080.038776
5.798841 5.001372 -6.339622 -6.328806  30080.038776
5.867338 5.001372 -6.339622 -6.328806  30476.561397
5.867338 5.082802 -6.339622 -6.328806  30739.739757
5.867338 5.082802 -6.339622 -6.328806  30739.739757
5.867338 5.082802 -6.339622 -6.422097  31510.467672
5.867338 5.082802 -6.339622 -6.422097  31510.467672
5.867338 5.082802 -6.339622 -6.422097  31510.467672
5.867338 5.082802 -6.405208 -6.422097  32051.246573
5.867338 5.082802 -6.405208 -6.478642  32540.707767
5.867338 5.082802 -6.405208 -6.478642  32540.707767
5.867338 5.082802 -6.405208 -6.478642  32540.707767
5.867338 5.082802 -6.434276 -6.478642  32787.573534
5.867338 5.082802 -6.434276 -6.498528  32963.820995
5.867338 5.082802 -6.434276 -6.498528  32963.820995
5.867338 5.082802 -6.434276 -6.498528  32963.820995
5.867338 5.082802 -6.434276 -6.498528  32963.820995
5.867338 5.082802 -6.434276 -6.498528  32963.820995
5.892507 5.082802 -6.434276 -6.498528  33114.246290
5.892507 5.117543 -6.434276 -6.498528  33231.782843
5.892507 5.117543 -6.434276 -6.498528  33231.782843
5.892507 5.117543 -6.434276 -6.498528  33231.782843
5.954237 5.117543 -6.434276 -6.498528  33611.769542
5.954237 5.188431 -6.434276 -6.498528  33861.697672
5.954237 5.188431 -6.434276 -6.498528  33861.697672
5.954237 5.188431 -6.434276 -6.498528  33861.697672
6.052335 5.188431 -6.434276 -6.498528  34498.851131
6.052335 5.188431 -6.434276 -6.498528  34498.851131
6.052335 5.188431 -6.517905 -6.498528  35234.406225
6.052335 5.188431 -6.517905 -6.572953  35913.449963
6.052335 5.188431 -6.517905 -6.572953  35913.449963
6.052335 5.188431 -6.517905 -6.572953  35913.449963
6.052335 5.188431 -6.563987 -6.572953  36335.212096
6.052335 5.188431 -6.563987 -6.609330  36678.486172
6.052335 5.188431 -6.563987 -6.609330  36678.486172
6.052335 5.188431 -6.563987 -6.609330  36678.486172
6.052335 5.188431 -6.572526 -6.609330  36757.958513
6.052335 5.188431 -6.572526 -6.609330  36757.958513
6.062369 5.188431 -6.572526 -6.609330  36825.499398
6.062369 5.207502 -6.572526 -6.609330  36895.113255
6.062369 5.207502 -6.572526 -6.609330  36895.113255
6.062369 5.207502 -6.572526 -6.609330  36895.113255
6.108207 5.207502 -6.572526 -6.609330  37209.403699
6.108207 5.262791 -6.572526 -6.609330  37417.061505
6.108207 5.262791 -6.572526 -6.609330  37417.061505
6.108207 5.262791 -6.572526 -6.609330  37417.061505
6.190929 5.262791 -6.572526 -6.609330  38008.634821
6.190929 5.354592 -6.572526 -6.609330  38373.246246
6.190929 5.354592 -6.671400 -6.609330  39323.950715
6.190929 5.354592 -6.671400 -6.698740  40200.416617
6.190929 5.354592 -6.671400 -6.698740  40200.416617
6.190929 5.354592 -6.671400 -6.698740  40200.416617
6.190929 5.354592 -6.733054 -6.698740  40822.472560
6.190929 5.354592 -6.733054 -6.751059  41357.513560
6.190929 5.354592 -6.733054 -6.751059  41357.513560
6.190929 5.354592 -6.733054 -6.751059  41357.513560
6.190929 5.354592 -6.757186 -6.751059  41607.271761
6.190929 5.354592 -6.757186 -6.766159  41764.807640
6.190929 5.354592 -6.757186 -6.766159  41764.807640
6.190929 5.358660 -6.757186 -6.766159  41781.554895
6.190929 5.358660 -6.757186 -6.766159  41781.554895
6.190929 5.358660 -6.757186 -6.766159  41781.554895
6.223304 5.358660 -6.757186 -6.766159  42021.847724
6.223304 5.400577 -6.757186 -6.766159  42197.387279
6.223304 5.400577 -6.757186 -6.766159  42197.387279
6.223304 5.400577 -6.757186 -6.766159  42197.387279
6.223304 5.400577 -6.757186 -6.766159  42197.387279
6.223304 5.413493 -6.757186 -6.766159  42252.588984
6.223304 5.413493 -6.757186 -6.766159  42252.588984
6.223304 5.413493 -6.757186 -6.766159  42252.588984
6.263656 5.413493 -6.757186 -6.766159  42559.178655
6.263656 5.463075 -6.757186 -6.766159  42776.026459
6.263656 5.463075 -6.757186 -6.766159  42776.026459
6.263656 5.463075 -6.757186 -6.766159  42776.026459
6.341100 5.463075 -6.757186 -6.766159  43386.974965
6.341100 5.550373 -6.757186 -6.766159  43788.399155
6.341100 5.550373 -6.757186 -6.766159  43788.399155
6.341100 5.550373 -6.757186 -6.860444  44804.374293
6.341100 5.550373 -6.757186 -6.860444  44804.374293
6.341100 5.550373 -6.757186 -6.860444  44804.374293
6.341100 5.550373 -6.823146 -6.860444  45505.489379
6.341100 5.550373 -6.823146 -6.917090  46143.342437
6.341100 5.550373 -6.823146 -6.917090  46143.342437
6.341100 5.550373 -6.823146 -6.917090  46143.342437
6.341100 5.550373 -6.851022 -6.917090  46447.916942
6.341100 5.550373 -6.851022 -6.935671  46661.754613
6.341100 5.550373 -6.851022 -6.935671  46661.754613
6.341100 5.550373 -6.851022 -6.935671  46661.754613
6.341100 5.550373 -6.851022 -6.935671  46661.754613
6.341100 5.550373 -6.851022 -6.935671  46661.754613
6.367839 5.550373 -6.851022 -6.935671  46879.745662
6.367839 5.586491 -6.851022 -6.935671  47053.380907
6.367839 5.586491 -6.851022 -6.935671  47053.380907
6.367839 5.586491 -6.851022 -6.935671  47053.380907
6.432188 5.586491 -6.851022 -6.935671  47593.215919
6.432188 5.660154 -6.851022 -6.935671  47961.538531
6.432188 5.660154 -6.851022 -6.935671  47961.538531
6.432188 5.660154 -6.851022 -6.935671  47961.538531
6.432188 5.660154 -6.851022 -6.935671  47961.538531
6.432188 5.660154 -6.851022 -6.935671  47961.538531
6.432188 5.660154 -6.933015 -6.935671  48886.582605
6.432188 5.660154 -6.933015 -7.008482  49746.861135
6.432188 5.660154 -6.933015 -7.008482  49746.861135
6.432188 5.660154 -6.933015 -7.008482  49746.861135
6.432188 5.660154 -6.978862 -7.008482  50283.544938
6.432188 5.660154 -6.978862 -7.045226  50731.469818
6.432188 5.660154 -6.978862 -7.045226  50731.469818
6.432188 5.660154 -6.978862 -7.045226  50731.469818
6.432188 5.660154 -6.988317 -7.045226  50843.915695
6.432188 5.660154 -6.988317 -7.045687  50849.593567
6.440878 5.660154 -6.988317 -7.045687  50924.167046
6.440878 5.677966 -6.988317 -7.045687  51016.155300
6.440878 5.677966 -6.988317 -7.045687  51016.155300
6.440878 5.677966 -6.988317 -7.045687  51016.155300
6.486358 5.677966 -6.988317 -7.045687  51413.075418
6.486358 5.732647 -6.988317 -7.045687  51702.769178
6.486358 5.732647 -6.988317 -7.045687  51702.769178
6.486358 5.732647 -6.988317 -7.045687  51702.769178
6.568381 5.732647 -6.988317 -7.045687  52447.315250
6.568381 5.824412 -6.988317 -7.045687  52958.963499
6.568381 5.824412 -7.087474 -7.045687  54175.443242
6.568381 5.824412 -7.087474 -7.135427  55309.697972
6.568381 5.824412 -7.087474 -7.135427  55309.697972
6.568381 5.824412 -7.087474 -7.135427  55309.697972
6.568381 5.824412 -7.149329 -7.135427  56103.838275
6.568381 5.824412 -7.149329 -7.188204  56798.096966
6.568381 5.824412 -7.149329 -7.188204  56798.096966
6.568381 5.824412 -7.149329 -7.188204  56798.096966
6.568381 5.824412 -7.174473 -7.188204  57128.861787
6.568381 5.824412 -7.174473 -7.203963  57340.148552
6.568381 5.824412 -7.174473 -7.203963  57340.148552
6.568381 5.827709 -7.174473 -7.203963  57359.141874
6.568381 5.827709 -7.174473 -7.203963  57359.141874
6.568381 5.827709 -7.174473 -7.203963  57359.141874
6.599311 5.827709 -7.174473 -7.203963  57649.731081
6.599311 5.867903 -7.174473 -7.203963  57884.754091
6.599311 5.867903 -7.174473 -7.203963  57884.754091
6.599311 5.867903 -7.174473 -7.203963  57884.754091
6.667620 5.867903 -7.174473 -7.203963  58546.108196
6.667620 5.945798 -7.174473 -7.203963  59020.285488
6.667620 5.945798 -7.174473 -7.203963  59020.285488
6.667620 5.945798 -7.174473 -7.203963  59020.285488
6.667620 5.945798 -7.174473 -7.203963  59020.285488
6.667620 5.945798 -7.174473 -7.203963  59020.285488
6.667620 5.945798 -7.248675 -7.203963  60023.804670
6.667620 5.945798 -7.248675 -7.203963  60023.804670
6.716346 5.945798 -7.248675 -7.203963  60512.411624
6.716346 6.003649 -7.248675 -7.203963  60881.028212
6.716346 6.003649 -7.248675 -7.203963  60881.028212
6.716346 6.003649 -7.248675 -7.203963  60881.028212
6.801014 6.003649 -7.248675 -7.203963  61764.451322
6.801014 6.097480 -7.248675 -7.203963  62393.306729
6.801014 6.097480 -7.344811 -7.203963  63756.035579
6.801014 6.097480 -7.344811 -7.290898  64955.350278
6.801014 6.097480 -7.344811 -7.290898  64955.350278
6.801014 6.097480 -7.344811 -7.290898  64955.350278
6.801014 6.097480 -7.403897 -7.290898  65829.052416
6.801014 6.097480 -7.403897 -7.340611  66541.063084
6.801014 6.097480 -7.403897 -7.340611  66541.063084
6.801014 6.097480 -7.403897 -7.340611  66541.063084
6.801014 6.097480 -7.426114 -7.340611  66876.886686
6.801014 6.097480 -7.426114 -7.353490  67064.517471
6.801014 6.097480 -7.426114 -7.353490  67064.517471
6.801014 6.103497 -7.426114 -7.353490  67106.186092
6.801014 6.103497 -7.426114 -7.353490  67106.186092
6.801014 6.103497 -7.426114 -7.353490  67106.186092
6.834930 6.103497 -7.426114 -7.353490  67472.629235
6.834930 6.146864 -7.426114 -7.353490  67777.855280
6.834930 6.146864 -7.426114 -7.353490  67777.855280
6.834930 6.146864 -7.426114 -7.353490  67777.855280
6.907809 6.146864 -7.426114 -7.353490  68590.258387
6.907809 6.228966 -7.426114 -7.353490  69192.178013
6.907809 6.228966 -7.426114 -7.353490  69192.178013
6.907809 6.228966 -7.426114 -7.453225  70690.380850
6.907809 6.228966 -7.426114 -7.453225  70690.380850
6.907809 6.228966 -7.426114 -7.453225  70690.380850
6.907809 6.228966 -7.498372 -7.453225  71810.729738
6.907809 6.228966 -7.498372 -7.515587  72789.174043
6.907809 6.228966 -7.498372 -7.515587  72789.174043
6.907809 6.228966 -7.498372 -7.515587  72789.174043
6.907809 6.228966 -7.533689 -7.515587  73352.705589
6.907809 6.228966 -7.533689 -7.541898  73775.371584
6.907809 6.228966 -7.533689 -7.541898  73775.371584
6.907809 6.228966 -7.533689 -7.541898  73775.371584
6.907809 6.228966 -7.533689 -7.541898  73775.371584
6.907809 6.228966 -7.533689 -7.541898  73775.371584
6.926356 6.228966 -7.533689 -7.541898  73987.662542
6.926356 6.256742 -7.533689 -7.541898  74198.608201
6.926356 6.256742 -7.533689 -7.541898  74198.608201
6.926356 6.256742 -7.533689 -7.541898  74198.608201
6.991686 6.256742 -7.533689 -7.541898  74964.720146
6.991686 6.334954 -7.533689 -7.541898  75579.179319
6.991686 6.334954 -7.533689 -7.541898  75579.179319
6.991686 6.334954 -7.533689 -7.637683  77168.548933
6.991686 6.334954 -7.533689 -7.637683  77168.548933
6.991686 6.334954 -7.533689 -7.637683  77168.548933
6.991686 6.334954 -7.583456 -7.637683  77980.776802
6.991686 6.334954 -7.583456 -7.678240  78678.191794
6.991686 6.334954 -7.583456 -7.678240  78678.191794
6.991686 6.334954 -7.583456 -7.678240  78678.191794
6.991686 6.334954 -7.596530 -7.678240  78895.127660
6.991686 6.334954 -7.596530 -7.681885  78958.522529
6.997643 6.334954 -7.596530 -7.681885  79029.818455
6.997643 6.350243 -7.596530 -7.681885  79153.533880
6.997643 6.350243 -7.596530 -7.681885  79153.533880
6.997643 6.350243 -7.596530 -7.681885  79153.533880
7.041213 6.350243 -7.596530 -7.681885  79682.439372
7.041213 6.402930 -7.596530 -7.681885  80117.989985
7.041213 6.402930 -7.596530 -7.681885  80117.989985
7.041213 6.402930 -7.596530 -7.681885  80117.989985
7.122695 6.402930 -7.596530 -7.681885  81142.862830
7.122695 6.493893 -7.596530 -7.681885  81929.352854
7.122695 6.493893 -7.596530 -7.681885  81929.352854
7.122695 6.493893 -7.596530 -7.772450  83543.881375
7.122695 6.493893 -7.596530 -7.772450  83543.881375
7.122695 6.493893 -7.596530 -7.772450  83543.881375
7.122695 6.493893 -7.658126 -7.772450  84586.258344
7.122695 6.493893 -7.658126 -7.824595  85550.617858
7.122695 6.493893 -7.658126 -7.824595  85550.617858
7.122695 6.493893 -7.658126 -7.824595  85550.617858
7.122695 6.493893 -7.682787 -7.824595  85977.470579
7.122695 6.493893 -7.682787 -7.840144  86270.043279
7.122695 6.493893 -7.682787 -7.840144  86270.043279
7.122695 6.496756 -7.682787 -7.840144  86295.515823
7.122695 6.496756 -7.758629 -7.840144  87643.010365
7.122695 6.496756 -7.758629 -7.906086  88909.901132
7.122695 6.496756 -7.758629 -7.906086  88909.901132
7.122695 6.496756 -7.758629 -7.906086  88909.901132
7.122695 6.496756 -7.797173 -7.906086  89615.218777
7.122695 6.496756 -7.797173 -7.935630  90196.693043
7.122695 6.496756 -7.797173 -7.935630  90196.693043
7.122695 6.496756 -7.797173 -7.935630  90196.693043
7.122695 6.496756 -7.799409 -7.935630  90238.042813
7.122695 6.496756 -7.799409 -7.935630  90238.042813
7.138603 6.496756 -7.799409 -7.935630  90443.686793
7.138603 6.522056 -7.799409 -7.935630  90670.809872
7.138603 6.522056 -7.799409 -7.935630  90670.809872
7.138603 6.522056 -7.799409 -7.935630  90670.809872
7.191884 6.522056 -7.799409 -7.935630  91373.037475
7.191884 6.584531 -7.799409 -7.935630  91949.189614
7.191884 6.584531 -7.799409 -7.935630  91949.189614
7.191884 6.584531 -7.799409 -7.935630  91949.189614
7.282553 6.584531 -7.799409 -7.935630  93192.988614
7.282553 6.684482 -7.799409 -7.935630  94161.359347
7.282553 6.684482 -7.890289 -7.935630  95882.447957
7.282553 6.684482 -7.890289 -8.017469  97539.020550
7.282553 6.684482 -7.890289 -8.017469  97539.020550
7.282553 6.684482 -7.890289 -8.017469  97539.020550
7.282553 6.684482 -7.943072 -8.017469  98575.720380
7.282553 6.684482 -7.943072 -8.060817  99481.010840
7.282553 6.684482 -7.943072 -8.060817  99481.010840
7.282553 6.684482 -7.943072 -8.060817  99481.010840
7.282553 6.684482 -7.958903 -8.060817  99797.354486
7.282553 6.684482 -7.958903 -8.067479  99938.210046
7.285042 6.684482 -7.958903 -8.067479  99973.240734
7.285042 6.696069 -7.958903 -8.067479  100089.305131
7.285042 6.696069 -7.958903 -8.067479  100089.305131
7.285042 6.696069 -7.958903 -8.067479  100089.305131
7.325001 6.696069 -7.958903 -8.067479  100658.254354
7.325001 6.745250 -7.958903 -8.067479  101159.936564
7.325001 6.745250 -7.958903 -8.067479  101159.936564
7.325001 6.745250 -7.958903 -8.067479  101159.936564
7.402429 6.745250 -7.958903 -8.067479  102298.299984
7.402429 6.832089 -7.958903 -8.067479  103220.567733
7.402429 6.832089 -7.958903 -8.067479  103220.567733
7.402429 6.832089 -7.958903 -8.162517  105281.452736
7.402429 6.832089 -7.958903 -8.162517  105281.452736
7.402429 6.832089 -7.958903 -8.162517  105281.452736
7.402429 6.832089 -8.025545 -8.162517  106641.018548
7.402429 6.832089 -8.025545 -8.219949  107933.805974
7.402429 6.832089 -8.025545 -8.219949  107933.805974
7.402429 6.832089 -8.025545 -8.219949  107933.805974
7.402429 6.832089 -8.054782 -8.219949  108544.713142
7.402429 6.832089 -8.054782 -8.239854  109001.299822
7.402429 6.832089 -8.054782 -8.239854  109001.299822
7.402429 6.832089 -8.054782 -8.239854  109001.299822
7.402429 6.832089 -8.054782 -8.239854  109001.299822
7.402429 6.832089 -8.054782 -8.239854  109001.299822
7.427651 6.832089 -8.054782 -8.239854  109382.536481
7.427651 6.866564 -8.054782 -8.239854  109761.916181
7.427651 6.866564 -8.054782 -8.239854  109761.916181
7.427651 6.866564 -8.054782 -8.239854  109761.916181
7.490100 6.866564 -8.054782 -8.239854  110728.433742
7.490100 6.938581 -8.054782 -8.239854  111545.902408
7.490100 6.938581 -8.054782 -8.239854  111545.902408
7.490100 6.938581 -8.054782 -8.239854  111545.902408
7.589328 6.938581 -8.054782 -8.239854  113149.365991
7.589328 6.938581 -8.054782 -8.239854  113149.365991
7.589328 6.938581 -8.137739 -8.239854  114931.669069
7.589328 6.938581 -8.137739 -8.313992  116671.483537
7.589328 6.938581 -8.137739 -8.313992  116671.483537
7.589328 6.938581 -8.137739 -8.313992  116671.483537
7.589328 6.938581 -8.184503 -8.313992  117708.751523
7.589328 6.938581 -8.184503 -8.351387  118610.164568
7.589328 6.938581 -8.184503 -8.351387  118610.164568
7.589328 6.938581 -8.184503 -8.351387  118610.164568
7.589328 6.938581 -8.192984 -8.351387  118800.832740
7.589328 6.938581 -8.192984 -8.351387  118800.832740
7.599674 6.938581 -8.192984 -8.351387  118972.920999
7.599674 6.958438 -8.192984 -8.351387  119204.366685
7.599674 6.958438 -8.192984 -8.351387  119204.366685
7.599674 6.958438 -8.192984 -8.351387  119204.366685
7.599674 6.958438 -8.192984 -8.351387  119204.366685
7.599674 6.958438 -8.192984 -8.351387  119204.366685
7.599674 6.958438 -8.192984 -8.351387  119204.366685
7.599674 6.958438 -8.192984 -8.351387  119204.366685
7.633329 6.958438 -8.192984 -8.351387  119770.657528
7.633329 7.005838 -8.192984 -8.351387  120333.930320
7.633329 7.005838 -8.192984 -8.351387  120333.930320
7.633329 7.005838 -8.192984 -8.351387  120333.930320
7.724422 7.005838 -8.192984 -8.351387  121917.655539
7.724422 7.005838 -8.192984 -8.351387  121917.655539
7.724422 7.005838 -8.242008 -8.351387  123035.394227
7.724422 7.005838 -8.242008 -8.389211  123963.731168
7.724422 7.005838 -8.242008 -8.389211  123963.731168
7.724422 7.005838 -8.242008 -8.389211  123963.731168
7.724422 7.005838 -8.242008 -8.389211  123963.731168
7.724422 7.005838 -8.242008 -8.389211  123963.731168
7.749588 7.005838 -8.242008 -8.389211  124414.624611
7.749588 7.043426 -8.242008 -8.389211  124872.257383
7.749588 7.043426 -8.242008 -8.389211  124872.257383
7.749588 7.043426 -8.242008 -8.389211  124872.257383
7.824411 7.043426 -8.242008 -8.389211  126247.891350
7.824411 7.131184 -8.242008 -8.389211  127355.060860
7.824411 7.131184 -8.341543 -8.389211  129707.768731
7.824411 7.131184 -8.341543 -8.476338  131910.842836
7.824411 7.131184 -8.341543 -8.476338  131910.842836
7.824411 7.131184 -8.341543 -8.476338  131910.842836
7.824411 7.131184 -8.391340 -8.476338  133130.799252
7.824411 7.131184 -8.391340 -8.513405  134095.927190
7.824411 7.131184 -8.391340 -8.513405  134095.927190
7.824411 7.131184 -8.391340 -8.513405  134095.927190
7.824411 7.131184 -8.391340 -8.513405  134095.927190
7.824411 7.131184 -8.391340 -8.513405  134095.927190
7.851530 7.131184 -8.391340 -8.513405  134607.679770
7.851530 7.171309 -8.391340 -8.513405  135132.386697
7.851530 7.171309 -8.391340 -8.513405  135132.386697
7.851530 7.171309 -8.391340 -8.513405  135132.386697
7.930052 7.171309 -8.391340 -8.513405  136654.573960
7.930052 7.262732 -8.391340 -8.513405  137894.782201
7.930052 7.262732 -8.487200 -8.513405  140326.178797
7.930052 7.262732 -8.487200 -8.596012  142538.396785
7.930052 7.262732 -8.487200 -8.596012  142538.396785
7.930052 7.262732 -8.487200 -8.596012  142538.396785
7.930052 7.262732 -8.531159 -8.596012  143690.715683
7.930052 7.262732 -8.531159 -8.627444  144555.096759
7.930052 7.262732 -8.531159 -8.627444  144555.096759
7.930052 7.262732 -8.531159 -8.627444  144555.096759
7.930052 7.262732 -8.531159 -8.627444  144555.096759
7.930052 7.262732 -8.531159 -8.627444  144555.096759
7.960876 7.262732 -8.531159 -8.627444  145169.332548
7.960876 7.306034 -8.531159 -8.627444  145778.950104
7.960876 7.306034 -8.531159 -8.627444  145778.950104
7.960876 7.306034 -8.531159 -8.627444  145778.950104
8.042319 7.306034 -8.531159 -8.627444  147448.323477
8.042319 7.400208 -8.531159 -8.627444  148824.965389
8.042319 7.400208 -8.624083 -8.627444  151340.270901
8.042319 7.400208 -8.624083 -8.707717  153605.708143
8.042319 7.400208 -8.624083 -8.707717  153605.708143
8.042319 7.400208 -8.624083 -8.707717  153605.708143
8.042319 7.400208 -8.665813 -8.707717  154771.106813
8.042319 7.400208 -8.665813 -8.736631  155607.816444
8.042319 7.400208 -8.665813 -8.736631  155607.816444
8.042319 7.400208 -8.665813 -8.736631  155607.816444
8.042319 7.400208 -8.665813 -8.736631  155607.816444
8.042319 7.400208 -8.665813 -8.736631  155607.816444
8.076718 7.400208 -8.665813 -8.736631  156333.504599
8.076718 7.446369 -8.665813 -8.736631  157034.385238
8.076718 7.446369 -8.665813 -8.736631  157034.385238
8.076718 7.446369 -8.665813 -8.736631  157034.385238
8.157501 7.446369 -8.665813 -8.736631  158787.949455
8.157501 7.539068 -8.665813 -8.736631  160248.896917
8.157501 7.539068 -8.760973 -8.736631  162991.715566
8.157501 7.539068 -8.760973 -8.820672  165487.424894
8.157501 7.539068 -8.760973 -8.820672  165487.424894
8.157501 7.539068 -8.760973 -8.820672  165487.424894
8.157501 7.539068 -8.810672 -8.820672  166968.087578
8.157501 7.539068 -8.810672 -8.859937  168167.172486
8.157501 7.539068 -8.810672 -8.859937  168167.172486
8.157501 7.539068 -8.810672 -8.859937  168167.172486
8.157501 7.539068 -8.837529 -8.859937  168981.348795
8.157501 7.539068 -8.837529 -8.873684  169406.202046
8.157501 7.539068 -8.837529 -8.873684  169406.202046
8.157501 7.549342 -8.837529 -8.873684  169572.605745
8.157501 7.549342 -8.837529 -8.873684  169572.605745
8.157501 7.549342 -8.837529 -8.873684  169572.605745
8.202733 7.549342 -8.837529 -8.873684  170585.241485
8.202733 7.607133 -8.837529 -8.873684  171538.291538
8.202733 7.607133 -8.837529 -8.873684  171538.291538
8.202733 7.607133 -8.837529 -8.873684  171538.291538
8.297380 7.607133 -8.837529 -8.873684  173730.756982
8.297380 7.607133 -8.837529 -8.873684  173730.756982
8.297380 7.607133 -8.919660 -8.873684  176282.698794
8.297380 7.607133 -8.919660 -8.945545  178546.886090
8.297380 7.607133 -8.919660 -8.945545  178546.886090
8.297380 7.607133 -8.919660 -8.945545  178546.886090
8.297380 7.607133 -8.954685 -8.945545  179664.150187
8.297380 7.607133 -8.954685 -8.968665  180408.242230
8.297380 7.607133 -8.954685 -8.968665  180408.242230
8.297380 7.607133 -8.954685 -8.968665  180408.242230
8.297380 7.607133 -8.954685 -8.968665  180408.242230
8.297380 7.607133 -8.954685 -8.968665  180408.242230
8.332360 7.607133 -8.954685 -8.968665  181244.259977
8.332360 7.653876 -8.954685 -8.968665  182036.593724
8.332360 7.653876 -8.954685 -8.968665  182036.593724
8.332360 7.653876 -8.954685 -8.968665  182036.593724
8.417050 7.653876 -8.954685 -8.968665  184119.655895
8.417050 7.751187 -8.954685 -8.968665  185832.427721
8.417050 7.751187 -9.044866 -8.968665  188790.673238
8.417050 7.751187 -9.044866 -9.046314  191346.550823
8.417050 7.751187 -9.044866 -9.046314  191346.550823
8.417050 7.751187 -9.044866 -9.046314  191346.550823
8.417050 7.751187 -9.088629 -9.046314  192825.276405
8.417050 7.751187 -9.088629 -9.076786  193852.549956
8.417050 7.751187 -9.088629 -9.076786  193852.549956
8.417050 7.751187 -9.088629 -9.076786  193852.549956
8.417050 7.751187 -9.088629 -9.076786  193852.549956
8.417050 7.751187 -9.088629 -9.076786  193852.549956
8.447301 7.751187 -9.088629 -9.076786  194617.215800
8.447301 7.793096 -9.088629 -9.076786  195381.840951
8.447301 7.793096 -9.088629 -9.076786  195381.840951
8.447301 7.793096 -9.088629 -9.076786  195381.840951
8.527222 7.793096 -9.088629 -9.076786  197455.442390
8.527222 7.886280 -9.088629 -9.076786  199215.550325
8.527222 7.886280 -9.183530 -9.076786  202521.546122
8.527222 7.886280 -9.183530 -9.158293  205337.924296
8.527222 7.886280 -9.183530 -9.158293  205337.924296
8.527222 7.886280 -9.183530 -9.158293  205337.924296
8.527222 7.886280 -9.226421 -9.158293  206877.619805
8.527222 7.886280 -9.226421 -9.189559  207984.922700
8.527222 7.886280 -9.226421 -9.189559  207984.922700
8.527222 7.886280 -9.226421 -9.189559  207984.922700
8.527222 7.886280 -9.226421 -9.189559  207984.922700
8.527222 7.886280 -9.226421 -9.189559  207984.922700
8.560375 7.886280 -9.226421 -9.189559  208868.201286
8.560375 7.932026 -9.226421 -9.189559  209763.246618
8.560375 7.932026 -9.226421 -9.189559  209763.246618
8.560375 7.932026 -9.226421 -9.189559  209763.246618
8.642654 7.932026 -9.226421 -9.189559  212015.297407
8.642654 8.026395 -9.226421 -9.189559  213928.098915
8.642654 8.026395 -9.320051 -9.189559  217390.140009
8.642654 8.026395 -9.320051 -9.271180  220352.693133
8.642654 8.026395 -9.320051 -9.271180  220352.693133
8.642654 8.026395 -9.320051 -9.271180  220352.693133
8.642654 8.026395 -9.362933 -9.271180  221985.431957
8.642654 8.026395 -9.362933 -9.301194  223101.388240
8.642654 8.026395 -9.362933 -9.301194  223101.388240
8.642654 8.026395 -9.362933 -9.301194  223101.388240
8.642654 8.026395 -9.362933 -9.301194  223101.388240
8.642654 8.026395 -9.362933 -9.301194  223101.388240
8.672723 8.026395 -9.362933 -9.301194  223946.080708
8.672723 8.069584 -9.362933 -9.301194  224852.021350
8.672723 8.069584 -9.362933 -9.301194  224852.021350
8.672723 8.069584 -9.362933 -9.301194  224852.021350
8.751671 8.069584 -9.362933 -9.301194  227126.272388
8.751671 8.160689 -9.362933 -9.301194  229101.986255
8.751671 8.160689 -9.362933 -9.301194  229101.986255
