-0.966650 -0.795135 -0.794305 -0.793977  -0.530133
-0.966650 -0.795135 -0.794305 -0.793977  -0.530133
-0.966650 -0.795135 -0.794305 -0.793977  -0.530133
-0.966650 -0.795135 -0.871400 -0.793977  -0.343869
-0.966650 -0.795135 -0.871400 -0.863407  -0.179579
-0.966650 -0.795135 -0.871400 -0.863407  -0.179579
-0.966650 -0.795135 -0.871400 -0.863407  -0.179579
-0.966650 -0.795135 -0.918547 -0.863407  -0.028130
-0.966650 -0.795135 -0.918547 -0.901664  0.088021
-0.966650 -0.795135 -0.918547 -0.901664  0.088021
-0.966650 -0.795135 -0.918547 -0.901664  0.088021
-0.966650 -0.795135 -0.934417 -0.901664  0.146492
-0.966650 -0.795135 -0.934417 -0.910371  0.175828
-0.966650 -0.795135 -0.934417 -0.910371  0.175828
-0.966650 -0.789721 -0.934417 -0.910371  0.186501
-0.966650 -0.789721 -0.934417 -0.910371  0.186501
-0.966650 -0.789721 -0.934417 -0.910371  0.186501
-0.940252 -0.789721 -0.934417 -0.910371  0.295619
-0.940252 -0.756156 -0.934417 -0.910371  0.355577
-0.940252 -0.756156 -0.934417 -0.910371  0.355577
-0.940252 -0.756156 -0.934417 -0.910371  0.355577
-0.886121 -0.756156 -0.934417 -0.910371  0.544123
-0.886121 -0.695295 -0.934417 -0.910371  0.628832
-0.886121 -0.695295 -0.934417 -0.910371  0.628832
-0.886121 -0.695295 -0.934417 -0.910371  0.628832
-0.804455 -0.695295 -0.934417 -0.910371  0.838268
-0.804455 -0.606660 -0.934417 -0.910371  0.918592
-0.804455 -0.606660 -0.934417 -0.910371  0.918592
-0.804455 -0.606660 -0.934417 -1.007525  1.331484
-0.804455 -0.606660 -0.934417 -1.007525  1.331484
-0.804455 -0.606660 -0.934417 -1.007525  1.331484
-0.804455 -0.606660 -1.009302 -1.007525  1.666502
-0.804455 -0.606660 -1.009302 -1.075257  2.065653
-0.804455 -0.606660 -1.009302 -1.075257  2.065653
-0.804455 -0.606660 -1.009302 -1.075257  2.065653
-0.804455 -0.606660 -1.055515 -1.075257  2.328421
-0.804455 -0.606660 -1.055515 -1.114270  2.608789
-0.804455 -0.606660 -1.055515 -1.114270  2.608789
-0.804455 -0.606660 -1.055515 -1.114270  2.608789
-0.804455 -0.606660 -1.072258 -1.114270  2.716050
-0.804455 -0.606660 -1.072258 -1.123456  2.788032
-0.804455 -0.606660 -1.072258 -1.123456  2.788032
-0.804455 -0.601555 -1.072258 -1.123456  2.791431
-0.804455 -0.601555 -1.072258 -1.123456  2.791431
-0.804455 -0.601555 -1.072258 -1.123456  2.791431
-0.779244 -0.601555 -1.072258 -1.123456  2.841016
-0.779244 -0.569579 -1.072258 -1.123456  2.859841
-0.779244 -0.569579 -1.072258 -1.123456  2.859841
-0.779244 -0.569579 -1.072258 -1.123456  2.859841
-0.726721 -0.569579 -1.072258 -1.123456  2.944470
-0.726721 -0.510094 -1.072258 -1.123456  2.969883
-0.726721 -0.510094 -1.072258 -1.123456  2.969883
-0.726721 -0.510094 -1.072258 -1.123456  2.969883
-0.646843 -0.510094 -1.072258 -1.123456  3.059338
-0.646843 -0.423461 -1.072258 -1.123456  3.080255
-0.646843 -0.423461 -1.072258 -1.123456  3.080255
-0.646843 -0.423461 -1.072258 -1.221902  4.014397
-0.646843 -0.423461 -1.072258 -1.221902  4.014397
-0.646843 -0.423461 -1.072258 -1.221902  4.014397
-0.646843 -0.423461 -1.149743 -1.221902  4.606098
-0.646843 -0.423461 -1.149743 -1.292444  5.488528
-0.646843 -0.423461 -1.149743 -1.292444  5.488528
-0.646843 -0.423461 -1.149743 -1.292444  5.488528
-0.646843 -0.423461 -1.199372 -1.292444  5.961226
-0.646843 -0.423461 -1.199372 -1.335374  6.601298
-0.646843 -0.423461 -1.199372 -1.335374  6.601298
-0.646843 -0.423461 -1.199372 -1.335374  6.601298
-0.646843 -0.423461 -1.221712 -1.335374  6.841216
-0.646843 -0.423461 -1.221712 -1.350847  7.092986
-0.646843 -0.423461 -1.221712 -1.350847  7.092986
-0.646843 -0.423461 -1.221712 -1.350847  7.092986
-0.646843 -0.423461 -1.221712 -1.350847  7.092986
-0.646843 -0.423461 -1.221712 -1.350847  7.092986
-0.628473 -0.423461 -1.221712 -1.350847  7.108179
-0.628473 -0.398108 -1.221712 -1.350847  7.111795
-0.628473 -0.398108 -1.221712 -1.350847  7.111795
-0.628473 -0.398108 -1.221712 -1.350847  7.111795
-0.581528 -0.398108 -1.221712 -1.350847  7.143337
-0.581528 -0.344158 -1.221712 -1.350847  7.148508
-0.581528 -0.344158 -1.221712 -1.350847  7.148508
-0.581528 -0.344158 -1.221712 -1.350847  7.148508
-0.506115 -0.344158 -1.221712 -1.350847  7.181805
-0.506115 -0.258628 -1.221712 -1.350847  7.185476
-0.506115 -0.258628 -1.221712 -1.350847  7.185476
-0.506115 -0.258628 -1.221712 -1.449753  9.091651
-0.506115 -0.258628 -1.221712 -1.449753  9.091651
-0.506115 -0.258628 -1.221712 -1.449753  9.091651
-0.506115 -0.258628 -1.299630 -1.449753  10.077576
-0.506115 -0.258628 -1.299630 -1.519969  11.786137
-0.506115 -0.258628 -1.299630 -1.519969  11.786137
-0.506115 -0.258628 -1.299630 -1.519969  11.786137
-0.506115 -0.258628 -1.348221 -1.519969  12.533056
-0.506115 -0.258628 -1.348221 -1.561236  13.695822
-0.506115 -0.258628 -1.348221 -1.561236  13.695822
-0.506115 -0.258628 -1.348221 -1.561236  13.695822
-0.506115 -0.258628 -1.368144 -1.561236  14.034826
-0.506115 -0.258628 -1.368144 -1.574176  14.425658
-0.506115 -0.258628 -1.368144 -1.574176  14.425658
-0.506115 -0.257733 -1.368144 -1.574176  14.425678
-0.506115 -0.257733 -1.368144 -1.574176  14.425678
-0.506115 -0.257733 -1.368144 -1.574176  14.425678
-0.484334 -0.257733 -1.368144 -1.574176  14.432234
-0.484334 -0.228373 -1.368144 -1.574176  14.432750
-0.484334 -0.228373 -1.368144 -1.574176  14.432750
-0.484334 -0.228373 -1.368144 -1.574176  14.432750
-0.433734 -0.228373 -1.368144 -1.574176  14.444052
-0.433734 -0.170710 -1.368144 -1.574176  14.444528
-0.433734 -0.170710 -1.368144 -1.574176  14.444528
-0.433734 -0.170710 -1.368144 -1.574176  14.444528
-0.354479 -0.170710 -1.368144 -1.574176  14.454281
-0.354479 -0.084218 -1.368144 -1.574176  14.454422
-0.354479 -0.084218 -1.368144 -1.574176  14.454422
-0.354479 -0.084218 -1.368144 -1.673412  17.910411
-0.354479 -0.084218 -1.368144 -1.673412  17.910411
-0.354479 -0.084218 -1.368144 -1.673412  17.910411
-0.354479 -0.084218 -1.446656 -1.673412  19.452996
-0.354479 -0.084218 -1.446656 -1.744961  22.508711
-0.354479 -0.084218 -1.446656 -1.744961  22.508711
-0.354479 -0.084218 -1.446656 -1.744961  22.508711
-0.354479 -0.084218 -1.497420 -1.744961  23.701214
-0.354479 -0.084218 -1.497420 -1.788653  25.830634
-0.354479 -0.084218 -1.497420 -1.788653  25.830634
-0.354479 -0.084218 -1.497420 -1.788653  25.830634
-0.354479 -0.084218 -1.520128 -1.788653  26.419062
-0.354479 -0.084218 -1.520128 -1.804393  27.238854
-0.354479 -0.084218 -1.520128 -1.804393  27.238854
-0.354479 -0.084218 -1.520128 -1.804393  27.238854
-0.354479 -0.084218 -1.520128 -1.804393  27.238854
-0.354479 -0.084218 -1.520128 -1.804393  27.238854
-0.335717 -0.084218 -1.520128 -1.804393  27.240187
-0.335717 -0.058436 -1.520128 -1.804393  27.240190
-0.335717 -0.058436 -1.520128 -1.804393  27.240190
-0.335717 -0.058436 -1.520128 -1.804393  27.240190
-0.288775 -0.058436 -1.520128 -1.804393  27.242447
-0.288775 -0.004368 -1.520128 -1.804393  27.242447
-0.288775 -0.004368 -1.520128 -1.804393  27.242447
-0.288775 -0.004368 -1.520128 -1.804393  27.242447
-0.212310 -0.004368 -1.520128 -1.804393  27.244024
-0.212310 0.079462 -1.520128 -1.804393  27.244027
-0.212310 0.079462 -1.520128 -1.804393  27.244027
-0.212310 0.079462 -1.520128 -1.804393  27.244027
-0.212310 0.079462 -1.520128 -1.804393  27.244027
-0.212310 0.079462 -1.520128 -1.804393  27.244027
-0.212310 0.079462 -1.600775 -1.804393  29.638102
-0.212310 0.079462 -1.600775 -1.877958  33.868404
-0.212310 0.079462 -1.600775 -1.877958  33.868404
-0.212310 0.079462 -1.600775 -1.877958  33.868404
-0.212310 0.079462 -1.653295 -1.877958  35.709649
-0.212310 0.079462 -1.653295 -1.923552  38.686163
-0.212310 0.079462 -1.653295 -1.923552  38.686163
-0.212310 0.079462 -1.653295 -1.923552  38.686163
-0.212310 0.079462 -1.678428 -1.923552  39.654031
-0.212310 0.079462 -1.678428 -1.941754  40.923782
-0.212310 0.079462 -1.678428 -1.941754  40.923782
-0.212310 0.079462 -1.678428 -1.941754  40.923782
-0.212310 0.079462 -1.678428 -1.941754  40.923782
-0.212310 0.079462 -1.678428 -1.941754  40.923782
-0.196863 0.079462 -1.678428 -1.941754  40.923917
-0.196863 0.101806 -1.678428 -1.941754  40.923925
-0.196863 0.101806 -1.678428 -1.941754  40.923925
-0.196863 0.101806 -1.678428 -1.941754  40.923925
-0.153351 0.101806 -1.678428 -1.941754  40.924136
-0.153351 0.152177 -1.678428 -1.941754  40.924207
-0.153351 0.152177 -1.737437 -1.941754  43.436255
-0.153351 0.152177 -1.737437 -1.992861  47.265276
-0.153351 0.152177 -1.737437 -1.992861  47.265276
-0.153351 0.152177 -1.737437 -1.992861  47.265276
-0.153351 0.152177 -1.767380 -1.992861  48.677398
-0.153351 0.152177 -1.767380 -2.015873  50.534623
-0.153351 0.152177 -1.767380 -2.015873  50.534623
-0.153351 0.152177 -1.767380 -2.015873  50.534623
-0.153351 0.152177 -1.767380 -2.015873  50.534623
-0.153351 0.152177 -1.767380 -2.015873  50.534623
-0.126602 0.152177 -1.767380 -2.015873  50.534675
-0.126602 0.191699 -1.767380 -2.015873  50.534852
-0.126602 0.191699 -1.767380 -2.015873  50.534852
-0.126602 0.191699 -1.767380 -2.015873  50.534852
-0.050200 0.191699 -1.767380 -2.015873  50.534884
-0.050200 0.280803 -1.767380 -2.015873  50.536371
-0.050200 0.280803 -1.866119 -2.015873  55.922523
-0.050200 0.280803 -1.866119 -2.101863  63.654823
-0.050200 0.280803 -1.866119 -2.101863  63.654823
-0.050200 0.280803 -1.866119 -2.101863  63.654823
-0.050200 0.280803 -1.914812 -2.101863  66.765558
-0.050200 0.280803 -1.914812 -2.138836  70.502801
-0.050200 0.280803 -1.914812 -2.138836  70.502801
-0.050200 0.280803 -1.914812 -2.138836  70.502801
-0.050200 0.280803 -1.914883 -2.138836  70.507518
-0.050200 0.280803 -1.914883 -2.138836  70.507518
-0.028940 0.280803 -1.914883 -2.138836  70.507518
-0.028940 0.312527 -1.914883 -2.138836  70.508754
-0.028940 0.312527 -1.914883 -2.138836  70.508754
-0.028940 0.312527 -1.914883 -2.138836  70.508754
0.035313 0.312527 -1.914883 -2.138836  70.508754
0.035313 0.389492 -1.914883 -2.138836  70.514736
0.035313 0.389492 -1.914883 -2.138836  70.514736
0.035313 0.389492 -1.914883 -2.238444  81.954312
0.035313 0.389492 -1.914883 -2.238444  81.954312
0.035313 0.389492 -1.914883 -2.238444  81.954312
0.035313 0.389492 -1.978708 -2.238444  86.540792
0.035313 0.389492 -1.978708 -2.289215  93.209958
0.035313 0.389492 -1.978708 -2.289215  93.209958
0.035313 0.389492 -1.978708 -2.289215  93.209958
0.035313 0.389492 -1.994816 -2.289215  94.464877
0.035313 0.389492 -1.994816 -2.295537  95.337806
0.038857 0.389492 -1.994816 -2.295537  95.337806
0.038857 0.402897 -1.994816 -2.295537  95.339458
0.038857 0.402897 -1.994816 -2.295537  95.339458
0.038857 0.402897 -1.994816 -2.295537  95.339458
0.082339 0.402897 -1.994816 -2.295537  95.339462
0.082339 0.461120 -1.994816 -2.295537  95.349694
0.082339 0.461120 -1.994816 -2.295537  95.349694
0.082339 0.461120 -1.994816 -2.295537  95.349694
0.162011 0.461120 -1.994816 -2.295537  95.349802
0.162011 0.547694 -1.994816 -2.295537  95.378236
0.162011 0.547694 -1.994816 -2.295537  95.378236
0.162011 0.547694 -1.994816 -2.395416  110.505533
0.162011 0.547694 -1.994816 -2.395416  110.505533
0.162011 0.619511 -1.994816 -2.395416  110.547504
0.162011 0.619511 -1.994816 -2.395416  110.547504
0.162011 0.619511 -1.994816 -2.492625  127.903033
0.162011 0.619511 -1.994816 -2.492625  127.903033
0.162011 0.619511 -1.994816 -2.492625  127.903033
0.162011 0.619511 -2.053501 -2.492625  132.830819
0.162011 0.619511 -2.053501 -2.538308  141.977648
0.162011 0.619511 -2.053501 -2.538308  141.977648
0.162011 0.619511 -2.053501 -2.538308  141.977648
0.162011 0.619511 -2.061874 -2.538308  142.728201
0.162011 0.619511 -2.061874 -2.538308  142.728201
0.162011 0.619511 -2.061874 -2.538308  142.728201
0.162011 0.619511 -2.061874 -2.538308  142.728201
0.162011 0.619511 -2.133284 -2.538308  149.644196
0.162011 0.619511 -2.133284 -2.595469  162.055258
0.162011 0.619511 -2.133284 -2.595469  162.055258
0.162011 0.619511 -2.133284 -2.595469  162.055258
0.162011 0.619511 -2.155991 -2.595469  164.457201
0.162011 0.619511 -2.155991 -2.605815  166.823420
0.163727 0.619511 -2.155991 -2.605815  166.823426
0.163727 0.634025 -2.155991 -2.605815  166.834628
0.163727 0.634025 -2.155991 -2.605815  166.834628
0.163727 0.634025 -2.155991 -2.605815  166.834628
0.216116 0.634025 -2.155991 -2.605815  166.834982
0.216116 0.698357 -2.155991 -2.605815  166.898634
0.216116 0.698357 -2.155991 -2.605815  166.898634
0.216116 0.698357 -2.155991 -2.605815  166.898634
0.216116 0.698357 -2.155991 -2.605815  166.898634
0.216116 0.698357 -2.155991 -2.605815  166.898634
0.216116 0.698357 -2.232744 -2.605815  175.802278
0.216116 0.698357 -2.232744 -2.669817  191.300109
0.216116 0.698357 -2.232744 -2.669817  191.300109
0.216116 0.698357 -2.232744 -2.669817  191.300109
0.216116 0.698357 -2.257525 -2.669817  194.448491
0.216116 0.698357 -2.257525 -2.681046  197.325168
0.218087 0.698357 -2.257525 -2.681046  197.325190
0.218087 0.713254 -2.257525 -2.681046  197.343679
0.218087 0.713254 -2.257525 -2.681046  197.343679
0.218087 0.713254 -2.257525 -2.681046  197.343679
0.271978 0.713254 -2.257525 -2.681046  197.344674
0.271978 0.780198 -2.257525 -2.681046  197.449162
0.271978 0.780198 -2.257525 -2.681046  197.449162
0.271978 0.780198 -2.257525 -2.681046  197.449162
0.271978 0.780198 -2.257525 -2.681046  197.449162
0.271978 0.780198 -2.257525 -2.681046  197.449162
0.271978 0.780198 -2.327704 -2.681046  207.147672
0.271978 0.780198 -2.327704 -2.739224  222.843835
0.271978 0.780198 -2.327704 -2.739224  222.843835
0.271978 0.780198 -2.327704 -2.739224  222.843835
0.271978 0.780198 -2.353291 -2.739224  226.683183
0.271978 0.780198 -2.353291 -2.753357  230.702869
0.271978 0.780198 -2.353291 -2.753357  230.702869
0.271978 0.788444 -2.353291 -2.753357  230.718472
0.271978 0.788444 -2.353291 -2.753357  230.718472
0.271978 0.788444 -2.353291 -2.753357  230.718472
0.314850 0.788444 -2.353291 -2.753357  230.720078
0.314850 0.841840 -2.353291 -2.753357  230.838203
0.314850 0.841840 -2.353291 -2.753357  230.838203
0.314850 0.841840 -2.353291 -2.753357  230.838203
0.400605 0.841840 -2.353291 -2.753357  230.845427
0.400605 0.939592 -2.353291 -2.753357  231.154925
0.400605 0.939592 -2.443350 -2.753357  246.063246
0.400605 0.939592 -2.443350 -2.831250  269.749038
0.400605 0.939592 -2.443350 -2.831250  269.749038
0.400605 0.939592 -2.443350 -2.831250  269.749038
0.400605 0.939592 -2.485108 -2.831250  277.449258
0.400605 0.939592 -2.485108 -2.861984  287.540319
0.400605 0.939592 -2.485108 -2.861984  287.540319
0.400605 0.939592 -2.485108 -2.861984  287.540319
0.400605 0.939592 -2.485108 -2.861984  287.540319
0.400605 0.939592 -2.485108 -2.861984  287.540319
0.423767 0.939592 -2.485108 -2.861984  287.543668
0.423767 0.973522 -2.485108 -2.861984  287.685793
0.423767 0.973522 -2.485108 -2.861984  287.685793
0.423767 0.973522 -2.485108 -2.861984  287.685793
0.494173 0.973522 -2.485108 -2.861984  287.701598
0.494173 1.055643 -2.485108 -2.861984  288.138113
0.494173 1.055643 -2.485108 -2.861984  288.138113
0.494173 1.055643 -2.485108 -2.955706  321.705395
0.494173 1.055643 -2.485108 -2.955706  321.705395
0.494173 1.055643 -2.485108 -2.955706  321.705395
0.494173 1.055643 -2.540926 -2.955706  332.838979
0.494173 1.055643 -2.540926 -2.998308  349.571837
0.494173 1.055643 -2.540926 -2.998308  349.571837
0.494173 1.055643 -2.540926 -2.998308  349.571837
0.494173 1.055643 -2.546817 -2.998308  350.805275
0.494173 1.055643 -2.546817 -2.998308  350.805275
0.513403 1.055643 -2.546817 -2.998308  350.811473
0.513403 1.088691 -2.546817 -2.998308  351.029927
0.513403 1.088691 -2.546817 -2.998308  351.029927
0.513403 1.088691 -2.546817 -2.998308  351.029927
0.585559 1.088691 -2.546817 -2.998308  351.063099
0.585559 1.173819 -2.546817 -2.998308  351.762159
0.585559 1.173819 -2.546817 -2.998308  351.762159
0.585559 1.173819 -2.546817 -3.087610  390.062174
0.585559 1.173819 -2.546817 -3.087610  390.062174
0.585559 1.173819 -2.546817 -3.087610  390.062174
0.585559 1.173819 -2.596498 -3.087610  400.928791
0.585559 1.173819 -2.596498 -3.124247  417.977565
0.585559 1.173819 -2.596498 -3.124247  417.977565
0.585559 1.173819 -2.596498 -3.124247  417.977565
0.585559 1.173819 -2.597784 -3.124247  418.270087
0.585559 1.173819 -2.597784 -3.124247  418.270087
0.608165 1.173819 -2.597784 -3.124247  418.284442
0.608165 1.210489 -2.597784 -3.124247  418.654970
0.608165 1.210489 -2.597784 -3.124247  418.654970
0.608165 1.210489 -2.597784 -3.124247  418.654970
0.681444 1.210489 -2.597784 -3.124247  418.718717
0.681444 1.296181 -2.597784 -3.124247  419.778438
0.681444 1.296181 -2.597784 -3.124247  419.778438
0.681444 1.296181 -2.597784 -3.124247  419.778438
0.761903 1.296181 -2.597784 -3.124247  419.888237
0.761903 1.386463 -2.597784 -3.124247  421.352733
0.761903 1.386463 -2.695113 -3.124247  445.239500
0.761903 1.386463 -2.695113 -3.207512  487.076225
0.761903 1.386463 -2.695113 -3.207512  487.076225
0.761903 1.386463 -2.695113 -3.207512  487.076225
0.761903 1.386463 -2.743922 -3.207512  500.427217
0.761903 1.386463 -2.743922 -3.243078  519.671786
0.761903 1.386463 -2.743922 -3.243078  519.671786
0.761903 1.386463 -2.743922 -3.243078  519.671786
0.761903 1.386463 -2.743922 -3.243078  519.671786
0.761903 1.386463 -2.743922 -3.243078  519.671786
0.787785 1.386463 -2.743922 -3.243078  519.718459
0.787785 1.423052 -2.743922 -3.243078  520.431095
0.787785 1.423052 -2.743922 -3.243078  520.431095
0.787785 1.423052 -2.743922 -3.243078  520.431095
0.860583 1.423052 -2.743922 -3.243078  520.599703
0.860583 1.506893 -2.743922 -3.243078  522.533696
0.860583 1.506893 -2.743922 -3.243078  522.533696
0.860583 1.506893 -2.743922 -3.335914  576.906130
0.860583 1.506893 -2.743922 -3.335914  576.906130
0.860583 1.506893 -2.743922 -3.335914  576.906130
0.860583 1.506893 -2.802309 -3.335914  594.174414
0.860583 1.506893 -2.802309 -3.382771  624.014445
0.860583 1.506893 -2.802309 -3.382771  624.014445
0.860583 1.506893 -2.802309 -3.382771  624.014445
0.860583 1.506893 -2.815540 -3.382771  628.132928
0.860583 1.506893 -2.815540 -3.384655  629.368218
0.870172 1.506893 -2.815540 -3.384655  629.395107
0.870172 1.529535 -2.815540 -3.384655  629.996638
0.870172 1.529535 -2.815540 -3.384655  629.996638
0.870172 1.529535 -2.815540 -3.384655  629.996638
0.925107 1.529535 -2.815540 -3.384655  630.175303
0.925107 1.594193 -2.815540 -3.384655  632.100782
0.925107 1.594193 -2.815540 -3.384655  632.100782
0.925107 1.594193 -2.815540 -3.384655  632.100782
1.018485 1.594193 -2.815540 -3.384655  632.519108
1.018485 1.594193 -2.815540 -3.384655  632.519108
1.018485 1.594193 -2.901064 -3.384655  661.074188
1.018485 1.594193 -2.901064 -3.463149  715.026060
1.018485 1.594193 -2.901064 -3.463149  715.026060
1.018485 1.594193 -2.901064 -3.463149  715.026060
1.018485 1.594193 -2.958541 -3.463149  736.204896
1.018485 1.594193 -2.958541 -3.513777  773.696926
1.018485 1.594193 -2.958541 -3.513777  773.696926
1.018485 1.594193 -2.958541 -3.513777  773.696926
1.018485 1.594193 -2.988929 -3.513777  785.579525
1.018485 1.594193 -2.988929 -3.537349  803.788500
1.018485 1.594193 -2.988929 -3.537349  803.788500
1.018485 1.594193 -2.988929 -3.537349  803.788500
1.018485 1.594193 -2.991375 -3.537349  804.765890
1.018485 1.594193 -2.991375 -3.537349  804.765890
1.029695 1.594193 -2.991375 -3.537349  804.827544
1.029695 1.612162 -2.991375 -3.537349  805.421082
1.029695 1.612162 -2.991375 -3.537349  805.421082
1.029695 1.612162 -2.991375 -3.537349  805.421082
1.067918 1.612162 -2.991375 -3.537349  805.652487
1.067918 1.657282 -2.991375 -3.537349  807.264183
1.067918 1.657282 -2.991375 -3.537349  807.264183
1.067918 1.657282 -2.991375 -3.537349  807.264183
1.133553 1.657282 -2.991375 -3.537349  807.746805
1.133553 1.729652 -2.991375 -3.537349  810.725548
1.133553 1.729652 -2.991375 -3.537349  810.725548
1.133553 1.729652 -2.991375 -3.537349  810.725548
1.226310 1.729652 -2.991375 -3.537349  811.627286
1.226310 1.829651 -2.991375 -3.537349  816.650595
1.226310 1.829651 -3.084274 -3.537349  856.227096
1.226310 1.829651 -3.084274 -3.623438  926.983608
1.226310 1.829651 -3.084274 -3.623438  926.983608
1.226310 1.829651 -3.084274 -3.623438  926.983608
1.226310 1.829651 -3.147643 -3.623438  956.858353
1.226310 1.829651 -3.147643 -3.675247  1002.808003
1.226310 1.829651 -3.147643 -3.675247  1002.808003
1.226310 1.829651 -3.147643 -3.675247  1002.808003
1.226310 1.829651 -3.164832 -3.675247  1011.337072
1.226310 1.829651 -3.164832 -3.681559  1017.114810
1.231927 1.829651 -3.164832 -3.681559  1017.178911
1.231927 1.846804 -3.164832 -3.681559  1018.158251
1.231927 1.846804 -3.164832 -3.681559  1018.158251
1.231927 1.846804 -3.164832 -3.681559  1018.158251
1.244354 1.846804 -3.164832 -3.681559  1018.304285
1.244354 1.872798 -3.164832 -3.681559  1019.859341
1.244354 1.872798 -3.164832 -3.681559  1019.859341
1.244354 1.872798 -3.164832 -3.681559  1019.859341
1.305761 1.872798 -3.164832 -3.681559  1020.671809
1.305761 1.946637 -3.164832 -3.681559  1025.586084
1.305761 1.946637 -3.164832 -3.681559  1025.586084
1.305761 1.946637 -3.164832 -3.681559  1025.586084
1.305761 1.946637 -3.164832 -3.681559  1025.586084
1.305761 1.946637 -3.164832 -3.681559  1025.586084
1.305761 1.946637 -3.234472 -3.681559  1062.090341
1.305761 1.946637 -3.234472 -3.739910  1117.414449
1.305761 1.946637 -3.234472 -3.739910  1117.414449
1.305761 1.946637 -3.234472 -3.739910  1117.414449
1.305761 1.946637 -3.257600 -3.739910  1130.253500
1.305761 1.946637 -3.257600 -3.751124  1141.287851
1.306591 1.946637 -3.257600 -3.751124  1141.299932
1.306591 1.958651 -3.257600 -3.751124  1142.173218
1.306591 1.958651 -3.257600 -3.751124  1142.173218
1.306591 1.958651 -3.257600 -3.751124  1142.173218
1.352676 1.958651 -3.257600 -3.751124  1142.893861
1.352676 2.016116 -3.257600 -3.751124  1147.378015
1.352676 2.016116 -3.257600 -3.751124  1147.378015
1.352676 2.016116 -3.257600 -3.751124  1147.378015
1.442054 2.016116 -3.257600 -3.751124  1149.085376
1.442054 2.016116 -3.257600 -3.751124  1149.085376
1.442054 2.016116 -3.346907 -3.751124  1202.204816
1.442054 2.016116 -3.346907 -3.830199  1283.857122
1.442054 2.016116 -3.346907 -3.830199  1283.857122
1.442054 2.016116 -3.346907 -3.830199  1283.857122
1.442054 2.016116 -3.393245 -3.830199  1313.745926
1.442054 2.016116 -3.393245 -3.866391  1353.435464
1.442054 2.016116 -3.393245 -3.866391  1353.435464
1.442054 2.016116 -3.393245 -3.866391  1353.435464
1.442054 2.016116 -3.398041 -3.866391  1356.623466
1.442054 2.016116 -3.398041 -3.866391  1356.623466
1.457905 2.016116 -3.398041 -3.866391  1356.973831
1.457905 2.042255 -3.398041 -3.866391  1359.189870
1.457905 2.042255 -3.398041 -3.866391  1359.189870
1.457905 2.042255 -3.398041 -3.866391  1359.189870
1.515550 2.042255 -3.398041 -3.866391  1360.599094
1.515550 2.110387 -3.398041 -3.866391  1366.933880
1.515550 2.110387 -3.398041 -3.866391  1366.933880
1.515550 2.110387 -3.398041 -3.866391  1366.933880
1.615114 2.110387 -3.398041 -3.866391  1369.928739
1.615114 2.110387 -3.398041 -3.866391  1369.928739
1.615114 2.110387 -3.477316 -3.866391  1425.299708
1.615114 2.110387 -3.477316 -3.934814  1504.506980
1.615114 2.110387 -3.477316 -3.934814  1504.506980
1.615114 2.110387 -3.477316 -3.934814  1504.506980
1.615114 2.110387 -3.514599 -3.934814  1532.353678
1.615114 2.110387 -3.514599 -3.961853  1565.210058
1.615114 2.110387 -3.514599 -3.961853  1565.210058
1.615114 2.110387 -3.514599 -3.961853  1565.210058
1.615114 2.110387 -3.514599 -3.961853  1565.210058
1.615114 2.110387 -3.514599 -3.961853  1565.210058
1.645350 2.110387 -3.514599 -3.961853  1566.278059
1.645350 2.153956 -3.514599 -3.961853  1570.781351
1.645350 2.153956 -3.514599 -3.961853  1570.781351
1.645350 2.153956 -3.514599 -3.961853  1570.781351
1.729528 2.153956 -3.514599 -3.961853  1574.198131
1.729528 2.251405 -3.514599 -3.961853  1585.679120
1.729528 2.251405 -3.604069 -3.961853  1657.501306
1.729528 2.251405 -3.604069 -4.037235  1753.963856
1.729528 2.251405 -3.604069 -4.037235  1753.963856
1.729528 2.251405 -3.604069 -4.037235  1753.963856
1.729528 2.251405 -3.640105 -4.037235  1784.978314
1.729528 2.251405 -3.640105 -4.061452  1817.534296
1.729528 2.251405 -3.640105 -4.061452  1817.534296
1.729528 2.253049 -3.640105 -4.061452  1817.745700
1.729528 2.253049 -3.640105 -4.061452  1817.745700
1.729528 2.253049 -3.640105 -4.061452  1817.745700
1.771882 2.253049 -3.640105 -4.061452  1819.735675
1.771882 2.308277 -3.640105 -4.061452  1827.208889
1.771882 2.308277 -3.640105 -4.061452  1827.208889
1.771882 2.308277 -3.640105 -4.061452  1827.208889
1.866166 2.308277 -3.640105 -4.061452  1832.377150
1.866166 2.308277 -3.640105 -4.061452  1832.377150
1.866166 2.308277 -3.715312 -4.061452  1901.183735
1.866166 2.308277 -3.715312 -4.123611  1988.379119
1.866166 2.308277 -3.715312 -4.123611  1988.379119
1.866166 2.308277 -3.715312 -4.123611  1988.379119
1.866166 2.308277 -3.781759 -4.123611  2053.987344
1.866166 2.308277 -3.781759 -4.177636  2134.164861
1.866166 2.308277 -3.781759 -4.177636  2134.164861
1.866166 2.308277 -3.781759 -4.177636  2134.164861
1.866166 2.308277 -3.799004 -4.177636  2151.963275
1.866166 2.308277 -3.799004 -4.183256  2160.545723
1.872670 2.308277 -3.799004 -4.183256  2160.942922
1.872670 2.328386 -3.799004 -4.183256  2163.847360
1.872670 2.328386 -3.799004 -4.183256  2163.847360
1.872670 2.328386 -3.799004 -4.183256  2163.847360
1.932670 2.328386 -3.799004 -4.183256  2167.780917
1.932670 2.400968 -3.799004 -4.183256  2179.133467
1.932670 2.400968 -3.799004 -4.183256  2179.133467
1.932670 2.400968 -3.799004 -4.183256  2179.133467
1.932670 2.400968 -3.799004 -4.183256  2179.133467
1.932670 2.400968 -3.799004 -4.183256  2179.133467
1.932670 2.400968 -3.863280 -4.183256  2248.379158
1.932670 2.400968 -3.863280 -4.233985  2327.960753
1.932670 2.400968 -3.863280 -4.233985  2327.960753
1.932670 2.400968 -3.863280 -4.233985  2327.960753
1.932670 2.400968 -3.875232 -4.233985  2341.355106
1.932670 2.400968 -3.875232 -4.233985  2341.355106
1.947042 2.400968 -3.875232 -4.233985  2342.372763
1.947042 2.428223 -3.875232 -4.233985  2347.005328
1.947042 2.428223 -3.875232 -4.233985  2347.005328
1.947042 2.428223 -3.875232 -4.233985  2347.005328
2.014364 2.428223 -3.875232 -4.233985  2352.189159
2.014364 2.507910 -3.875232 -4.233985  2366.980622
2.014364 2.507910 -3.875232 -4.233985  2366.980622
2.014364 2.507910 -3.875232 -4.328489  2525.764597
2.014364 2.507910 -3.875232 -4.328489  2525.764597
2.014364 2.507910 -3.875232 -4.328489  2525.764597
2.014364 2.507910 -3.929689 -4.328489  2588.921712
2.014364 2.507910 -3.929689 -4.369875  2662.962297
2.014364 2.507910 -3.929689 -4.369875  2662.962297
2.014364 2.507910 -3.929689 -4.369875  2662.962297
2.014364 2.507910 -3.931577 -4.369875  2665.215053
2.014364 2.507910 -3.931577 -4.369875  2665.215053
2.038032 2.507910 -3.931577 -4.369875  2667.209862
2.038032 2.544783 -3.931577 -4.369875  2674.720912
2.038032 2.544783 -3.931577 -4.369875  2674.720912
2.038032 2.544783 -3.931577 -4.369875  2674.720912
2.115456 2.544783 -3.931577 -4.369875  2681.926600
2.115456 2.636546 -3.931577 -4.369875  2702.606761
2.115456 2.636546 -4.027150 -4.369875  2822.469132
2.115456 2.636546 -4.027150 -4.452792  2979.495167
2.115456 2.636546 -4.027150 -4.452792  2979.495167
2.115456 2.636546 -4.027150 -4.452792  2979.495167
2.115456 2.636546 -4.074028 -4.452792  3042.597455
2.115456 2.636546 -4.074028 -4.489136  3115.212057
2.115456 2.636546 -4.074028 -4.489136  3115.212057
2.115456 2.636546 -4.074028 -4.489136  3115.212057
2.115456 2.636546 -4.074028 -4.489136  3115.212057
2.115456 2.636546 -4.074028 -4.489136  3115.212057
2.138302 2.636546 -4.074028 -4.489136  3117.549758
2.138302 2.671826 -4.074028 -4.489136  3126.304794
2.138302 2.671826 -4.074028 -4.489136  3126.304794
2.138302 2.671826 -4.074028 -4.489136  3126.304794
2.211889 2.671826 -4.074028 -4.489136  3134.544858
2.211889 2.757582 -4.074028 -4.489136  3157.844224
2.211889 2.757582 -4.074028 -4.489136  3157.844224
2.211889 2.757582 -4.074028 -4.577822  3345.185255
2.211889 2.757582 -4.074028 -4.577822  3345.185255
2.211889 2.757582 -4.074028 -4.577822  3345.185255
2.211889 2.757582 -4.126072 -4.577822  3418.726918
2.211889 2.757582 -4.126072 -4.617652  3507.724139
2.211889 2.757582 -4.126072 -4.617652  3507.724139
2.211889 2.757582 -4.126072 -4.617652  3507.724139
2.211889 2.757582 -4.127658 -4.617652  3510.024222
2.211889 2.757582 -4.127658 -4.617652  3510.024222
2.238246 2.757582 -4.127658 -4.617652  3513.254756
2.238246 2.797063 -4.127658 -4.617652  3525.001100
2.238246 2.797063 -4.127658 -4.617652  3525.001100
2.238246 2.797063 -4.127658 -4.617652  3525.001100
2.316076 2.797063 -4.127658 -4.617652  3535.471045
2.316076 2.889232 -4.127658 -4.617652  3565.599844
2.316076 2.889232 -4.222759 -4.617652  3710.136348
2.316076 2.889232 -4.222759 -4.699390  3902.645440
2.316076 2.889232 -4.222759 -4.699390  3902.645440
2.316076 2.977402 -4.222759 -4.699390  3935.298325
2.316076 2.977402 -4.321478 -4.699390  4099.759065
2.316076 2.977402 -4.321478 -4.786265  4319.589439
2.316076 2.977402 -4.321478 -4.786265  4319.589439
2.316076 2.977402 -4.321478 -4.786265  4319.589439
2.316076 2.977402 -4.369777 -4.786265  4405.717495
2.316076 2.977402 -4.369777 -4.822227  4501.507577
2.316076 2.977402 -4.369777 -4.822227  4501.507577
2.316076 2.977402 -4.369777 -4.822227  4501.507577
2.316076 2.977402 -4.369777 -4.822227  4501.507577
2.316076 2.977402 -4.369777 -4.822227  4501.507577
2.344609 2.977402 -4.369777 -4.822227  4505.715051
2.344609 3.018371 -4.369777 -4.822227  4522.262167
2.344609 3.018371 -4.369777 -4.822227  4522.262167
2.344609 3.018371 -4.369777 -4.822227  4522.262167
2.422314 3.018371 -4.369777 -4.822227  4534.807594
2.422314 3.108024 -4.369777 -4.822227  4574.291687
2.422314 3.108024 -4.467464 -4.822227  4760.525508
2.422314 3.108024 -4.467464 -4.907177  4998.442266
2.422314 3.108024 -4.467464 -4.907177  4998.442266
2.422314 3.108024 -4.467464 -4.907177  4998.442266
2.422314 3.108024 -4.513226 -4.907177  5091.470650
2.422314 3.108024 -4.513226 -4.939596  5186.715542
2.422314 3.108024 -4.513226 -4.939596  5186.715542
2.422314 3.108024 -4.513226 -4.939596  5186.715542
2.422314 3.108024 -4.513226 -4.939596  5186.715542
2.422314 3.108024 -4.513226 -4.939596  5186.715542
2.455561 3.108024 -4.513226 -4.939596  5192.598065
2.455561 3.154494 -4.513226 -4.939596  5214.937346
2.455561 3.154494 -4.513226 -4.939596  5214.937346
2.455561 3.154494 -4.513226 -4.939596  5214.937346
2.540708 3.154494 -4.513226 -4.939596  5231.527591
2.540708 3.251219 -4.513226 -4.939596  5282.443860
2.540708 3.251219 -4.603058 -4.939596  5476.371194
2.540708 3.251219 -4.603058 -5.016755  5713.337413
2.540708 3.251219 -4.603058 -5.016755  5713.337413
2.540708 3.251219 -4.603058 -5.016755  5713.337413
2.540708 3.251219 -4.642664 -5.016755  5803.783514
2.540708 3.251219 -4.642664 -5.043834  5890.476423
2.540708 3.251219 -4.642664 -5.043834  5890.476423
2.540708 3.251219 -4.642664 -5.043834  5890.476423
2.540708 3.251219 -4.642664 -5.043834  5890.476423
2.540708 3.251219 -4.642664 -5.043834  5890.476423
2.572716 3.251219 -4.642664 -5.043834  5897.315476
2.572716 3.296622 -4.642664 -5.043834  5923.398865
2.572716 3.296622 -4.642664 -5.043834  5923.398865
2.572716 3.296622 -4.642664 -5.043834  5923.398865
2.654386 3.296622 -4.642664 -5.043834  5942.460840
2.654386 3.391909 -4.642664 -5.043834  6002.080082
2.654386 3.391909 -4.734926 -5.043834  6225.088960
2.654386 3.391909 -4.734926 -5.122800  6488.755258
2.654386 3.391909 -4.734926 -5.122800  6488.755258
2.654386 3.391909 -4.734926 -5.122800  6488.755258
2.654386 3.391909 -4.776179 -5.122800  6594.253367
2.654386 3.391909 -4.776179 -5.150989  6692.396656
2.654386 3.391909 -4.776179 -5.150989  6692.396656
2.654386 3.391909 -4.776179 -5.150989  6692.396656
2.654386 3.391909 -4.776179 -5.150989  6692.396656
2.654386 3.391909 -4.776179 -5.150989  6692.396656
2.690245 3.391909 -4.776179 -5.150989  6701.541055
2.690245 3.440428 -4.776179 -5.150989  6734.584108
2.690245 3.440428 -4.776179 -5.150989  6734.584108
2.690245 3.440428 -4.776179 -5.150989  6734.584108
2.777610 3.440428 -4.776179 -5.150989  6759.000444
2.777610 3.440428 -4.776179 -5.150989  6759.000444
2.777610 3.440428 -4.862863 -5.150989  6992.880376
2.777610 3.440428 -4.862863 -5.224368  7258.632405
2.777610 3.440428 -4.862863 -5.224368  7258.632405
2.777610 3.440428 -4.862863 -5.224368  7258.632405
2.777610 3.440428 -4.897096 -5.224368  7355.704913
2.777610 3.440428 -4.897096 -5.245525  7435.150265
2.777610 3.440428 -4.897096 -5.245525  7435.150265
2.777610 3.445991 -4.897096 -5.245525  7439.059611
2.777610 3.445991 -4.897096 -5.245525  7439.059611
2.777610 3.445991 -4.897096 -5.245525  7439.059611
2.821442 3.445991 -4.897096 -5.245525  7452.522954
2.821442 3.502696 -4.897096 -5.245525  7493.840897
2.821442 3.502696 -4.897096 -5.245525  7493.840897
2.821442 3.502696 -4.897096 -5.245525  7493.840897
2.917146 3.502696 -4.897096 -5.245525  7526.292800
2.917146 3.542897 -4.897096 -5.245525  7557.252354
2.917146 3.542897 -4.897096 -5.245525  7557.252354
2.917146 3.542897 -4.897096 -5.245525  7557.252354
2.998814 3.542897 -4.897096 -5.245525  7588.525087
2.998814 3.637571 -4.897096 -5.245525  7667.200681
2.998814 3.637571 -4.989440 -5.245525  7942.948476
2.998814 3.637571 -4.989440 -5.325039  8253.214001
2.998814 3.637571 -4.989440 -5.325039  8253.214001
2.998814 3.637571 -4.989440 -5.325039  8253.214001
2.998814 3.637571 -5.029333 -5.325039  8378.823842
2.998814 3.637571 -5.029333 -5.352102  8488.737036
2.998814 3.637571 -5.029333 -5.352102  8488.737036
2.998814 3.637571 -5.029333 -5.352102  8488.737036
2.998814 3.637571 -5.029333 -5.352102  8488.737036
2.998814 3.637571 -5.029333 -5.352102  8488.737036
3.038384 3.637571 -5.029333 -5.352102  8505.165760
3.038384 3.690351 -5.029333 -5.352102  8552.730931
3.038384 3.690351 -5.029333 -5.352102  8552.730931
3.038384 3.690351 -5.029333 -5.352102  8552.730931
3.129528 3.690351 -5.029333 -5.352102  8593.970847
3.129528 3.690351 -5.029333 -5.352102  8593.970847
3.129528 3.690351 -5.111053 -5.352102  8864.024205
3.129528 3.690351 -5.111053 -5.421000  9154.063391
3.129528 3.690351 -5.111053 -5.421000  9154.063391
3.129528 3.690351 -5.111053 -5.421000  9154.063391
3.129528 3.690351 -5.139810 -5.421000  9253.292470
3.129528 3.690351 -5.139810 -5.436281  9319.651182
3.129528 3.690351 -5.139810 -5.436281  9319.651182
3.129528 3.701599 -5.139810 -5.436281  9330.146162
3.129528 3.701599 -5.139810 -5.436281  9330.146162
3.129528 3.701599 -5.139810 -5.436281  9330.146162
3.179964 3.701599 -5.139810 -5.436281  9355.128298
3.179964 3.764615 -5.139810 -5.436281  9416.329375
3.179964 3.764615 -5.139810 -5.436281  9416.329375
3.179964 3.764615 -5.139810 -5.436281  9416.329375
3.179964 3.764615 -5.139810 -5.436281  9416.329375
3.179964 3.764615 -5.139810 -5.436281  9416.329375
3.179964 3.764615 -5.212859 -5.436281  9678.582384
3.179964 3.764615 -5.212859 -5.495855  9944.504233
3.179964 3.764615 -5.212859 -5.495855  9944.504233
3.179964 3.764615 -5.212859 -5.495855  9944.504233
3.179964 3.764615 -5.233657 -5.495855  10021.906479
3.179964 3.764615 -5.233657 -5.503088  10054.986935
3.185459 3.764615 -5.233657 -5.503088  10057.805765
3.185459 3.783807 -5.233657 -5.503088  10077.277274
3.185459 3.783807 -5.233657 -5.503088  10077.277274
3.185459 3.783807 -5.233657 -5.503088  10077.277274
3.244717 3.783807 -5.233657 -5.503088  10108.941164
3.244717 3.855776 -5.233657 -5.503088  10185.563693
3.244717 3.855776 -5.233657 -5.503088  10185.563693
3.244717 3.855776 -5.233657 -5.503088  10185.563693
3.244717 3.855776 -5.233657 -5.503088  10185.563693
3.244717 3.855776 -5.233657 -5.503088  10185.563693
3.244717 3.855776 -5.296680 -5.503088  10427.748740
3.244717 3.855776 -5.296680 -5.552124  10656.648617
3.244717 3.855776 -5.296680 -5.552124  10656.648617
3.244717 3.855776 -5.296680 -5.552124  10656.648617
3.244717 3.855776 -5.305691 -5.552124  10692.232631
3.244717 3.855776 -5.305691 -5.552124  10692.232631
3.260802 3.855776 -5.305691 -5.552124  10701.235776
3.260802 3.884530 -5.305691 -5.552124  10733.490429
3.260802 3.884530 -5.305691 -5.552124  10733.490429
3.260802 3.884530 -5.305691 -5.552124  10733.490429
3.328099 3.884530 -5.305691 -5.552124  10773.135564
3.328099 3.964938 -5.305691 -5.552124  10868.547236
3.328099 3.964938 -5.305691 -5.552124  10868.547236
3.328099 3.964938 -5.305691 -5.646496  11332.436452
3.328099 3.964938 -5.305691 -5.646496  11332.436452
3.328099 3.964938 -5.305691 -5.646496  11332.436452
3.328099 3.964938 -5.362321 -5.646496  11561.659532
3.328099 3.964938 -5.362321 -5.690296  11787.757439
3.328099 3.964938 -5.362321 -5.690296  11787.757439
3.328099 3.964938 -5.362321 -5.690296  11787.757439
3.328099 3.964938 -5.367691 -5.690296  11809.999047
3.328099 3.964938 -5.367691 -5.690296  11809.999047
3.348552 3.964938 -5.367691 -5.690296  11822.700428
3.348552 3.998643 -5.367691 -5.690296  11865.063677
3.348552 3.998643 -5.367691 -5.690296  11865.063677
3.348552 3.998643 -5.367691 -5.690296  11865.063677
3.421010 3.998643 -5.367691 -5.690296  11912.627451
3.421010 4.012004 -5.367691 -5.690296  11929.820255
3.421010 4.012004 -5.367691 -5.690296  11929.820255
3.421010 4.012004 -5.367691 -5.690296  11929.820255
3.473313 4.012004 -5.367691 -5.690296  11966.751400
3.473313 4.077602 -5.367691 -5.690296  12054.554516
3.473313 4.077602 -5.367691 -5.690296  12054.554516
3.473313 4.077602 -5.367691 -5.690296  12054.554516
3.473313 4.077602 -5.367691 -5.690296  12054.554516
3.473313 4.077602 -5.367691 -5.690296  12054.554516
3.473313 4.077602 -5.438528 -5.690296  12356.441800
3.473313 4.077602 -5.438528 -5.748228  12666.375220
3.473313 4.077602 -5.438528 -5.748228  12666.375220
3.473313 4.077602 -5.438528 -5.748228  12666.375220
3.473313 4.077602 -5.458006 -5.748228  12752.186027
3.473313 4.077602 -5.458006 -5.755164  12790.143968
3.478884 4.077602 -5.458006 -5.755164  12794.211290
3.478884 4.096270 -5.458006 -5.755164  12820.252815
3.478884 4.096270 -5.458006 -5.755164  12820.252815
3.478884 4.096270 -5.458006 -5.755164  12820.252815
3.537252 4.096270 -5.458006 -5.755164  12864.458506
3.537252 4.167541 -5.458006 -5.755164  12968.342164
3.537252 4.167541 -5.458006 -5.755164  12968.342164
3.537252 4.167541 -5.458006 -5.755164  12968.342164
3.537252 4.167541 -5.458006 -5.755164  12968.342164
3.537252 4.167541 -5.458006 -5.755164  12968.342164
3.537252 4.167541 -5.523834 -5.755164  13267.566848
3.537252 4.167541 -5.523834 -5.808414  13565.116133
3.537252 4.167541 -5.523834 -5.808414  13565.116133
3.537252 4.167541 -5.523834 -5.808414  13565.116133
3.537252 4.167541 -5.539238 -5.808414  13637.222416
3.537252 4.167541 -5.539238 -5.810978  13651.824695
3.547258 4.167541 -5.539238 -5.810978  13659.701236
3.547258 4.190358 -5.539238 -5.810978  13694.495763
3.547258 4.190358 -5.539238 -5.810978  13694.495763
3.547258 4.190358 -5.539238 -5.810978  13694.495763
3.608168 4.190358 -5.539238 -5.810978  13744.400604
3.608168 4.263956 -5.539238 -5.810978  13861.916196
3.608168 4.263956 -5.539238 -5.810978  13861.916196
3.608168 4.263956 -5.539238 -5.810978  13861.916196
3.608168 4.263956 -5.539238 -5.810978  13861.916196
3.608168 4.263956 -5.539238 -5.810978  13861.916196
3.608168 4.263956 -5.602725 -5.810978  14167.698598
3.608168 4.263956 -5.602725 -5.861563  14461.158113
3.608168 4.263956 -5.602725 -5.861563  14461.158113
3.608168 4.263956 -5.602725 -5.861563  14461.158113
3.608168 4.263956 -5.615241 -5.861563  14523.097396
3.608168 4.263956 -5.615241 -5.861563  14523.097396
3.621925 4.263956 -5.615241 -5.861563  14534.845362
3.621925 4.291308 -5.615241 -5.861563  14580.636076
3.621925 4.291308 -5.615241 -5.861563  14580.636076
3.621925 4.291308 -5.615241 -5.861563  14580.636076
3.686701 4.291308 -5.615241 -5.861563  14638.402360
3.686701 4.368810 -5.615241 -5.861563  14774.648774
3.686701 4.368810 -5.615241 -5.861563  14774.648774
3.686701 4.368810 -5.615241 -5.958201  15364.162394
3.686701 4.368810 -5.615241 -5.958201  15364.162394
3.686701 4.368810 -5.615241 -5.958201  15364.162394
3.686701 4.368810 -5.673568 -5.958201  15660.191815
3.686701 4.368810 -5.673568 -6.003901  15952.612289
3.686701 4.368810 -5.673568 -6.003901  15952.612289
3.686701 4.368810 -5.673568 -6.003901  15952.612289
3.686701 4.368810 -5.681009 -6.003901  15991.266039
3.686701 4.368810 -5.681009 -6.003901  15991.266039
3.703000 4.368810 -5.681009 -6.003901  16006.454862
3.703000 4.398033 -5.681009 -6.003901  16060.401589
3.703000 4.398033 -5.681009 -6.003901  16060.401589
3.703000 4.398033 -5.681009 -6.003901  16060.401589
3.770208 4.398033 -5.681009 -6.003901  16125.920963
3.770208 4.478266 -5.681009 -6.003901  16281.589161
3.770208 4.478266 -5.681009 -6.003901  16281.589161
3.770208 4.478266 -5.681009 -6.098045  16912.713830
3.770208 4.478266 -5.681009 -6.098045  16912.713830
3.770208 4.478266 -5.681009 -6.098045  16912.713830
3.770208 4.478266 -5.736823 -6.098045  17209.158488
3.770208 4.478266 -5.736823 -6.140236  17504.932265
3.770208 4.478266 -5.736823 -6.140236  17504.932265
3.770208 4.478266 -5.736823 -6.140236  17504.932265
3.770208 4.478266 -5.746432 -6.140236  17557.149849
3.770208 4.478266 -5.746432 -6.189874  17915.701494
3.770208 4.478266 -5.746432 -6.189874  17915.701494
3.770208 4.478266 -5.746432 -6.189874  17915.701494
3.770208 4.478266 -5.757675 -6.189874  17977.236756
3.770208 4.478266 -5.757675 -6.190667  17983.056660
3.779870 4.478266 -5.757675 -6.190667  17992.867675
3.779870 4.498604 -5.757675 -6.190667  18034.141346
3.779870 4.498604 -5.757675 -6.190667  18034.141346
3.779870 4.498604 -5.757675 -6.190667  18034.141346
3.831472 4.498604 -5.757675 -6.190667  18088.266469
3.831472 4.560546 -5.757675 -6.190667  18218.650750
3.831472 4.560546 -5.757675 -6.190667  18218.650750
3.831472 4.560546 -5.757675 -6.190667  18218.650750
3.924719 4.560546 -5.757675 -6.190667  18324.139510
3.924719 4.560546 -5.757675 -6.190667  18324.139510
3.924719 4.560546 -5.843581 -6.190667  18810.482484
3.924719 4.560546 -5.843581 -6.266280  19379.499509
3.924719 4.560546 -5.843581 -6.266280  19379.499509
3.924719 4.560546 -5.843581 -6.266280  19379.499509
3.924719 4.560546 -5.887699 -6.266280  19640.632352
3.924719 4.560546 -5.887699 -6.299290  19897.803784
3.924719 4.560546 -5.887699 -6.299290  19897.803784
3.924719 4.560546 -5.887699 -6.299290  19897.803784
3.924719 4.560546 -5.888289 -6.299290  19901.346243
3.924719 4.560546 -5.888289 -6.299290  19901.346243
3.945417 4.560546 -5.888289 -6.299290  19926.161492
3.945417 4.591727 -5.888289 -6.299290  19994.531338
3.945417 4.591727 -5.888289 -6.299290  19994.531338
3.945417 4.591727 -5.888289 -6.299290  19994.531338
4.008207 4.591727 -5.888289 -6.299290  20073.064895
4.008207 4.665028 -5.888289 -6.299290  20241.273630
4.008207 4.665028 -5.888289 -6.299290  20241.273630
4.008207 4.665028 -5.888289 -6.299290  20241.273630
4.008207 4.665028 -5.888289 -6.299290  20241.273630
4.008207 4.665028 -5.888289 -6.299290  20241.273630
4.008207 4.665028 -5.961939 -6.299290  20695.179550
4.008207 4.665028 -5.961939 -6.362191  21200.389629
4.008207 4.665028 -5.961939 -6.362191  21200.389629
4.008207 4.665028 -5.961939 -6.362191  21200.389629
4.008207 4.665028 -5.992963 -6.362191  21398.418571
4.008207 4.665028 -5.992963 -6.381812  21560.145372
4.008207 4.665028 -5.992963 -6.381812  21560.145372
4.008207 4.672862 -5.992963 -6.381812  21578.760277
4.008207 4.672862 -5.992963 -6.381812  21578.760277
4.008207 4.672862 -5.992963 -6.381812  21578.760277
4.053300 4.672862 -5.992963 -6.381812  21638.278403
4.053300 4.731060 -5.992963 -6.381812  21780.518486
4.053300 4.731060 -5.992963 -6.381812  21780.518486
4.053300 4.731060 -5.992963 -6.381812  21780.518486
4.053300 4.731060 -5.992963 -6.381812  21780.518486
4.053300 4.731060 -5.992963 -6.381812  21780.518486
4.053300 4.731060 -6.065627 -6.381812  22260.683498
4.053300 4.731060 -6.065627 -6.441926  22768.731669
4.053300 4.731060 -6.065627 -6.441926  22768.731669
4.053300 4.731060 -6.065627 -6.441926  22768.731669
4.053300 4.731060 -6.089009 -6.441926  22928.210048
4.053300 4.731060 -6.089009 -6.454849  23039.930258
4.053300 4.731060 -6.089009 -6.454849  23039.930258
4.053300 4.740453 -6.089009 -6.454849  23063.553928
4.053300 4.740453 -6.089009 -6.454849  23063.553928
4.053300 4.740453 -6.089009 -6.454849  23063.553928
4.095057 4.740453 -6.089009 -6.454849  23121.082222
4.095057 4.794998 -6.089009 -6.454849  23262.011144
4.095057 4.794998 -6.089009 -6.454849  23262.011144
4.095057 4.794998 -6.089009 -6.454849  23262.011144
4.185902 4.794998 -6.089009 -6.454849  23395.541639
4.185902 4.794998 -6.089009 -6.454849  23395.541639
4.185902 4.794998 -6.174609 -6.454849  24000.662457
4.185902 4.794998 -6.174609 -6.529373  24662.636386
4.185902 4.794998 -6.174609 -6.529373  24662.636386
4.185902 4.794998 -6.174609 -6.529373  24662.636386
4.185902 4.794998 -6.212165 -6.529373  24938.927967
4.185902 4.794998 -6.212165 -6.555659  25179.737592
4.185902 4.794998 -6.212165 -6.555659  25179.737592
4.185902 4.794998 -6.212165 -6.555659  25179.737592
4.185902 4.794998 -6.212165 -6.555659  25179.737592
4.185902 4.794998 -6.212165 -6.555659  25179.737592
4.222555 4.794998 -6.212165 -6.555659  25236.995183
4.222555 4.844116 -6.212165 -6.555659  25369.509583
4.222555 4.844116 -6.212165 -6.555659  25369.509583
4.222555 4.844116 -6.212165 -6.555659  25369.509583
4.256693 4.844116 -6.212165 -6.555659  25424.658138
4.256693 4.890810 -6.212165 -6.555659  25555.713550
4.256693 4.890810 -6.212165 -6.555659  25555.713550
4.256693 4.890810 -6.212165 -6.555659  25555.713550
4.343177 4.890810 -6.212165 -6.555659  25703.570444
4.343177 4.990290 -6.212165 -6.555659  25999.983586
4.343177 4.990290 -6.300034 -6.555659  26673.057339
4.343177 4.990290 -6.300034 -6.630763  27382.716215
4.343177 4.990290 -6.300034 -6.630763  27382.716215
4.343177 4.990290 -6.300034 -6.630763  27382.716215
4.343177 4.990290 -6.336249 -6.630763  27671.266382
4.343177 4.990290 -6.336249 -6.654010  27897.536886
4.343177 4.990290 -6.336249 -6.654010  27897.536886
4.343177 4.992941 -6.336249 -6.654010  27905.765506
4.343177 4.992941 -6.336249 -6.654010  27905.765506
4.343177 4.992941 -6.336249 -6.654010  27905.765506
4.384363 4.992941 -6.336249 -6.654010  27980.443108
4.384363 5.046839 -6.336249 -6.654010  28151.580208
4.384363 5.046839 -6.336249 -6.654010  28151.580208
4.384363 5.046839 -6.336249 -6.654010  28151.580208
4.476382 5.046839 -6.336249 -6.654010  28328.876865
4.476382 5.046839 -6.336249 -6.654010  28328.876865
4.476382 5.046839 -6.418801 -6.654010  29011.753504
4.476382 5.046839 -6.418801 -6.723789  29710.209096
4.476382 5.046839 -6.418801 -6.723789  29710.209096
4.476382 5.046839 -6.418801 -6.723789  29710.209096
4.476382 5.046839 -6.450264 -6.723789  29979.885301
4.476382 5.046839 -6.450264 -6.742601  30173.215971
4.476382 5.046839 -6.450264 -6.742601  30173.215971
4.476382 5.053910 -6.450264 -6.742601  30196.216779
4.476382 5.053910 -6.450264 -6.742601  30196.216779
4.476382 5.053910 -6.450264 -6.742601  30196.216779
4.522311 5.053910 -6.450264 -6.742601  30290.335566
4.522311 5.112607 -6.450264 -6.742601  30486.302256
4.522311 5.112607 -6.450264 -6.742601  30486.302256
4.522311 5.112607 -6.450264 -6.742601  30486.302256
4.619471 5.112607 -6.450264 -6.742601  30698.411887
4.619471 5.112607 -6.450264 -6.742601  30698.411887
4.619471 5.112607 -6.527172 -6.742601  31380.132624
4.619471 5.112607 -6.527172 -6.806708  32055.349952
4.619471 5.112607 -6.527172 -6.806708  32055.349952
4.619471 5.112607 -6.527172 -6.806708  32055.349952
4.619471 5.112607 -6.552939 -6.806708  32291.053442
4.619471 5.112607 -6.552939 -6.819678  32430.785832
4.619669 5.112607 -6.552939 -6.819678  32431.235723
4.619669 5.126048 -6.552939 -6.819678  32477.395791
4.619669 5.126048 -6.552939 -6.819678  32477.395791
4.619669 5.126048 -6.552939 -6.819678  32477.395791
4.671046 5.126048 -6.552939 -6.819678  32597.027053
4.671046 5.189863 -6.552939 -6.819678  32822.885583
4.671046 5.189863 -6.552939 -6.819678  32822.885583
4.671046 5.189863 -6.552939 -6.819678  32822.885583
4.671046 5.189863 -6.552939 -6.819678  32822.885583
4.671046 5.189863 -6.552939 -6.819678  32822.885583
4.671046 5.189863 -6.625342 -6.819678  33505.332898
4.671046 5.189863 -6.625342 -6.879487  34163.611340
4.671046 5.189863 -6.625342 -6.879487  34163.611340
4.671046 5.189863 -6.625342 -6.879487  34163.611340
4.671046 5.189863 -6.646836 -6.879487  34372.033322
4.671046 5.189863 -6.646836 -6.888302  34471.015235
4.675061 5.189863 -6.646836 -6.888302  34480.588504
4.675061 5.206804 -6.646836 -6.888302  34542.442709
4.675061 5.206804 -6.646836 -6.888302  34542.442709
4.675061 5.206804 -6.646836 -6.888302  34542.442709
4.731262 5.206804 -6.646836 -6.888302  34679.943941
4.731262 5.275845 -6.646836 -6.888302  34940.487498
4.731262 5.275845 -6.646836 -6.888302  34940.487498
4.731262 5.275845 -6.646836 -6.888302  34940.487498
4.731262 5.275845 -6.646836 -6.888302  34940.487498
4.731262 5.275845 -6.646836 -6.888302  34940.487498
4.731262 5.275845 -6.713761 -6.888302  35606.931798
4.731262 5.275845 -6.713761 -6.942469  36226.343653
4.731262 5.275845 -6.713761 -6.942469  36226.343653
4.731262 5.275845 -6.713761 -6.942469  36226.343653
4.731262 5.275845 -6.728838 -6.942469  36380.193100
4.731262 5.275845 -6.728838 -6.944781  36407.066196
4.741410 5.275845 -6.728838 -6.944781  36432.599088
4.741410 5.275845 -6.728838 -6.944781  36432.599088
4.741410 5.275845 -6.782493 -6.944781  36991.410976
4.741410 5.275845 -6.782493 -6.985851  37474.766307
4.741410 5.275845 -6.782493 -6.985851  37474.766307
4.741410 5.275845 -6.782493 -6.985851  37474.766307
4.741410 5.275845 -6.792277 -6.985851  37578.583730
4.741410 5.275845 -6.792277 -6.985851  37578.583730
4.754545 5.275845 -6.792277 -6.985851  37611.960745
4.754545 5.300360 -6.792277 -6.985851  37707.813363
4.754545 5.300360 -6.792277 -6.985851  37707.813363
4.754545 5.300360 -6.792277 -6.985851  37707.813363
4.815232 5.300360 -6.792277 -6.985851  37866.882683
4.815232 5.372137 -6.792277 -6.985851  38157.912426
4.815232 5.372137 -6.792277 -6.985851  38157.912426
4.815232 5.372137 -6.792277 -6.985851  38157.912426
4.815232 5.372137 -6.792277 -6.985851  38157.912426
4.815232 5.372137 -6.792277 -6.985851  38157.912426
4.815232 5.372137 -6.864743 -6.985851  38945.749136
4.815232 5.372137 -6.864743 -7.045246  39665.168486
4.815232 5.372137 -6.864743 -7.045246  39665.168486
4.815232 5.372137 -6.864743 -7.045246  39665.168486
4.815232 5.372137 -6.886537 -7.045246  39908.703723
4.815232 5.372137 -6.886537 -7.055809  40039.215986
4.815232 5.372137 -6.886537 -7.055809  40039.215986
4.815232 5.383165 -6.886537 -7.055809  40085.331461
4.815232 5.383165 -6.886537 -7.055809  40085.331461
4.815232 5.383165 -6.886537 -7.055809  40085.331461
4.860432 5.383165 -6.886537 -7.055809  40209.133482
4.860432 5.440958 -6.886537 -7.055809  40457.055995
4.860432 5.440958 -6.886537 -7.055809  40457.055995
4.860432 5.440958 -6.886537 -7.055809  40457.055995
4.949065 5.440958 -6.886537 -7.055809  40713.565166
4.949065 5.540249 -6.886537 -7.055809  41164.829081
4.949065 5.540249 -6.976915 -7.055809  42208.195313
4.949065 5.540249 -6.976915 -7.135955  43224.223593
4.949065 5.540249 -6.976915 -7.135955  43224.223593
4.949065 5.540249 -6.976915 -7.135955  43224.223593
4.949065 5.540249 -7.026255 -7.135955  43817.101354
4.949065 5.540249 -7.026255 -7.175049  44329.541925
4.949065 5.540249 -7.026255 -7.175049  44329.541925
4.949065 5.540249 -7.026255 -7.175049  44329.541925
4.949065 5.540249 -7.033176 -7.175049  44414.048900
4.949065 5.540249 -7.033176 -7.175049  44414.048900
4.962873 5.540249 -7.033176 -7.175049  44455.698689
4.962873 5.564714 -7.033176 -7.175049  44571.972731
4.962873 5.564714 -7.033176 -7.175049  44571.972731
4.962873 5.564714 -7.033176 -7.175049  44571.972731
5.023055 5.564714 -7.033176 -7.175049  44758.999426
5.023055 5.637134 -7.033176 -7.175049  45115.369293
5.023055 5.637134 -7.033176 -7.175049  45115.369293
5.023055 5.637134 -7.033176 -7.175049  45115.369293
5.023055 5.637134 -7.033176 -7.175049  45115.369293
5.023055 5.637134 -7.033176 -7.175049  45115.369293
5.023055 5.637134 -7.099658 -7.175049  45944.241228
5.023055 5.637134 -7.099658 -7.231732  46707.344868
5.023055 5.637134 -7.099658 -7.231732  46707.344868
5.023055 5.637134 -7.099658 -7.231732  46707.344868
5.023055 5.637134 -7.121676 -7.231732  46988.793225
5.023055 5.637134 -7.121676 -7.240328  47106.628637
5.027602 5.637134 -7.121676 -7.240328  47121.129584
5.027602 5.654014 -7.121676 -7.240328  47206.869550
5.027602 5.654014 -7.121676 -7.240328  47206.869550
5.027602 5.654014 -7.121676 -7.240328  47206.869550
5.083904 5.654014 -7.121676 -7.240328  47390.803355
5.083904 5.724588 -7.121676 -7.240328  47760.531813
5.083904 5.724588 -7.121676 -7.240328  47760.531813
5.083904 5.724588 -7.121676 -7.240328  47760.531813
5.083904 5.724588 -7.121676 -7.240328  47760.531813
5.083904 5.724588 -7.121676 -7.240328  47760.531813
5.083904 5.724588 -7.186756 -7.240328  48613.001912
5.083904 5.724588 -7.186756 -7.292563  49341.164303
5.083904 5.724588 -7.186756 -7.292563  49341.164303
5.083904 5.724588 -7.186756 -7.292563  49341.164303
5.083904 5.724588 -7.200821 -7.292563  49529.510167
5.083904 5.724588 -7.200821 -7.293485  49542.550019
5.095894 5.724588 -7.200821 -7.293485  49582.787388
5.095894 5.749839 -7.200821 -7.293485  49719.578551
5.095894 5.749839 -7.200821 -7.293485  49719.578551
5.095894 5.749839 -7.200821 -7.293485  49719.578551
5.108969 5.749839 -7.200821 -7.293485  49763.889033
5.108969 5.777120 -7.200821 -7.293485  49914.401900
5.108969 5.777120 -7.200821 -7.293485  49914.401900
5.108969 5.777120 -7.200821 -7.293485  49914.401900
5.175414 5.777120 -7.200821 -7.293485  50146.710873
5.175414 5.856515 -7.200821 -7.293485  50601.223987
5.175414 5.856515 -7.200821 -7.293485  50601.223987
5.175414 5.856515 -7.200821 -7.388851  51986.264073
5.175414 5.856515 -7.200821 -7.388851  51986.264073
5.175414 5.856515 -7.200821 -7.388851  51986.264073
5.175414 5.856515 -7.258175 -7.388851  52769.652858
5.175414 5.856515 -7.258175 -7.433014  53435.736335
5.175414 5.856515 -7.258175 -7.433014  53435.736335
5.175414 5.856515 -7.258175 -7.433014  53435.736335
5.175414 5.856515 -7.264272 -7.433014  53520.486318
5.175414 5.856515 -7.264272 -7.433014  53520.486318
5.194640 5.856515 -7.264272 -7.433014  53589.966588
5.194640 5.888777 -7.264272 -7.433014  53781.831330
5.194640 5.888777 -7.264272 -7.433014  53781.831330
5.194640 5.888777 -7.264272 -7.433014  53781.831330
5.265961 5.888777 -7.264272 -7.433014  54048.723585
5.265961 5.973436 -7.264272 -7.433014  54572.601242
5.265961 5.973436 -7.264272 -7.433014  54572.601242
5.265961 5.973436 -7.264272 -7.522627  55973.706003
5.265961 5.973436 -7.264272 -7.522627  55973.706003
5.265961 5.973436 -7.264272 -7.522627  55973.706003
5.265961 5.973436 -7.315199 -7.522627  56692.782282
5.265961 5.973436 -7.315199 -7.560429  57304.186601
5.265961 5.973436 -7.315199 -7.560429  57304.186601
5.265961 5.973436 -7.315199 -7.560429  57304.186601
5.265961 5.973436 -7.315199 -7.560429  57304.186601
5.265961 5.973436 -7.315199 -7.560429  57304.186601
5.291525 5.973436 -7.315199 -7.560429  57403.432984
5.291525 6.012161 -7.315199 -7.560429  57653.178295
5.291525 6.012161 -7.315199 -7.560429  57653.178295
5.291525 6.012161 -7.315199 -7.560429  57653.178295
5.368642 6.012161 -7.315199 -7.560429  57964.423482
5.368642 6.102104 -7.315199 -7.560429  58569.839446
5.368642 6.102104 -7.412378 -7.560429  59998.692340
5.368642 6.102104 -7.412378 -7.644479  61402.633985
5.368642 6.102104 -7.412378 -7.644479  61402.633985
5.368642 6.102104 -7.412378 -7.644479  61402.633985
5.368642 6.102104 -7.458306 -7.644479  62104.504002
5.368642 6.102104 -7.458306 -7.677401  62671.507993
5.368642 6.102104 -7.458306 -7.677401  62671.507993
5.368642 6.102104 -7.458306 -7.677401  62671.507993
5.368642 6.102104 -7.458306 -7.677401  62671.507993
5.368642 6.102104 -7.458306 -7.677401  62671.507993
5.399777 6.102104 -7.458306 -7.677401  62802.341860
5.399777 6.145998 -7.458306 -7.677401  63111.045416
5.399777 6.145998 -7.458306 -7.677401  63111.045416
5.399777 6.145998 -7.458306 -7.677401  63111.045416
5.481196 6.145998 -7.458306 -7.677401  63467.735934
5.481196 6.240418 -7.458306 -7.677401  64162.351872
5.481196 6.240418 -7.550876 -7.677401  65630.538820
5.481196 6.240418 -7.550876 -7.757444  67050.270365
5.481196 6.240418 -7.550876 -7.757444  67050.270365
5.481196 6.240418 -7.550876 -7.757444  67050.270365
5.481196 6.240418 -7.591678 -7.757444  67720.665552
5.481196 6.240418 -7.591678 -7.785291  68228.530539
5.481196 6.240418 -7.591678 -7.785291  68228.530539
5.481196 6.240418 -7.591678 -7.785291  68228.530539
5.481196 6.240418 -7.591678 -7.785291  68228.530539
5.481196 6.240418 -7.591678 -7.785291  68228.530539
5.517643 6.240418 -7.591678 -7.785291  68395.223464
5.517643 6.290458 -7.591678 -7.785291  68780.800999
5.517643 6.290458 -7.591678 -7.785291  68780.800999
5.517643 6.290458 -7.591678 -7.785291  68780.800999
5.601832 6.290458 -7.591678 -7.785291  69183.045485
5.601832 6.385826 -7.591678 -7.785291  69952.651853
5.601832 6.385826 -7.686117 -7.785291  71560.622503
5.601832 6.385826 -7.686117 -7.869484  73140.916718
5.601832 6.385826 -7.686117 -7.869484  73140.916718
5.601832 6.385826 -7.686117 -7.869484  73140.916718
5.601832 6.385826 -7.739109 -7.869484  74078.476915
5.601832 6.385826 -7.739109 -7.911685  74896.449535
5.601832 6.385826 -7.739109 -7.911685  74896.449535
5.601832 6.385826 -7.739109 -7.911685  74896.449535
5.601832 6.385826 -7.749166 -7.911685  75077.301858
5.601832 6.385826 -7.749166 -8.004830  76945.535361
5.601832 6.385826 -7.749166 -8.004830  76945.535361
5.601832 6.385826 -7.749166 -8.004830  76945.535361
5.601832 6.385826 -7.808723 -8.004830  78035.972432
5.601832 6.385826 -7.808723 -8.052070  79017.304429
5.601832 6.385826 -7.808723 -8.052070  79017.304429
5.601832 6.385826 -7.808723 -8.052070  79017.304429
5.601832 6.385826 -7.819140 -8.052070  79211.480712
5.601832 6.385826 -7.819140 -8.052257  79215.400422
5.612151 6.385826 -7.819140 -8.052257  79266.398607
5.612151 6.406895 -7.819140 -8.052257  79442.732189
5.612151 6.406895 -7.819140 -8.052257  79442.732189
5.612151 6.406895 -7.819140 -8.052257  79442.732189
5.664089 6.406895 -7.819140 -8.052257  79705.156298
5.664089 6.469623 -7.819140 -8.052257  80244.079180
5.664089 6.469623 -7.819140 -8.052257  80244.079180
5.664089 6.469623 -7.819140 -8.052257  80244.079180
5.758321 6.469623 -7.819140 -8.052257  80745.428367
5.758321 6.469623 -7.819140 -8.052257  80745.428367
5.758321 6.469623 -7.904588 -8.052257  82377.712240
5.758321 6.469623 -7.904588 -8.126093  83958.498833
5.758321 6.469623 -7.904588 -8.126093  83958.498833
5.758321 6.469623 -7.904588 -8.126093  83958.498833
5.758321 6.469623 -7.947819 -8.126093  84811.678335
5.758321 6.469623 -7.947819 -8.159094  85537.038207
5.758321 6.469623 -7.947819 -8.159094  85537.038207
5.758321 6.469623 -7.947819 -8.159094  85537.038207
5.758321 6.469623 -7.949781 -8.159094  85576.196518
5.758321 6.469623 -7.949781 -8.159094  85576.196518
5.777534 6.469623 -7.949781 -8.159094  85682.525747
5.777534 6.499665 -7.949781 -8.159094  85948.136326
5.777534 6.499665 -7.949781 -8.159094  85948.136326
5.777534 6.499665 -7.949781 -8.159094  85948.136326
5.841784 6.499665 -7.949781 -8.159094  86314.124961
5.841784 6.574497 -7.949781 -8.159094  86997.441510
5.841784 6.574497 -7.949781 -8.159094  86997.441510
5.841784 6.574497 -7.949781 -8.159094  86997.441510
5.841784 6.574497 -7.949781 -8.159094  86997.441510
5.841784 6.574497 -7.949781 -8.159094  86997.441510
5.841784 6.574497 -8.019709 -8.159094  88418.724773
5.841784 6.574497 -8.019709 -8.218871  89762.836553
5.841784 6.574497 -8.019709 -8.218871  89762.836553
5.841784 6.574497 -8.019709 -8.218871  89762.836553
5.841784 6.574497 -8.046872 -8.218871  90328.454440
5.841784 6.574497 -8.046872 -8.233839  90671.191489
5.841784 6.574497 -8.046872 -8.233839  90671.191489
5.841784 6.581571 -8.046872 -8.233839  90737.418921
5.841784 6.581571 -8.046872 -8.233839  90737.418921
5.841784 6.581571 -8.046872 -8.233839  90737.418921
5.884703 6.581571 -8.046872 -8.233839  90991.038902
5.884703 6.637330 -8.046872 -8.233839  91523.100597
5.884703 6.637330 -8.046872 -8.233839  91523.100597
5.884703 6.637330 -8.046872 -8.233839  91523.100597
5.979645 6.637330 -8.046872 -8.233839  92111.052580
5.979645 6.637330 -8.046872 -8.233839  92111.052580
5.979645 6.637330 -8.125666 -8.233839  93795.568704
5.979645 6.637330 -8.125666 -8.299779  95335.433431
5.979645 6.637330 -8.125666 -8.299779  95335.433431
5.979645 6.637330 -8.125666 -8.299779  95335.433431
5.979645 6.637330 -8.152226 -8.299779  95918.183663
5.979645 6.637330 -8.152226 -8.313305  96240.170590
5.979645 6.637330 -8.152226 -8.313305  96240.170590
5.979645 6.650322 -8.152226 -8.313305  96366.740699
5.979645 6.650322 -8.152226 -8.313305  96366.740699
5.979645 6.650322 -8.152226 -8.313305  96366.740699
6.031414 6.650322 -8.152226 -8.313305  96703.453786
6.031414 6.714861 -8.152226 -8.313305  97347.012061
6.031414 6.714861 -8.152226 -8.313305  97347.012061
6.031414 6.714861 -8.152226 -8.313305  97347.012061
6.031414 6.714861 -8.152226 -8.313305  97347.012061
6.031414 6.714861 -8.152226 -8.313305  97347.012061
6.031414 6.714861 -8.223327 -8.313305  98944.818730
6.031414 6.714861 -8.223327 -8.371300  100349.288207
6.031414 6.714861 -8.223327 -8.371300  100349.288207
6.031414 6.714861 -8.223327 -8.371300  100349.288207
6.031414 6.714861 -8.241521 -8.371300  100767.138788
6.031414 6.714861 -8.241521 -8.379178  100960.941411
6.034171 6.714861 -8.241521 -8.379178  100979.198811
6.034171 6.714861 -8.241521 -8.379178  100979.198811
6.034171 6.714861 -8.295490 -8.379178  102240.538873
6.034171 6.714861 -8.295490 -8.419087  103233.635996
6.034171 6.714861 -8.295490 -8.419087  103233.635996
6.034171 6.714861 -8.295490 -8.419087  103233.635996
6.034171 6.714861 -8.295880 -8.419087  103242.864451
6.034171 6.714861 -8.295880 -8.419087  103242.864451
6.059921 6.714861 -8.295880 -8.419087  103415.023591
6.059921 6.753769 -8.295880 -8.419087  103815.143584
6.059921 6.753769 -8.295880 -8.419087  103815.143584
6.059921 6.753769 -8.295880 -8.419087  103815.143584
6.138587 6.753769 -8.295880 -8.419087  104359.520957
6.138587 6.845854 -8.295880 -8.419087  105343.954836
6.138587 6.845854 -8.390950 -8.419087  107647.614899
6.138587 6.845854 -8.390950 -8.501075  109747.701848
6.138587 6.845854 -8.390950 -8.501075  109747.701848
6.138587 6.845854 -8.390950 -8.501075  109747.701848
6.138587 6.845854 -8.433570 -8.501075  110814.874790
6.138587 6.845854 -8.433570 -8.531689  111620.088864
6.138587 6.845854 -8.433570 -8.531689  111620.088864
6.138587 6.845854 -8.433570 -8.531689  111620.088864
6.138587 6.845854 -8.433570 -8.531689  111620.088864
6.138587 6.845854 -8.433570 -8.531689  111620.088864
6.174967 6.845854 -8.433570 -8.531689  111881.456846
6.174967 6.895160 -8.433570 -8.531689  112430.789098
6.174967 6.895160 -8.433570 -8.531689  112430.789098
6.174967 6.895160 -8.433570 -8.531689  112430.789098
6.264006 6.895160 -8.433570 -8.531689  113097.000200
6.264006 6.895160 -8.433570 -8.531689  113097.000200
6.264006 6.895160 -8.519272 -8.531689  115309.255118
6.264006 6.895160 -8.519272 -8.604827  117280.309138
6.264006 6.895160 -8.519272 -8.604827  117280.309138
6.264006 6.895160 -8.519272 -8.604827  117280.309138
6.264006 6.895160 -8.553790 -8.604827  118196.833158
6.264006 6.895160 -8.553790 -8.626918  118805.511472
6.264006 6.895160 -8.553790 -8.626918  118805.511472
6.264006 6.900314 -8.553790 -8.626918  118863.847533
6.264006 6.900314 -8.553790 -8.626918  118863.847533
6.264006 6.900314 -8.553790 -8.626918  118863.847533
6.307140 6.900314 -8.553790 -8.626918  119200.496219
6.307140 6.956334 -8.553790 -8.626918  119845.920244
6.307140 6.956334 -8.553790 -8.626918  119845.920244
6.307140 6.956334 -8.553790 -8.626918  119845.920244
6.403612 6.956334 -8.553790 -8.626918  120632.941266
6.403612 6.956334 -8.553790 -8.626918  120632.941266
6.403612 6.956334 -8.630799 -8.626918  122731.717812
6.403612 6.956334 -8.630799 -8.688800  124470.277504
6.403612 6.956334 -8.630799 -8.688800  124470.277504
6.403612 6.956334 -8.630799 -8.688800  124470.277504
6.403612 6.956334 -8.651260 -8.688800  125040.636791
6.403612 6.956334 -8.651260 -8.696762  125267.944055
6.408116 6.956334 -8.651260 -8.696762  125305.865845
6.408116 6.973370 -8.651260 -8.696762  125506.303045
6.408116 6.973370 -8.651260 -8.696762  125506.303045
6.408116 6.973370 -8.651260 -8.696762  125506.303045
6.463767 6.973370 -8.651260 -8.696762  125983.730469
6.463767 7.039731 -8.651260 -8.696762  126783.411430
6.463767 7.039731 -8.651260 -8.696762  126783.411430
6.463767 7.039731 -8.651260 -8.696762  126783.411430
6.463767 7.039731 -8.651260 -8.696762  126783.411430
6.463767 7.039731 -8.651260 -8.696762  126783.411430
6.463767 7.039731 -8.720667 -8.696762  128758.824983
6.463767 7.039731 -8.720667 -8.753011  130388.624197
6.463767 7.039731 -8.720667 -8.753011  130388.624197
6.463767 7.039731 -8.720667 -8.753011  130388.624197
6.463767 7.039731 -8.743081 -8.753011  131040.138844
6.463767 7.039731 -8.743081 -8.765281  131401.256952
6.463767 7.039731 -8.743081 -8.765281  131401.256952
6.463767 7.047858 -8.743081 -8.765281  131501.291614
6.463767 7.047858 -8.743081 -8.765281  131501.291614
6.463767 7.047858 -8.743081 -8.765281  131501.291614
6.501786 7.047858 -8.743081 -8.765281  131837.050777
6.501786 7.095895 -8.743081 -8.765281  132437.804895
6.501786 7.095895 -8.743081 -8.765281  132437.804895
6.501786 7.095895 -8.743081 -8.765281  132437.804895
6.580108 7.095895 -8.743081 -8.765281  133154.687938
6.580108 7.184468 -8.743081 -8.765281  134305.865835
6.580108 7.184468 -8.743081 -8.765281  134305.865835
6.580108 7.184468 -8.743081 -8.765281  134305.865835
6.627134 7.184468 -8.743081 -8.765281  134753.008261
6.627134 7.244329 -8.743081 -8.765281  135563.838292
6.627134 7.244329 -8.743081 -8.765281  135563.838292
6.627134 7.244329 -8.743081 -8.765281  135563.838292
6.724153 7.244329 -8.743081 -8.765281  136527.324737
6.724153 7.244329 -8.743081 -8.765281  136527.324737
6.724153 7.244329 -8.817275 -8.765281  138732.115428
6.724153 7.244329 -8.817275 -8.826852  140575.072182
6.724153 7.244329 -8.817275 -8.826852  140575.072182
6.724153 7.244329 -8.817275 -8.826852  140575.072182
6.724153 7.244329 -8.841887 -8.826852  141323.043930
6.724153 7.244329 -8.841887 -8.838758  141685.379729
6.724557 7.244329 -8.841887 -8.838758  141689.508321
6.724557 7.257288 -8.841887 -8.838758  141868.604114
6.724557 7.257288 -8.841887 -8.838758  141868.604114
6.724557 7.257288 -8.841887 -8.838758  141868.604114
6.784109 7.257288 -8.841887 -8.838758  142488.353716
6.784109 7.329305 -8.841887 -8.838758  143507.226294
6.784109 7.329305 -8.841887 -8.838758  143507.226294
6.784109 7.329305 -8.841887 -8.838758  143507.226294
6.784109 7.329305 -8.841887 -8.838758  143507.226294
6.784109 7.329305 -8.841887 -8.838758  143507.226294
6.784109 7.329305 -8.907872 -8.838758  145554.014496
6.784109 7.329305 -8.907872 -8.891721  147189.742284
6.784109 7.329305 -8.907872 -8.891721  147189.742284
6.784109 7.329305 -8.907872 -8.891721  147189.742284
6.784109 7.329305 -8.926171 -8.891721  147768.235143
6.784109 7.329305 -8.926171 -8.899760  148019.960798
6.786286 7.329305 -8.926171 -8.899760  148043.032916
6.786286 7.343738 -8.926171 -8.899760  148252.103140
6.786286 7.343738 -8.926171 -8.899760  148252.103140
6.786286 7.343738 -8.926171 -8.899760  148252.103140
6.841332 7.343738 -8.926171 -8.899760  148845.394103
6.841332 7.412363 -8.926171 -8.899760  149862.191396
6.841332 7.412363 -8.926171 -8.899760  149862.191396
6.841332 7.412363 -8.926171 -8.899760  149862.191396
6.841332 7.412363 -8.926171 -8.899760  149862.191396
6.841332 7.412363 -8.926171 -8.899760  149862.191396
6.841332 7.412363 -8.990837 -8.899760  151944.731113
6.841332 7.412363 -8.990837 -8.951809  153596.599537
6.841332 7.412363 -8.990837 -8.951809  153596.599537
6.841332 7.412363 -8.990837 -8.951809  153596.599537
6.841332 7.412363 -9.005058 -8.951809  154062.695404
6.841332 7.412363 -9.005058 -8.953541  154118.318626
6.852118 7.412363 -9.005058 -8.953541  154236.828272
6.852118 7.435447 -9.005058 -8.953541  154587.431074
6.852118 7.435447 -9.005058 -8.953541  154587.431074
6.852118 7.435447 -9.005058 -8.953541  154587.431074
6.912883 7.435447 -9.005058 -8.953541  155269.181254
6.912883 7.509578 -9.005058 -8.953541  156424.912670
6.912883 7.509578 -9.005058 -8.953541  156424.912670
6.912883 7.509578 -9.005058 -9.053422  159706.780501
6.912883 7.509578 -9.005058 -9.053422  159706.780501
6.912883 7.509578 -9.005058 -9.053422  159706.780501
6.912883 7.509578 -9.065807 -9.053422  161731.267853
6.912883 7.509578 -9.065807 -9.101497  163363.391297
6.912883 7.509578 -9.065807 -9.101497  163363.391297
6.912883 7.509578 -9.065807 -9.101497  163363.391297
6.912883 7.509578 -9.077306 -9.101497  163752.766353
6.912883 7.509578 -9.077306 -9.101497  163752.766353
6.928131 7.509578 -9.077306 -9.101497  163927.645896
6.928131 7.537248 -9.077306 -9.101497  164370.890854
6.928131 7.537248 -9.077306 -9.101497  164370.890854
6.928131 7.537248 -9.077306 -9.101497  164370.890854
6.994554 7.537248 -9.077306 -9.101497  165150.867364
6.994554 7.614955 -9.077306 -9.101497  166430.948319
6.994554 7.614955 -9.077306 -9.101497  166430.948319
6.994554 7.614955 -9.077306 -9.101497  166430.948319
6.994554 7.614955 -9.077306 -9.101497  166430.948319
6.994554 7.614955 -9.077306 -9.101497  166430.948319
6.994554 7.614955 -9.148129 -9.101497  168872.982191
6.994554 7.614955 -9.148129 -9.160861  170936.509186
6.994554 7.614955 -9.148129 -9.160861  170936.509186
6.994554 7.614955 -9.148129 -9.160861  170936.509186
6.994554 7.614955 -9.176611 -9.160861  171940.111552
6.994554 7.614955 -9.176611 -9.179101  172584.963908
6.994554 7.614955 -9.176611 -9.179101  172584.963908
6.994554 7.614955 -9.176611 -9.179101  172584.963908
6.994554 7.614955 -9.249181 -9.179101  175199.101364
