0.659161 0.659404 0.659574  0.286179
0.720476 0.720727 0.720864  0.373775
0.792139 0.792282 0.792420  0.496796
0.081762 0.081891 0.082047  0.000543
0.830900 0.831033 0.831166  0.573373
-0.889830 -0.889693 -0.889560  -0.704882
-0.876139 -0.876001 -0.875868  -0.672848
-0.075008 -0.074875 -0.074737  -0.000424
-0.139865 -0.204585 -0.204452  -0.002753
-0.258424 -0.258286 -0.311855  -0.004160
-0.354964 -0.354798 -0.354665  -0.044776
-0.032783 -0.032645 -0.032533  -0.000036
-0.022153 -0.022016 -0.021898  -0.000011
-0.011837 -0.011719 -0.011568  -0.000002
-0.001611 -0.001464 -0.001317  -0.000000
0.015465 0.015612 0.015745  0.000004
0.025891 0.026004 0.026142  0.000017
0.035960 0.036098 0.036231  0.000046
0.046011 0.046139 0.046249  0.000097
0.055659 0.055821 0.055958  0.000171
0.121260 0.121465 0.121607  0.001777
0.197235 0.197373 0.197515  0.007656
0.283356 0.283508 0.283655  0.022715
0.095607 0.095749 0.095882  0.000870
0.644181 0.644319 0.644466  0.267132
-0.876944 -0.876801 -0.876654  -0.674736
-0.863271 -0.863133 -0.862991  -0.643660
-0.061699 -0.061556 -0.061448  -0.000236
-0.113242 -0.164648 -0.164540  -0.001461
-0.205766 -0.205624 -0.246462  -0.002435
-0.276799 -0.276657 -0.276528  -0.021237
-0.019726 -0.019579 -0.019455  -0.000008
-0.009276 -0.009143 -0.009026  -0.000001
0.001391 0.001534 0.001662  0.000000
0.012897 0.013045 0.013187  0.000002
0.022868 0.023006 0.023139  0.000012
0.033407 0.033545 0.033678  0.000037
0.043663 0.043791 0.043929  0.000082
0.053188 0.053286 0.053424  0.000149
0.063110 0.063252 0.063385  0.000250
0.136403 0.136499 0.136632  0.002530
0.219118 0.219212 0.219336  0.010503
0.309373 0.309483 0.309606  0.029575
0.097940 0.098053 0.098196  0.000935
0.646400 0.646538 0.646655  0.269940
-0.873059 -0.872921 -0.872779  -0.665799
-0.859832 -0.859695 -0.859557  -0.635990
-0.058038 -0.057900 -0.057762  -0.000197
-0.104579 -0.150996 -0.150858  -0.001153
-0.186683 -0.186541 -0.221978  -0.002059
-0.247187 -0.247070 -0.246928  -0.015130
-0.014329 -0.014196 -0.014058  -0.000003
-0.003515 -0.003382 -0.003244  -0.000000
0.008676 0.008809 0.008956  0.000001
0.019822 0.019960 0.020121  0.000008
0.030276 0.030419 0.030552  0.000027
0.040437 0.040579 0.040707  0.000065
0.050473 0.050611 0.050749  0.000128
0.060932 0.061065 0.061198  0.000225
0.073013 0.073156 0.073293  0.000387
0.156144 0.156287 0.156395  0.003799
0.249629 0.249777 0.249905  0.015532
0.154081 0.154214 0.154357  0.003648
-0.084786 -0.084648 -0.084505  -0.000613
0.663717 0.663859 0.663992  0.292204
-0.857720 -0.857607 -0.857464  -0.631324
-0.843128 -0.842990 -0.842848  -0.599654
-0.028242 -0.028099 -0.027957  -0.000023
-0.045891 -0.063403 -0.063285  -0.000098
-0.070081 -0.069948 -0.076371  -0.000241
-0.072003 -0.071861 -0.071728  -0.000375
0.015051 0.015173 0.015301  0.000003
0.025139 0.025277 0.025410  0.000016
0.035432 0.035561 0.035678  0.000044
0.046370 0.046564 0.046679  0.000099
0.056316 0.056458 0.056596  0.000177
0.064518 0.064693 0.064831  0.000267
0.073933 0.074062 0.074137  0.000403
0.082893 0.083049 0.083182  0.000567
0.092336 0.092455 0.092574  0.000784
-0.005462 -0.005319 -0.005182  -0.000000
-0.092312 -0.092160 -0.092027  -0.000790
-0.167133 -0.167005 -0.166872  -0.004680
-0.062977 -0.062834 -0.062687  -0.000252
0.685558 0.685691 0.685815  0.322031
-0.835817 -0.835684 -0.835542  -0.584192
-0.822528 -0.822390 -0.822263  -0.556740
-0.020539 -0.020406 -0.020278  -0.000009
-0.031350 -0.042014 -0.041872  -0.000032
-0.042532 -0.042413 -0.042699  -0.000075
-0.032981 -0.032839 -0.032710  -0.000036
0.020097 0.020205 0.020333  0.000008
0.029061 0.029199 0.029341  0.000024
0.038699 0.038832 0.038984  0.000057
0.048272 0.048433 0.048594  0.000111
0.058009 0.058147 0.058299  0.000194
0.067226 0.067338 0.067495  0.000302
0.076555 0.076697 0.076849  0.000446
0.086070 0.086208 0.086374  0.000634
0.095571 0.095704 0.095831  0.000869
0.000638 0.000780 0.000927  -0.000000
-0.082471 -0.082333 -0.082190  -0.000564
-0.154741 -0.154608 -0.154451  -0.003716
-0.062000 -0.061867 -0.061711  -0.000240
0.686672 0.686815 0.686962  0.323571
-0.834693 -0.834565 -0.834413  -0.581859
-0.867648 -0.867378 -0.867250  -0.653466
-0.066626 -0.066551 -0.066442  -0.000297
-0.124716 -0.182695 -0.182581  -0.001951
-0.231174 -0.231099 -0.279383  -0.002889
-0.319827 -0.319675 -0.319552  -0.032753
-0.031655 -0.031559 -0.031426  -0.000032
-0.024056 -0.023957 -0.023857  -0.000014
-0.016320 -0.016215 -0.016126  -0.000004
-0.008636 -0.008536 -0.008408  -0.000001
-0.000534 -0.000396 -0.000321  -0.000000
0.009972 0.010077 0.010166  0.000001
0.021261 0.021375 0.021480  0.000009
0.029253 0.029353 0.029463  0.000025
0.037056 0.037180 0.037289  0.000050
0.082024 0.082123 0.082246  0.000549
0.135700 0.135785 0.135899  0.002493
0.198279 0.198389 0.198497  0.007783
0.072293 0.072417 0.072550  0.000376
0.817870 0.817955 0.818064  0.546863
-0.704568 -0.704463 -0.704374  -0.349892
-0.692409 -0.692267 -0.692157  -0.332119
-0.093754 -0.093635 -0.093521  -0.000827
-0.179858 -0.265842 -0.265718  -0.005844
-0.343094 -0.343014 -0.420071  -0.006619
-0.488160 -0.488031 -0.487903  -0.116420
-0.057501 -0.057398 -0.057298  -0.000191
-0.048020 -0.047882 -0.047763  -0.000112
-0.039302 -0.039201 -0.039107  -0.000061
-0.031513 -0.031380 -0.031262  -0.000032
-0.023715 -0.023621 -0.023502  -0.000014
-0.013636 -0.013517 -0.013418  -0.000003
-0.005597 -0.005368 -0.005207  -0.000000
0.004042 0.004213 0.004332  0.000000
0.015128 0.015222 0.015341  0.000003
0.038997 0.039077 0.039196  0.000059
0.070246 0.070365 0.070507  0.000345
0.109911 0.110077 0.110196  0.001323
0.047681 0.047751 0.047875  0.000108
0.793270 0.793365 0.793499  0.498935
-0.729988 -0.729888 -0.729741  -0.389233
-0.719005 -0.718895 -0.718792  -0.371863
0.080926 0.081026 0.081129  0.000528
0.168729 0.256628 0.256722  0.004785
0.352783 0.352902 0.449305  -0.002847
0.354649 0.354792 0.354934  0.044553
-0.087005 -0.086939 -0.086820  -0.000661
-0.075910 -0.075777 -0.075679  -0.000439
-0.066827 -0.066694 -0.066605  -0.000300
-0.057777 -0.057688 -0.057578  -0.000194
-0.047465 -0.047376 -0.047275  -0.000108
-0.039330 -0.039245 -0.039117  -0.000061
-0.032120 -0.032045 -0.031907  -0.000034
-0.024854 -0.024754 -0.024656  -0.000016
-0.017663 -0.017568 -0.017465  -0.000006
-0.028131 -0.028031 -0.027937  -0.000022
-0.030820 -0.030715 -0.030616  -0.000030
-0.025493 -0.025408 -0.025294  -0.000017
0.012352 0.012441 0.012551  0.000002
0.758093 0.758236 0.758355  0.435475
-0.765373 -0.765278 -0.765179  -0.448526
-0.753523 -0.753389 -0.753303  -0.427994
0.043079 0.043160 0.043230  0.000080
0.092285 0.141568 0.141639  0.000782
0.196064 0.196125 0.250768  -0.000689
0.310941 0.311017 0.311088  0.030043
0.065282 0.065348 0.065434  0.000277
0.071202 0.071268 0.071354  0.000360
0.076533 0.076599 0.076685  0.000447
0.081470 0.081551 0.081622  0.000539
0.086570 0.086640 0.086726  0.000647
0.091892 0.091957 0.092043  0.000774
0.097029 0.097095 0.097181  0.000911
-0.098200 -0.098119 -0.098053  -0.000949
-0.092180 -0.092124 -0.092033  -0.000786
-0.178821 -0.178735 -0.178669  -0.005724
-0.258991 -0.258934 -0.258844  -0.017390
-0.332939 -0.332853 -0.332787  -0.036927
-0.067981 -0.067900 -0.067834  -0.000315
0.675670 0.675741 0.675832  0.308340
-0.849580 -0.849519 -0.849433  -0.613403
-0.841083 -0.841026 -0.840956  -0.595148
-0.044591 -0.044525 -0.044439  -0.000089
-0.083785 -0.122907 -0.122832  -0.000592
-0.156604 -0.156528 -0.190073  -0.000809
-0.218296 -0.218214 -0.218149  -0.010412
-0.022616 -0.022540 -0.022469  -0.000012
-0.017042 -0.016986 -0.016895  -0.000005
-0.011683 -0.011622 -0.011536  -0.000002
-0.006104 -0.006038 -0.005973  -0.000000
-0.000583 -0.000527 -0.000436  -0.000000
0.005488 0.005545 0.005640  0.000000
0.011483 0.011544 0.011635  0.000001
0.016871 0.016952 0.017018  0.000005
0.021875 0.021956 0.022027  0.000010
0.049291 0.049362 0.049448  0.000119
0.081843 0.081920 0.081990  0.000547
0.119765 0.119826 0.119912  0.001714
0.043310 0.043387 0.043457  0.000081
0.786714 0.786775 0.786861  0.486752
-0.739063 -0.739002 -0.738911  -0.403835
-0.730670 -0.730609 -0.730523  -0.390227
0.065945 0.066006 0.066097  0.000286
0.136951 0.208043 0.208109  0.002560
0.284585 0.284642 0.361315  -0.001059
0.361599 0.361837 0.361903  0.047255
0.008248 0.008304 0.008395  0.000001
0.014448 0.014504 0.014574  0.000003
0.019954 0.020015 0.020106  0.000008
0.024896 0.024982 0.025048  0.000015
0.030213 0.030299 0.030365  0.000027
0.035574 0.035635 0.035701  0.000045
0.042978 0.043092 0.043181  0.000079
0.052426 0.052526 0.052654  0.000143
0.060883 0.061011 0.061121  0.000224
0.130370 0.130475 0.130613  0.002209
0.209440 0.209587 0.209681  0.009175
0.297648 0.297762 0.297858  0.026345
0.096856 0.097031 0.097146  0.000905
0.644073 0.644202 0.644330  0.267021
-0.877833 -0.877686 -0.877596  -0.676655
-0.865337 -0.865213 -0.865099  -0.648228
-0.065947 -0.065814 -0.065710  -0.000288
-0.121691 -0.177288 -0.177199  -0.001810
-0.223124 -0.222996 -0.268589  -0.002821
-0.304639 -0.304492 -0.304394  -0.028300
-0.027859 -0.027745 -0.027660  -0.000022
-0.019278 -0.019122 -0.019007  -0.000007
-0.010124 -0.010010 -0.009868  -0.000001
-0.000747 -0.000628 -0.000514  -0.000000
0.010268 0.010385 0.010523  0.000001
0.017648 0.017723 0.017838  0.000005
0.025456 0.025554 0.025664  0.000016
0.033633 0.033785 0.033913  0.000038
0.042735 0.042863 0.042938  0.000078
0.093591 0.093691 0.093799  0.000817
0.152595 0.152737 0.152884  0.003543
0.219307 0.219421 0.219545  0.010530
0.074515 0.074648 0.074781  0.000412
0.821666 0.821813 0.821898  0.554564
-0.700335 -0.700198 -0.700108  -0.343624
-0.889662 -0.889524 -0.889391  -0.704481
-0.088991 -0.088863 -0.088739  -0.000708
-0.168376 -0.247686 -0.247529  -0.004802
-0.318447 -0.318368 -0.388940  -0.005726
-0.451155 -0.451036 -0.450913  -0.091904
-0.052600 -0.052439 -0.052345  -0.000146
-0.042346 -0.042227 -0.042122  -0.000076
-0.034244 -0.034125 -0.034036  -0.000040
-0.025777 -0.025644 -0.025530  -0.000017
-0.016153 -0.016059 -0.015935  -0.000004
-0.008043 -0.007933 -0.007814  -0.000001
0.000781 0.000884 0.001008  0.000000
0.013018 0.013142 0.013236  0.000002
0.022547 0.022632 0.022756  0.000011
0.054021 0.054164 0.054253  0.000157
0.093023 0.093128 0.093217  0.000803
0.139902 0.140003 0.140106  0.002732
0.054470 0.054650 0.054768  0.000161
0.801250 0.801378 0.801502  0.514165
-0.721943 -0.721819 -0.721719  -0.376434
-0.709716 -0.709555 -0.709380  -0.357747
0.090404 0.090518 0.090651  0.000736
0.189084 0.287903 0.288026  0.006730
0.196517 0.196664 0.105523  0.014020
0.022200 0.022347 0.022480  0.000011
-0.072352 -0.072201 -0.072035  -0.000381
-0.061410 -0.061272 -0.061134  -0.000233
-0.050689 -0.050547 -0.050439  -0.000131
-0.040501 -0.040353 -0.040211  -0.000067
-0.029634 -0.029492 -0.029345  -0.000026
-0.019465 -0.019332 -0.019199  -0.000008
-0.008436 -0.007957 -0.007840  -0.000001
0.002648 0.002781 0.002890  0.000000
0.013833 0.013943 0.014041  0.000003
0.036593 0.036731 0.036829  0.000049
0.068275 0.068403 0.068527  0.000317
0.109440 0.109559 0.109706  0.001305
0.050105 0.050227 0.050337  0.000125
0.798276 0.798374 0.798474  0.508505
-0.723508 -0.723389 -0.723266  -0.378925
-0.711286 -0.711178 -0.711050  -0.360055
0.090588 0.090721 0.090859  0.000740
-0.008778 -0.108002 -0.107859  -0.000006
-0.197824 -0.197706 -0.287300  0.008244
-0.367256 -0.367119 -0.366957  -0.049600
-0.069479 -0.069365 -0.069241  -0.000337
-0.060959 -0.060812 -0.060665  -0.000228
-0.051534 -0.051420 -0.051336  -0.000138
-0.041830 -0.041706 -0.041608  -0.000074
-0.032333 -0.032221 -0.032102  -0.000034
-0.023364 -0.023269 -0.023175  -0.000013
-0.014566 -0.014437 -0.014328  -0.000003
-0.005985 -0.005866 -0.005767  -0.000000
0.003421 0.003540 0.003629  0.000000
0.018306 0.018443 0.018558  0.000006
0.042037 0.042180 0.042313  0.000074
0.075242 0.075398 0.075497  0.000424
0.042268 0.042387 0.042492  0.000075
0.789386 0.789524 0.789641  0.491671
-0.733664 -0.733484 -0.733370  -0.395088
-0.722358 -0.722264 -0.722140  -0.377121
0.079570 0.079687 0.079820  0.000501
0.167487 0.255484 0.255608  0.004674
0.351455 0.351555 0.447754  -0.002907
0.354170 0.354270 0.354369  0.044389
-0.085055 -0.084942 -0.084814  -0.000618
-0.075390 -0.075289 -0.075170  -0.000431
-0.065480 -0.065323 -0.065225  -0.000282
-0.054679 -0.054576 -0.054462  -0.000165
-0.045872 -0.045729 -0.045605  -0.000097
-0.079726 -0.079422 -0.079298  -0.000509
-0.069404 -0.069276 -0.069176  -0.000336
-0.059775 -0.059627 -0.059499  -0.000215
-0.049881 -0.049719 -0.049577  -0.000125
-0.090166 -0.090028 -0.089895  -0.000736
-0.120565 -0.120448 -0.120324  -0.001758
-0.140507 -0.140408 -0.140294  -0.002781
-0.010032 -0.009919 -0.009814  -0.000001
0.736943 0.737071 0.737185  0.400036
-0.786496 -0.786420 -0.786301  -0.486727
-0.773976 -0.773867 -0.773753  -0.463848
0.026951 0.027084 0.027183  0.000019
0.063378 0.099924 0.100043  0.000251
0.144762 0.144866 0.189898  -0.000774
0.243188 0.243335 0.243449  0.014362
0.061908 0.062046 0.062156  0.000236
0.072145 0.072234 0.072339  0.000374
0.080327 0.080446 0.080521  0.000517
0.088125 0.088233 0.088352  0.000682
0.096482 0.096629 0.096743  0.000895
-0.095019 -0.094900 -0.094790  -0.000861
-0.084849 -0.084707 -0.084602  -0.000613
-0.075219 -0.075144 -0.075030  -0.000428
-0.063982 -0.063835 -0.063751  -0.000263
