-0.680906 -0.513970 -0.513140 -0.512709  -0.111224
-0.680906 -0.513970 -0.513140 -0.512709  -0.111224
-0.680906 -0.513970 -0.513140 -0.512709  -0.111224
-0.680906 -0.513970 -0.587979 -0.512709  -0.076526
-0.680906 -0.513970 -0.587979 -0.579822  -0.046419
-0.680906 -0.513970 -0.587979 -0.579822  -0.046419
-0.680906 -0.513970 -0.587979 -0.579822  -0.046419
-0.680906 -0.513970 -0.632769 -0.579822  -0.015251
-0.680906 -0.513970 -0.632769 -0.616919  0.008573
-0.680906 -0.513970 -0.632769 -0.616919  0.008573
-0.680906 -0.513970 -0.632769 -0.616919  0.008573
-0.680906 -0.513970 -0.648053 -0.616919  0.021431
-0.680906 -0.513970 -0.648053 -0.624799  0.027285
-0.680906 -0.513970 -0.648053 -0.624799  0.027285
-0.680906 -0.507685 -0.648053 -0.624799  0.029425
-0.680906 -0.507685 -0.648053 -0.624799  0.029425
-0.680906 -0.507685 -0.648053 -0.624799  0.029425
-0.653306 -0.507685 -0.648053 -0.624799  0.056780
-0.653306 -0.472424 -0.648053 -0.624799  0.066974
-0.653306 -0.472424 -0.648053 -0.624799  0.066974
-0.653306 -0.472424 -0.648053 -0.624799  0.066974
-0.596729 -0.472424 -0.648053 -0.624799  0.110320
-0.596729 -0.408533 -0.648053 -0.624799  0.122473
-0.596729 -0.408533 -0.648053 -0.624799  0.122473
-0.596729 -0.408533 -0.648053 -0.624799  0.122473
-0.511707 -0.408533 -0.648053 -0.624799  0.163052
-0.511707 -0.316339 -0.648053 -0.624799  0.171265
-0.511707 -0.316339 -0.648053 -0.624799  0.171265
-0.511707 -0.316339 -0.648053 -0.719006  0.268210
-0.511707 -0.316339 -0.648053 -0.719006  0.268210
-0.511707 -0.316339 -0.648053 -0.719006  0.268210
-0.511707 -0.316339 -0.720906 -0.719006  0.348620
-0.511707 -0.316339 -0.720906 -0.785009  0.454568
-0.511707 -0.316339 -0.720906 -0.785009  0.454568
-0.511707 -0.316339 -0.720906 -0.785009  0.454568
-0.511707 -0.316339 -0.764626 -0.785009  0.521220
-0.511707 -0.316339 -0.764626 -0.820594  0.595198
-0.511707 -0.316339 -0.764626 -0.820594  0.595198
-0.511707 -0.316339 -0.764626 -0.820594  0.595198
-0.511707 -0.316339 -0.779213 -0.820594  0.621098
-0.511707 -0.316339 -0.779213 -0.828185  0.638628
-0.511707 -0.316339 -0.779213 -0.828185  0.638628
-0.511707 -0.310610 -0.779213 -0.828185  0.638905
-0.511707 -0.310610 -0.779213 -0.828185  0.638905
-0.511707 -0.310610 -0.779213 -0.828185  0.638905
-0.485326 -0.310610 -0.779213 -0.828185  0.647063
-0.485326 -0.277219 -0.779213 -0.828185  0.648317
-0.485326 -0.277219 -0.779213 -0.828185  0.648317
-0.485326 -0.277219 -0.779213 -0.828185  0.648317
-0.431287 -0.277219 -0.779213 -0.828185  0.660320
-0.431287 -0.215795 -0.779213 -0.828185  0.661490
-0.431287 -0.215795 -0.779213 -0.828185  0.661490
-0.431287 -0.215795 -0.779213 -0.828185  0.661490
-0.338866 -0.215795 -0.779213 -0.828185  0.671944
-0.338866 -0.116568 -0.779213 -0.828185  0.672390
-0.338866 -0.116568 -0.872913 -0.828185  0.891946
-0.338866 -0.116568 -0.872913 -0.915116  1.144103
-0.338866 -0.116568 -0.872913 -0.915116  1.144103
-0.338866 -0.116568 -0.872913 -0.915116  1.144103
-0.338866 -0.116568 -0.938082 -0.915116  1.363730
-0.338866 -0.116568 -0.938082 -0.972943  1.593797
-0.338866 -0.116568 -0.938082 -0.972943  1.593797
-0.338866 -0.116568 -0.938082 -0.972943  1.593797
-0.338866 -0.116568 -0.974597 -0.972943  1.746628
-0.338866 -0.116568 -0.974597 -1.002428  1.886990
-0.338866 -0.116568 -0.974597 -1.002428  1.886990
-0.338866 -0.116568 -0.974597 -1.002428  1.886990
-0.338866 -0.116568 -0.982616 -1.002428  1.923759
-0.338866 -0.116568 -0.982616 -1.003076  1.927031
-0.332521 -0.116568 -0.982616 -1.003076  1.927434
-0.332521 -0.103013 -0.982616 -1.003076  1.927444
-0.332521 -0.103013 -0.982616 -1.003076  1.927444
-0.332521 -0.103013 -0.982616 -1.003076  1.927444
-0.297811 -0.103013 -0.982616 -1.003076  1.929166
-0.297811 -0.061218 -0.982616 -1.003076  1.929177
-0.297811 -0.061218 -0.982616 -1.003076  1.929177
-0.297811 -0.061218 -0.982616 -1.003076  1.929177
-0.234491 -0.061218 -0.982616 -1.003076  1.930811
-0.234491 0.008962 -0.982616 -1.003076  1.930812
-0.234491 0.008962 -0.982616 -1.003076  1.930812
-0.234491 0.008962 -0.982616 -1.003076  1.930812
-0.142791 0.008962 -0.982616 -1.003076  1.931461
-0.142791 0.008962 -0.982616 -1.003076  1.931461
-0.142791 0.008962 -1.058534 -1.003076  2.344411
-0.142791 0.008962 -1.058534 -1.071424  2.740851
-0.142791 0.008962 -1.058534 -1.071424  2.740851
-0.142791 0.008962 -1.058534 -1.071424  2.740851
-0.142791 0.008962 -1.106563 -1.071424  3.070981
-0.142791 0.008962 -1.106563 -1.112589  3.363872
-0.142791 0.008962 -1.106563 -1.112589  3.363872
-0.142791 0.008962 -1.106563 -1.112589  3.363872
-0.142791 0.008962 -1.126397 -1.112589  3.517996
-0.142791 0.008962 -1.126397 -1.125546  3.619605
-0.142791 0.008962 -1.126397 -1.125546  3.619605
-0.142791 0.009448 -1.126397 -1.125546  3.619605
-0.142791 0.009448 -1.126397 -1.125546  3.619605
-0.142791 0.009448 -1.126397 -1.125546  3.619605
-0.121819 0.009448 -1.126397 -1.125546  3.619637
-0.121819 0.037240 -1.126397 -1.125546  3.619637
-0.121819 0.037240 -1.126397 -1.125546  3.619637
-0.121819 0.037240 -1.126397 -1.125546  3.619637
-0.072901 0.037240 -1.126397 -1.125546  3.619662
-0.072901 0.093216 -1.126397 -1.125546  3.619669
-0.072901 0.093216 -1.126397 -1.125546  3.619669
-0.072901 0.093216 -1.126397 -1.125546  3.619669
0.003879 0.093216 -1.126397 -1.125546  3.619671
0.003879 0.177277 -1.126397 -1.125546  3.619839
0.003879 0.177277 -1.126397 -1.125546  3.619839
0.003879 0.177277 -1.126397 -1.125546  3.619839
0.003879 0.177277 -1.126397 -1.125546  3.619839
0.003879 0.177277 -1.126397 -1.125546  3.619839
0.003879 0.177277 -1.208222 -1.125546  4.381329
0.003879 0.177277 -1.208222 -1.200654  5.070028
0.003879 0.177277 -1.208222 -1.200654  5.070028
0.003879 0.177277 -1.208222 -1.200654  5.070028
0.003879 0.177277 -1.262939 -1.200654  5.708297
0.003879 0.177277 -1.262939 -1.248788  6.250177
0.003879 0.177277 -1.262939 -1.248788  6.250177
0.003879 0.177277 -1.262939 -1.248788  6.250177
0.003879 0.177277 -1.291199 -1.248788  6.626098
0.003879 0.177277 -1.291199 -1.270625  6.901081
0.003879 0.177277 -1.291199 -1.270625  6.901081
0.003879 0.177277 -1.291199 -1.270625  6.901081
0.003879 0.177277 -1.293404 -1.270625  6.931836
0.003879 0.177277 -1.293404 -1.270625  6.931836
0.015144 0.177277 -1.293404 -1.270625  6.931836
0.015144 0.195654 -1.293404 -1.270625  6.931947
0.015144 0.195654 -1.293404 -1.270625  6.931947
0.015144 0.195654 -1.293404 -1.270625  6.931947
0.053802 0.195654 -1.293404 -1.270625  6.931948
0.053802 0.241247 -1.293404 -1.270625  6.932478
0.053802 0.241247 -1.293404 -1.270625  6.932478
0.053802 0.241247 -1.293404 -1.270625  6.932478
0.120109 0.241247 -1.293404 -1.270625  6.932503
0.120109 0.314555 -1.293404 -1.270625  6.934765
0.120109 0.314555 -1.293404 -1.270625  6.934765
0.120109 0.314555 -1.293404 -1.270625  6.934765
0.213983 0.314555 -1.293404 -1.270625  6.935189
0.213983 0.314555 -1.293404 -1.270625  6.935189
0.213983 0.314555 -1.386211 -1.270625  8.434046
0.213983 0.314555 -1.386211 -1.356938  9.722510
0.213983 0.314555 -1.386211 -1.356938  9.722510
0.213983 0.314555 -1.386211 -1.356938  9.722510
0.213983 0.314555 -1.452280 -1.356938  11.064245
0.213983 0.314555 -1.452280 -1.415759  12.151639
0.213983 0.314555 -1.452280 -1.415759  12.151639
0.213983 0.314555 -1.452280 -1.415759  12.151639
0.213983 0.314555 -1.490354 -1.415759  13.044055
0.213983 0.314555 -1.490354 -1.446813  13.695819
0.213983 0.314555 -1.490354 -1.446813  13.695819
0.213983 0.314555 -1.490354 -1.446813  13.695819
0.213983 0.314555 -1.501012 -1.446813  13.962517
0.213983 0.314555 -1.501012 -1.450731  14.048823
0.217090 0.314555 -1.501012 -1.450731  14.048857
0.217090 0.324668 -1.501012 -1.450731  14.049385
0.217090 0.324668 -1.501012 -1.450731  14.049385
0.217090 0.324668 -1.501012 -1.450731  14.049385
0.247680 0.324668 -1.501012 -1.450731  14.049835
0.247680 0.361940 -1.501012 -1.450731  14.052439
0.247680 0.361940 -1.501012 -1.450731  14.052439
0.247680 0.361940 -1.501012 -1.450731  14.052439
0.306392 0.361940 -1.501012 -1.450731  14.054207
0.306392 0.427719 -1.501012 -1.450731  14.062310
0.306392 0.427719 -1.501012 -1.450731  14.062310
0.306392 0.427719 -1.501012 -1.450731  14.062310
0.392984 0.427719 -1.501012 -1.450731  14.068983
0.392984 0.521185 -1.501012 -1.450731  14.093124
0.392984 0.521185 -1.527923 -1.450731  14.801079
0.392984 0.521185 -1.527923 -1.463881  15.097655
0.392984 0.521185 -1.527923 -1.463881  15.097655
0.392984 0.529773 -1.527923 -1.463881  15.100929
0.392984 0.529773 -1.527923 -1.463881  15.100929
0.392984 0.529773 -1.527923 -1.463881  15.100929
0.432516 0.529773 -1.527923 -1.463881  15.106692
0.432516 0.579418 -1.527923 -1.463881  15.130269
0.432516 0.579418 -1.527923 -1.463881  15.130269
0.432516 0.579418 -1.527923 -1.463881  15.130269
0.516317 0.579418 -1.527923 -1.463881  15.151826
0.516317 0.674631 -1.527923 -1.463881  15.226263
0.516317 0.674631 -1.621799 -1.463881  18.118724
0.516317 0.674631 -1.621799 -1.544467  20.184319
0.516317 0.674631 -1.621799 -1.544467  20.184319
0.516317 0.674631 -1.621799 -1.544467  20.184319
0.516317 0.674631 -1.667599 -1.544467  21.860585
0.516317 0.674631 -1.667599 -1.578546  22.873866
0.516317 0.674631 -1.667599 -1.578546  22.873866
0.516317 0.674631 -1.667599 -1.578546  22.873866
0.516317 0.674631 -1.667599 -1.578546  22.873866
0.516317 0.674631 -1.667599 -1.578546  22.873866
0.536264 0.674631 -1.667599 -1.578546  22.881523
0.536264 0.706166 -1.667599 -1.578546  22.917383
0.536264 0.706166 -1.667599 -1.578546  22.917383
0.536264 0.706166 -1.667599 -1.578546  22.917383
0.603685 0.706166 -1.667599 -1.578546  22.953211
0.603685 0.784346 -1.667599 -1.578546  23.074457
0.603685 0.784346 -1.667599 -1.578546  23.074457
0.603685 0.784346 -1.667599 -1.578546  23.074457
0.603685 0.784346 -1.667599 -1.578546  23.074457
0.603685 0.784346 -1.667599 -1.578546  23.074457
0.603685 0.784346 -1.736617 -1.578546  25.973423
0.603685 0.784346 -1.736617 -1.636223  27.899751
0.603685 0.784346 -1.736617 -1.636223  27.899751
0.603685 0.784346 -1.736617 -1.636223  27.899751
0.603685 0.784346 -1.761926 -1.636223  29.084735
0.603685 0.784346 -1.761926 -1.649205  29.557423
0.603685 0.784346 -1.761926 -1.649205  29.557423
0.603685 0.793525 -1.761926 -1.649205  29.575204
0.603685 0.793525 -1.761926 -1.649205  29.575204
0.603685 0.793525 -1.761926 -1.649205  29.575204
0.647637 0.793525 -1.761926 -1.649205  29.608962
0.647637 0.848594 -1.761926 -1.649205  29.734379
0.647637 0.848594 -1.761926 -1.649205  29.734379
0.647637 0.848594 -1.761926 -1.649205  29.734379
0.738101 0.848594 -1.761926 -1.649205  29.839512
0.738101 0.848594 -1.761926 -1.649205  29.839512
0.738101 0.848594 -1.852294 -1.649205  34.664155
0.738101 0.848594 -1.852294 -1.730176  37.968076
0.738101 0.848594 -1.852294 -1.730176  37.968076
0.738101 0.848594 -1.852294 -1.730176  37.968076
0.738101 0.848594 -1.904303 -1.730176  41.206069
0.738101 0.848594 -1.904303 -1.771869  43.166352
0.738101 0.848594 -1.904303 -1.771869  43.166352
0.738101 0.848594 -1.904303 -1.771869  43.166352
0.738101 0.848594 -1.920112 -1.771869  44.223255
0.738101 0.848594 -1.920112 -1.780800  44.667879
0.738101 0.848594 -1.920112 -1.780800  44.667879
0.738101 0.856066 -1.920112 -1.780800  44.687594
0.738101 0.856066 -1.920112 -1.780800  44.687594
0.738101 0.856066 -1.920112 -1.780800  44.687594
0.783370 0.856066 -1.920112 -1.780800  44.763536
0.783370 0.914602 -1.920112 -1.780800  44.943744
0.783370 0.914602 -1.920112 -1.780800  44.943744
0.783370 0.914602 -1.920112 -1.780800  44.943744
0.873307 0.914602 -1.920112 -1.780800  45.156703
0.873307 0.914602 -1.920112 -1.780800  45.156703
0.873307 0.914602 -2.009177 -1.780800  51.798041
0.873307 0.914602 -2.009177 -1.860132  56.158756
0.873307 0.914602 -2.009177 -1.860132  56.158756
0.873307 0.914602 -2.009177 -1.860132  56.158756
0.873307 0.914602 -2.056060 -1.860132  60.161215
0.873307 0.914602 -2.056060 -1.895731  62.375366
0.873307 0.914602 -2.056060 -1.895731  62.375366
0.873307 0.914602 -2.056060 -1.895731  62.375366
0.873307 0.914602 -2.058978 -1.895731  62.636830
0.873307 0.914602 -2.058978 -1.895731  62.636830
0.891355 0.914602 -2.058978 -1.895731  62.691532
0.891355 0.945314 -2.058978 -1.895731  62.806445
0.891355 0.945314 -2.058978 -1.895731  62.806445
0.891355 0.945314 -2.058978 -1.895731  62.806445
0.953372 0.945314 -2.058978 -1.895731  63.031389
0.953372 0.994277 -2.058978 -1.895731  63.248214
0.953372 0.994277 -2.058978 -1.895731  63.248214
0.953372 0.994277 -2.058978 -1.895731  63.248214
1.042184 0.994277 -2.058978 -1.895731  63.690083
1.042184 1.093373 -2.058978 -1.895731  64.280947
1.042184 1.093373 -2.148523 -1.895731  73.058698
1.042184 1.093373 -2.148523 -1.973404  78.502772
1.042184 1.093373 -2.148523 -1.973404  78.502772
1.042184 1.093373 -2.148523 -1.973404  78.502772
1.042184 1.093373 -2.189982 -1.973404  83.093738
1.042184 1.093373 -2.189982 -2.002378  85.356265
1.042184 1.093373 -2.189982 -2.002378  85.356265
1.042184 1.093373 -2.189982 -2.002378  85.356265
1.042184 1.093373 -2.189982 -2.002378  85.356265
1.042184 1.093373 -2.189982 -2.002378  85.356265
1.070983 1.093373 -2.189982 -2.002378  85.535788
1.070983 1.133181 -2.189982 -2.002378  85.841731
1.070983 1.133181 -2.189982 -2.002378  85.841731
1.070983 1.133181 -2.189982 -2.002378  85.841731
1.144202 1.133181 -2.189982 -2.002378  86.393893
1.144202 1.216949 -2.189982 -2.002378  87.194462
1.144202 1.216949 -2.189982 -2.002378  87.194462
1.144202 1.216949 -2.189982 -2.094979  95.358861
1.144202 1.216949 -2.189982 -2.094979  95.358861
1.144202 1.216949 -2.189982 -2.094979  95.358861
1.144202 1.216949 -2.245998 -2.094979  102.139300
1.144202 1.216949 -2.245998 -2.137192  106.372204
1.144202 1.216949 -2.245998 -2.137192  106.372204
1.144202 1.216949 -2.245998 -2.137192  106.372204
1.144202 1.216949 -2.252214 -2.137192  107.167576
1.144202 1.216949 -2.252214 -2.137192  107.167576
1.160383 1.216949 -2.252214 -2.137192  107.310224
1.160383 1.244297 -2.252214 -2.137192  107.623909
1.160383 1.244297 -2.252214 -2.137192  107.623909
1.160383 1.244297 -2.252214 -2.137192  107.623909
1.221076 1.244297 -2.252214 -2.137192  108.234741
1.221076 1.315923 -2.252214 -2.137192  109.197924
1.221076 1.315923 -2.252214 -2.137192  109.197924
1.221076 1.315923 -2.252214 -2.137192  109.197924
1.221076 1.315923 -2.252214 -2.137192  109.197924
1.221076 1.315923 -2.252214 -2.137192  109.197924
1.221076 1.315923 -2.321180 -2.137192  118.630601
1.221076 1.315923 -2.321180 -2.194864  124.980208
1.221076 1.315923 -2.321180 -2.194864  124.980208
1.221076 1.315923 -2.321180 -2.194864  124.980208
1.221076 1.315923 -2.340739 -2.194864  127.867421
1.221076 1.315923 -2.340739 -2.202305  128.736735
1.226152 1.315923 -2.340739 -2.202305  128.793635
1.226152 1.333484 -2.340739 -2.202305  129.064053
1.226152 1.333484 -2.340739 -2.202305  129.064053
1.226152 1.333484 -2.340739 -2.202305  129.064053
1.276082 1.333484 -2.340739 -2.202305  129.676211
1.276082 1.393749 -2.340739 -2.202305  130.719075
1.276082 1.393749 -2.340739 -2.202305  130.719075
1.276082 1.393749 -2.340739 -2.202305  130.719075
1.368425 1.393749 -2.340739 -2.202305  132.133870
1.368425 1.393749 -2.340739 -2.202305  132.133870
1.368425 1.393749 -2.426530 -2.202305  145.990325
1.368425 1.393749 -2.426530 -2.277917  155.515805
1.368425 1.393749 -2.426530 -2.277917  155.515805
1.368425 1.393749 -2.426530 -2.277917  155.515805
1.368425 1.393749 -2.470338 -2.277917  163.388789
1.368425 1.393749 -2.470338 -2.310356  167.881969
1.368425 1.393749 -2.470338 -2.310356  167.881969
1.368425 1.393749 -2.470338 -2.310356  167.881969
1.368425 1.393749 -2.472690 -2.310356  168.320866
1.368425 1.393749 -2.472690 -2.310356  168.320866
1.387318 1.393749 -2.472690 -2.310356  168.661388
1.387318 1.423353 -2.472690 -2.310356  169.244172
1.387318 1.423353 -2.472690 -2.310356  169.244172
1.387318 1.423353 -2.472690 -2.310356  169.244172
1.448672 1.423353 -2.472690 -2.310356  170.485592
1.448672 1.495318 -2.472690 -2.310356  172.119548
1.448672 1.495318 -2.472690 -2.310356  172.119548
1.448672 1.495318 -2.472690 -2.310356  172.119548
1.448672 1.495318 -2.472690 -2.310356  172.119548
1.448672 1.495318 -2.472690 -2.310356  172.119548
1.448672 1.495318 -2.542791 -2.310356  185.986929
1.448672 1.495318 -2.542791 -2.369400  194.839231
1.448672 1.495318 -2.542791 -2.369400  194.839231
1.448672 1.495318 -2.542791 -2.369400  194.839231
1.448672 1.495318 -2.566364 -2.369400  199.859007
1.448672 1.495318 -2.566364 -2.381107  201.722197
1.448672 1.495318 -2.566364 -2.381107  201.722197
1.448672 1.495318 -2.566364 -2.381107  201.722197
1.448672 1.495318 -2.580002 -2.381107  204.711585
1.448672 1.495318 -2.580002 -2.384822  205.310527
1.456323 1.495318 -2.580002 -2.384822  205.480795
1.456323 1.516823 -2.580002 -2.384822  206.034057
1.456323 1.516823 -2.580002 -2.384822  206.034057
1.456323 1.516823 -2.580002 -2.384822  206.034057
1.499125 1.516823 -2.580002 -2.384822  207.054970
1.499125 1.566708 -2.580002 -2.384822  208.465033
1.499125 1.566708 -2.580002 -2.384822  208.465033
1.499125 1.566708 -2.580002 -2.384822  208.465033
1.569912 1.566708 -2.580002 -2.384822  210.429645
1.569912 1.644506 -2.580002 -2.384822  213.017897
1.569912 1.644506 -2.580002 -2.384822  213.017897
1.569912 1.644506 -2.580002 -2.384822  213.017897
1.668590 1.644506 -2.580002 -2.384822  216.416111
1.668590 1.644506 -2.580002 -2.384822  216.416111
1.668590 1.644506 -2.667298 -2.384822  237.109347
1.668590 1.644506 -2.667298 -2.465468  251.064930
1.668590 1.644506 -2.667298 -2.465468  251.064930
1.668590 1.644506 -2.667298 -2.465468  251.064930
1.668590 1.644506 -2.726945 -2.465468  266.850752
1.668590 1.644506 -2.726945 -2.518191  277.016397
1.668590 1.644506 -2.726945 -2.518191  277.016397
1.668590 1.644506 -2.726945 -2.518191  277.016397
1.668590 1.644506 -2.759419 -2.518191  286.211432
1.668590 1.644506 -2.759419 -2.543906  291.488368
1.668590 1.644506 -2.759419 -2.543906  291.488368
1.668590 1.644506 -2.759419 -2.543906  291.488368
1.668590 1.644506 -2.764708 -2.543906  293.027746
1.668590 1.644506 -2.764708 -2.543906  293.027746
1.677378 1.644506 -2.764708 -2.543906  293.371974
1.677378 1.660305 -2.764708 -2.543906  293.960939
1.677378 1.660305 -2.764708 -2.543906  293.960939
1.677378 1.660305 -2.764708 -2.543906  293.960939
1.714564 1.660305 -2.764708 -2.543906  295.499523
1.714564 1.704677 -2.764708 -2.543906  297.277956
1.714564 1.704677 -2.764708 -2.543906  297.277956
1.714564 1.704677 -2.764708 -2.543906  297.277956
1.779199 1.704677 -2.764708 -2.543906  300.289527
1.779199 1.776251 -2.764708 -2.543906  303.576194
1.779199 1.776251 -2.764708 -2.543906  303.576194
1.779199 1.776251 -2.764708 -2.543906  303.576194
1.871938 1.776251 -2.764708 -2.543906  308.733027
1.871938 1.876043 -2.764708 -2.543906  314.290222
1.871938 1.876043 -2.857929 -2.543906  343.421695
1.871938 1.876043 -2.857929 -2.630377  362.802239
1.871938 1.876043 -2.857929 -2.630377  362.802239
1.871938 1.876043 -2.857929 -2.630377  362.802239
1.871938 1.876043 -2.923450 -2.630377  385.682598
1.871938 1.876043 -2.923450 -2.688840  400.311864
1.871938 1.876043 -2.923450 -2.688840  400.311864
1.871938 1.876043 -2.923450 -2.688840  400.311864
1.871938 1.876043 -2.960951 -2.688840  414.364150
1.871938 1.876043 -2.960951 -2.719412  422.538147
1.871938 1.876043 -2.960951 -2.719412  422.538147
1.871938 1.876043 -2.960951 -2.719412  422.538147
1.871938 1.876043 -2.970986 -2.719412  426.420822
1.871938 1.876043 -2.970986 -2.722739  427.332863
1.875479 1.876043 -2.970986 -2.722739  427.551101
1.875479 1.886738 -2.970986 -2.722739  428.221067
1.875479 1.886738 -2.970986 -2.722739  428.221067
1.875479 1.886738 -2.970986 -2.722739  428.221067
1.907338 1.886738 -2.970986 -2.722739  430.259982
1.907338 1.925346 -2.970986 -2.722739  432.808374
1.907338 1.925346 -2.970986 -2.722739  432.808374
1.907338 1.925346 -2.970986 -2.722739  432.808374
1.966712 1.925346 -2.970986 -2.722739  436.989708
1.966712 1.991640 -2.970986 -2.722739  441.869315
1.966712 1.991640 -2.970986 -2.722739  441.869315
1.966712 1.991640 -2.970986 -2.722739  441.869315
2.054531 1.991640 -2.970986 -2.722739  449.052090
2.054531 2.086694 -2.970986 -2.722739  457.278687
2.054531 2.086694 -3.068785 -2.722739  497.969532
2.054531 2.086694 -3.068785 -2.813633  524.669975
2.054531 2.086694 -3.068785 -2.813633  524.669975
2.054531 2.086694 -3.068785 -2.813633  524.669975
2.054531 2.086694 -3.139017 -2.813633  557.272242
2.054531 2.086694 -3.139017 -2.877029  578.053598
2.054531 2.086694 -3.139017 -2.877029  578.053598
2.054531 2.086694 -3.139017 -2.877029  578.053598
2.054531 2.086694 -3.238107 -2.877029  629.291050
2.054531 2.086694 -3.238107 -2.964907  661.291188
2.054531 2.086694 -3.238107 -2.964907  661.291188
2.054531 2.086694 -3.238107 -2.964907  661.291188
2.054531 2.086694 -3.295504 -2.964907  693.981526
2.054531 2.086694 -3.295504 -3.010859  712.295279
2.054531 2.086694 -3.295504 -3.010859  712.295279
2.054531 2.086694 -3.295504 -3.010859  712.295279
2.054531 2.086694 -3.306531 -3.010859  718.842156
2.054531 2.086694 -3.306531 -3.011497  719.104667
2.064697 2.086694 -3.306531 -3.011497  720.019389
2.064697 2.107191 -3.306531 -3.011497  722.001066
2.064697 2.107191 -3.306531 -3.011497  722.001066
2.064697 2.107191 -3.306531 -3.011497  722.001066
2.117841 2.107191 -3.306531 -3.011497  727.085072
2.117841 2.172867 -3.306531 -3.011497  733.975690
2.117841 2.172867 -3.306531 -3.011497  733.975690
2.117841 2.172867 -3.306531 -3.011497  733.975690
2.117841 2.172867 -3.306531 -3.011497  733.975690
2.117841 2.172867 -3.306531 -3.011497  733.975690
2.117841 2.172867 -3.380280 -3.011497  780.063148
2.117841 2.172867 -3.380280 -3.072167  806.039208
2.117841 2.172867 -3.380280 -3.072167  806.039208
2.117841 2.172867 -3.380280 -3.072167  806.039208
2.117841 2.172867 -3.407021 -3.072167  823.774387
2.117841 2.172867 -3.407021 -3.087487  830.666104
2.117841 2.172867 -3.407021 -3.087487  830.666104
2.117841 2.179199 -3.407021 -3.087487  831.376063
2.117841 2.179199 -3.407021 -3.087487  831.376063
2.117841 2.179199 -3.407021 -3.087487  831.376063
2.156134 2.179199 -3.407021 -3.087487  835.369649
2.156134 2.229075 -3.407021 -3.087487  841.257060
2.156134 2.229075 -3.407021 -3.087487  841.257060
2.156134 2.229075 -3.407021 -3.087487  841.257060
2.243169 2.229075 -3.407021 -3.087487  851.452845
2.243169 2.327019 -3.407021 -3.087487  864.653582
2.243169 2.327019 -3.497352 -3.087487  928.823558
2.243169 2.327019 -3.497352 -3.166202  966.458412
2.243169 2.327019 -3.497352 -3.166202  966.458412
2.243169 2.327019 -3.497352 -3.166202  966.458412
2.243169 2.327019 -3.539965 -3.166202  999.121538
2.243169 2.327019 -3.539965 -3.197223  1015.017677
2.243169 2.327019 -3.539965 -3.197223  1015.017677
2.243169 2.327019 -3.539965 -3.197223  1015.017677
2.243169 2.327019 -3.539965 -3.197223  1015.017677
2.243169 2.327019 -3.539965 -3.197223  1015.017677
2.270785 2.327019 -3.539965 -3.197223  1018.600835
2.270785 2.366526 -3.539965 -3.197223  1024.593078
2.270785 2.366526 -3.539965 -3.197223  1024.593078
2.270785 2.366526 -3.539965 -3.197223  1024.593078
2.346588 2.366526 -3.539965 -3.197223  1035.366350
2.346588 2.452568 -3.539965 -3.197223  1049.877507
2.346588 2.452568 -3.539965 -3.197223  1049.877507
2.346588 2.452568 -3.539965 -3.287582  1099.832567
2.346588 2.452568 -3.539965 -3.287582  1099.832567
2.346588 2.452568 -3.539965 -3.287582  1099.832567
2.346588 2.452568 -3.595286 -3.287582  1144.647919
2.346588 2.452568 -3.595286 -3.330923  1170.638528
2.346588 2.452568 -3.595286 -3.330923  1170.638528
2.346588 2.452568 -3.595286 -3.330923  1170.638528
2.346588 2.452568 -3.601064 -3.330923  1175.481276
2.346588 2.452568 -3.601064 -3.330923  1175.481276
2.362856 2.452568 -3.601064 -3.330923  1177.982148
2.362856 2.481953 -3.601064 -3.330923  1183.426844
2.362856 2.481953 -3.601064 -3.330923  1183.426844
2.362856 2.481953 -3.601064 -3.330923  1183.426844
2.430485 2.481953 -3.601064 -3.330923  1194.587907
2.430485 2.562379 -3.601064 -3.330923  1210.868954
2.430485 2.562379 -3.601064 -3.330923  1210.868954
2.430485 2.562379 -3.601064 -3.423204  1270.903995
2.430485 2.562379 -3.601064 -3.423204  1270.903995
2.430485 2.562379 -3.601064 -3.423204  1270.903995
2.430485 2.562379 -3.653962 -3.423204  1316.706640
2.430485 2.562379 -3.653962 -3.462764  1344.503603
2.430485 2.562379 -3.653962 -3.462764  1344.503603
2.430485 2.562379 -3.653962 -3.462764  1344.503603
2.430485 2.562379 -3.655320 -3.462764  1345.715003
2.430485 2.562379 -3.655320 -3.462764  1345.715003
2.455969 2.562379 -3.655320 -3.462764  1350.255771
2.455969 2.601722 -3.655320 -3.462764  1359.000663
2.455969 2.601722 -3.655320 -3.462764  1359.000663
2.455969 2.601722 -3.655320 -3.462764  1359.000663
2.493496 2.601722 -3.655320 -3.462764  1366.038947
2.493496 2.651766 -3.655320 -3.462764  1377.953257
2.493496 2.651766 -3.655320 -3.462764  1377.953257
2.493496 2.651766 -3.655320 -3.462764  1377.953257
2.581671 2.651766 -3.655320 -3.462764  1396.245210
2.581671 2.651766 -3.655320 -3.462764  1396.245210
2.581671 2.651766 -3.742163 -3.462764  1477.535804
2.581671 2.651766 -3.742163 -3.538508  1534.421819
2.581671 2.651766 -3.742163 -3.538508  1534.421819
2.581671 2.651766 -3.742163 -3.538508  1534.421819
2.581671 2.651766 -3.785506 -3.538508  1577.916293
2.581671 2.651766 -3.785506 -3.571106  1603.944765
2.581671 2.651766 -3.785506 -3.571106  1603.944765
2.581671 2.651766 -3.785506 -3.571106  1603.944765
2.581671 2.651766 -3.785506 -3.571106  1603.944765
2.581671 2.651766 -3.785506 -3.571106  1603.944765
2.604754 2.651766 -3.785506 -3.571106  1609.164323
2.604754 2.685909 -3.785506 -3.571106  1617.825963
2.604754 2.685909 -3.785506 -3.571106  1617.825963
2.604754 2.685909 -3.785506 -3.571106  1617.825963
2.672793 2.685909 -3.785506 -3.571106  1634.325924
2.672793 2.765910 -3.785506 -3.571106  1656.421190
2.672793 2.765910 -3.785506 -3.571106  1656.421190
2.672793 2.765910 -3.785506 -3.669101  1740.602095
2.672793 2.765910 -3.785506 -3.669101  1740.602095
2.672793 2.765910 -3.785506 -3.669101  1740.602095
2.672793 2.765910 -3.854073 -3.669101  1813.600471
2.672793 2.765910 -3.854073 -3.727977  1868.692348
2.672793 2.765910 -3.854073 -3.727977  1868.692348
2.672793 2.765910 -3.854073 -3.727977  1868.692348
2.672793 2.765910 -3.883223 -3.727977  1901.340825
2.672793 2.765910 -3.883223 -3.750032  1922.893834
2.672793 2.765910 -3.883223 -3.750032  1922.893834
2.672793 2.765910 -3.883223 -3.750032  1922.893834
2.672793 2.765910 -3.884754 -3.750032  1924.635977
2.672793 2.765910 -3.884754 -3.750032  1924.635977
2.684747 2.765910 -3.884754 -3.750032  1927.713631
2.684747 2.784833 -3.884754 -3.750032  1933.327207
2.684747 2.784833 -3.884754 -3.750032  1933.327207
2.684747 2.784833 -3.884754 -3.750032  1933.327207
2.724070 2.784833 -3.884754 -3.750032  1943.845535
2.724070 2.831295 -3.884754 -3.750032  1958.291715
2.724070 2.831295 -3.884754 -3.750032  1958.291715
2.724070 2.831295 -3.884754 -3.750032  1958.291715
2.791259 2.831295 -3.884754 -3.750032  1977.725765
2.791259 2.905272 -3.884754 -3.750032  2002.769760
2.791259 2.905272 -3.884754 -3.750032  2002.769760
2.791259 2.905272 -3.884754 -3.750032  2002.769760
2.886158 2.905272 -3.884754 -3.750032  2033.598664
2.886158 2.905272 -3.884754 -3.750032  2033.598664
2.886158 2.905272 -3.976113 -3.750032  2142.642716
2.886158 2.905272 -3.976113 -3.750032  2142.642716
2.916207 2.905272 -3.976113 -3.750032  2153.287393
2.916207 2.949974 -3.976113 -3.750032  2169.708775
2.916207 2.949974 -3.976113 -3.750032  2169.708775
2.916207 2.949974 -3.976113 -3.750032  2169.708775
2.999922 2.949974 -3.976113 -3.750032  2201.769856
2.999922 3.046833 -3.976113 -3.750032  2240.934602
2.999922 3.046833 -4.067296 -3.750032  2360.233035
2.999922 3.046833 -4.067296 -3.827080  2439.614230
2.999922 3.046833 -4.067296 -3.827080  2439.614230
2.999922 3.046833 -4.067296 -3.827080  2439.614230
2.999922 3.046833 -4.103320 -3.827080  2489.788152
2.999922 3.046833 -4.103320 -3.849477  2514.093846
2.999922 3.046833 -4.103320 -3.849477  2514.093846
2.999922 3.050453 -4.103320 -3.849477  2515.657239
2.999922 3.050453 -4.103320 -3.849477  2515.657239
2.999922 3.050453 -4.103320 -3.849477  2515.657239
3.042968 3.050453 -4.103320 -3.849477  2533.596476
3.042968 3.106254 -4.103320 -3.849477  2558.655199
3.042968 3.106254 -4.103320 -3.849477  2558.655199
3.042968 3.106254 -4.103320 -3.849477  2558.655199
3.137474 3.106254 -4.103320 -3.849477  2601.766342
3.137474 3.106254 -4.103320 -3.849477  2601.766342
3.137474 3.106254 -4.183144 -3.849477  2719.402207
3.137474 3.106254 -4.183144 -3.915645  2794.591565
3.137474 3.106254 -4.183144 -3.915645  2794.591565
3.137474 3.106254 -4.183144 -3.915645  2794.591565
3.137474 3.106254 -4.209986 -3.915645  2836.218611
3.137474 3.106254 -4.209986 -3.954132  2882.353694
3.137474 3.106254 -4.209986 -3.954132  2882.353694
3.137474 3.106254 -4.209986 -3.954132  2882.353694
3.137474 3.106254 -4.209986 -3.954132  2882.353694
3.137474 3.106254 -4.209986 -3.954132  2882.353694
3.164388 3.106254 -4.209986 -3.954132  2895.618861
3.164388 3.145338 -4.209986 -3.954132  2914.275812
3.164388 3.145338 -4.209986 -3.954132  2914.275812
3.164388 3.145338 -4.209986 -3.954132  2914.275812
3.240934 3.145338 -4.209986 -3.954132  2954.553562
3.240934 3.234795 -4.209986 -3.954132  3000.893442
3.240934 3.234795 -4.308238 -3.954132  3162.591368
3.240934 3.234795 -4.308238 -4.039754  3271.878037
3.240934 3.234795 -4.308238 -4.039754  3271.878037
3.240934 3.234795 -4.308238 -4.039754  3271.878037
3.240934 3.234795 -4.354974 -4.039754  3354.148214
3.240934 3.234795 -4.354974 -4.074722  3401.526780
3.240934 3.234795 -4.354974 -4.074722  3401.526780
3.240934 3.234795 -4.354974 -4.074722  3401.526780
3.240934 3.234795 -4.354974 -4.074722  3401.526780
3.240934 3.234795 -4.354974 -4.074722  3401.526780
3.270981 3.234795 -4.354974 -4.074722  3418.411919
3.270981 3.278039 -4.354974 -4.074722  3442.727923
3.270981 3.278039 -4.354974 -4.074722  3442.727923
3.270981 3.278039 -4.354974 -4.074722  3442.727923
3.352902 3.278039 -4.354974 -4.074722  3492.025349
3.352902 3.372799 -4.354974 -4.074722  3549.989184
3.352902 3.372799 -4.447470 -4.074722  3723.561075
3.352902 3.372799 -4.447470 -4.153439  3836.334184
3.352902 3.372799 -4.447470 -4.153439  3836.334184
3.352902 3.372799 -4.447470 -4.153439  3836.334184
3.352902 3.372799 -4.485545 -4.153439  3912.105440
3.352902 3.372799 -4.485545 -4.178817  3950.332147
3.352902 3.372799 -4.485545 -4.178817  3950.332147
3.352902 3.372799 -4.485545 -4.178817  3950.332147
3.352902 3.372799 -4.485545 -4.178817  3950.332147
3.352902 3.372799 -4.485545 -4.178817  3950.332147
3.390158 3.372799 -4.485545 -4.178817  3974.403751
3.390158 3.422706 -4.485545 -4.178817  4007.665446
3.390158 3.422706 -4.485545 -4.178817  4007.665446
3.390158 3.422706 -4.485545 -4.178817  4007.665446
3.478690 3.422706 -4.485545 -4.178817  4069.272185
3.478690 3.422706 -4.485545 -4.178817  4069.272185
3.478690 3.422706 -4.571387 -4.178817  4249.802864
3.478690 3.422706 -4.571387 -4.252193  4365.677253
3.478690 3.422706 -4.571387 -4.252193  4365.677253
3.478690 3.422706 -4.571387 -4.252193  4365.677253
3.478690 3.422706 -4.607164 -4.252193  4445.029065
3.478690 3.422706 -4.607164 -4.274431  4481.763017
3.478690 3.422706 -4.607164 -4.274431  4481.763017
3.478690 3.425909 -4.607164 -4.274431  4483.965413
3.478690 3.425909 -4.607164 -4.274431  4483.965413
3.478690 3.425909 -4.607164 -4.274431  4483.965413
3.520328 3.425909 -4.607164 -4.274431  4515.192264
3.520328 3.479970 -4.607164 -4.274431  4553.621550
3.520328 3.479970 -4.607164 -4.274431  4553.621550
3.520328 3.479970 -4.607164 -4.274431  4553.621550
3.612729 3.479970 -4.607164 -4.274431  4628.399573
3.612729 3.479970 -4.607164 -4.274431  4628.399573
3.612729 3.479970 -4.689571 -4.274431  4820.801000
3.612729 3.479970 -4.689571 -4.343586  4940.022998
3.612729 3.479970 -4.689571 -4.343586  4940.022998
3.612729 3.479970 -4.689571 -4.343586  4940.022998
3.612729 3.479970 -4.720344 -4.343586  5015.421942
3.612729 3.479970 -4.720344 -4.361647  5047.834665
3.612729 3.479970 -4.720344 -4.361647  5047.834665
3.612729 3.487238 -4.720344 -4.361647  5053.186719
3.612729 3.487238 -4.720344 -4.361647  5053.186719
3.612729 3.487238 -4.720344 -4.361647  5053.186719
3.657361 3.487238 -4.720344 -4.361647  5092.152420
3.657361 3.544591 -4.720344 -4.361647  5135.978491
3.657361 3.544591 -4.720344 -4.361647  5135.978491
3.657361 3.544591 -4.720344 -4.361647  5135.978491
3.752654 3.544591 -4.720344 -4.361647  5225.789820
3.752654 3.544591 -4.720344 -4.361647  5225.789820
3.752654 3.544591 -4.800049 -4.361647  5430.441301
3.752654 3.544591 -4.800049 -4.429091  5556.318144
3.752654 3.544591 -4.800049 -4.429091  5556.318144
3.752654 3.544591 -4.800049 -4.429091  5556.318144
3.752654 3.544591 -4.830205 -4.429091  5637.373953
3.752654 3.544591 -4.830205 -4.515750  5810.769781
3.752654 3.544591 -4.830205 -4.515750  5810.769781
3.752654 3.544591 -4.830205 -4.515750  5810.769781
3.752654 3.544591 -4.878529 -4.515750  5944.950163
3.752654 3.544591 -4.878529 -4.552838  6023.338094
3.752654 3.544591 -4.878529 -4.552838  6023.338094
3.752654 3.544591 -4.878529 -4.552838  6023.338094
3.752654 3.544591 -4.881204 -4.552838  6030.922077
3.752654 3.544591 -4.881204 -4.552838  6030.922077
3.770227 3.544591 -4.881204 -4.552838  6048.511484
3.770227 3.571869 -4.881204 -4.552838  6070.375771
3.770227 3.571869 -4.881204 -4.552838  6070.375771
3.770227 3.571869 -4.881204 -4.552838  6070.375771
3.826976 3.571869 -4.881204 -4.552838  6129.460268
3.826976 3.639209 -4.881204 -4.552838  6186.371610
3.826976 3.639209 -4.881204 -4.552838  6186.371610
3.826976 3.639209 -4.881204 -4.552838  6186.371610
3.922080 3.639209 -4.881204 -4.552838  6293.565727
3.922080 3.639209 -4.881204 -4.552838  6293.565727
3.922080 3.639209 -4.971833 -4.552838  6560.542280
3.922080 3.639209 -4.971833 -4.636486  6746.971115
3.922080 3.639209 -4.971833 -4.636486  6746.971115
3.922080 3.639209 -4.971833 -4.636486  6746.971115
3.922080 3.639209 -5.034872 -4.636486  6944.510387
3.922080 3.639209 -5.034872 -4.692585  7077.309035
3.922080 3.639209 -5.034872 -4.692585  7077.309035
3.922080 3.639209 -5.034872 -4.692585  7077.309035
3.922080 3.639209 -5.070314 -4.692585  7192.803906
3.922080 3.639209 -5.070314 -4.721069  7262.704594
3.922080 3.639209 -5.070314 -4.721069  7262.704594
3.922080 3.639209 -5.070314 -4.721069  7262.704594
3.922080 3.639209 -5.077524 -4.721069  7286.597043
3.922080 3.639209 -5.077524 -4.721235  7287.009283
3.928881 3.639209 -5.077524 -4.721235  7295.083862
3.928881 3.652888 -5.077524 -4.721235  7307.170729
3.928881 3.652888 -5.077524 -4.721235  7307.170729
3.928881 3.652888 -5.077524 -4.721235  7307.170729
3.963146 3.652888 -5.077524 -4.721235  7348.711647
3.963146 3.694092 -5.077524 -4.721235  7386.230936
3.963146 3.694092 -5.077524 -4.721235  7386.230936
3.963146 3.694092 -5.077524 -4.721235  7386.230936
4.025348 3.694092 -5.077524 -4.721235  7465.402549
4.025348 3.763424 -5.077524 -4.721235  7532.427567
4.025348 3.763424 -5.077524 -4.721235  7532.427567
4.025348 3.763424 -5.077524 -4.721235  7532.427567
4.114891 3.763424 -5.077524 -4.721235  7655.322981
4.114891 3.859887 -5.077524 -4.721235  7757.164515
4.114891 3.859887 -5.174197 -4.721235  8090.913829
4.114891 3.859887 -5.174197 -4.811049  8322.685130
4.114891 3.859887 -5.174197 -4.811049  8322.685130
4.114891 3.859887 -5.174197 -4.811049  8322.685130
4.114891 3.859887 -5.242539 -4.811049  8574.163094
4.114891 3.859887 -5.242539 -4.872466  8742.936971
4.114891 3.859887 -5.242539 -4.872466  8742.936971
4.114891 3.859887 -5.242539 -4.872466  8742.936971
4.114891 3.859887 -5.283731 -4.872466  8900.979748
4.114891 3.859887 -5.283731 -4.906874  8999.326525
4.114891 3.859887 -5.283731 -4.906874  8999.326525
4.114891 3.859887 -5.283731 -4.906874  8999.326525
4.114891 3.859887 -5.296890 -4.906874  9050.865690
4.114891 3.859887 -5.296890 -4.912936  9068.482285
4.115962 3.859887 -5.296890 -4.912936  9070.017463
4.115962 3.868073 -5.296890 -4.912936  9079.141498
4.115962 3.868073 -5.296890 -4.912936  9079.141498
4.115962 3.868073 -5.296890 -4.912936  9079.141498
4.144810 3.868073 -5.296890 -4.912936  9121.122639
4.144810 3.903998 -5.296890 -4.912936  9162.086800
4.144810 3.903998 -5.296890 -4.912936  9162.086800
4.144810 3.903998 -5.296890 -4.912936  9162.086800
4.202529 3.903998 -5.296890 -4.912936  9249.666557
4.202529 3.968837 -5.296890 -4.912936  9327.519302
4.202529 3.968837 -5.296890 -4.912936  9327.519302
4.202529 3.968837 -5.296890 -4.912936  9327.519302
4.288129 3.968837 -5.296890 -4.912936  9466.571073
4.288129 4.061425 -5.296890 -4.912936  9586.918104
4.288129 4.061425 -5.296890 -4.912936  9586.918104
4.288129 4.061425 -5.296890 -5.006694  9870.654350
4.288129 4.061425 -5.296890 -5.006694  9870.654350
4.288129 4.061425 -5.296890 -5.006694  9870.654350
4.288129 4.061425 -5.369288 -5.006694  10163.507323
4.288129 4.061425 -5.369288 -5.071987  10374.062876
4.330290 4.061425 -5.369288 -5.071987  10446.756912
4.330290 4.112607 -5.369288 -5.071987  10518.165329
4.330290 4.112607 -5.369288 -5.071987  10518.165329
4.330290 4.112607 -5.369288 -5.071987  10518.165329
4.402632 4.112607 -5.369288 -5.071987  10649.668642
4.402632 4.191922 -5.369288 -5.071987  10767.576989
4.402632 4.191922 -5.369288 -5.071987  10767.576989
4.402632 4.191922 -5.369288 -5.071987  10767.576989
4.502310 4.191922 -5.369288 -5.071987  10963.497940
4.502310 4.191922 -5.369288 -5.071987  10963.497940
4.502310 4.191922 -5.455243 -5.071987  11332.314838
4.502310 4.191922 -5.455243 -5.150769  11601.223018
4.502310 4.191922 -5.455243 -5.150769  11601.223018
4.502310 4.191922 -5.455243 -5.150769  11601.223018
4.502310 4.191922 -5.511994 -5.150769  11857.812440
4.502310 4.191922 -5.511994 -5.199968  12034.298604
4.502310 4.191922 -5.511994 -5.199968  12034.298604
4.502310 4.191922 -5.511994 -5.199968  12034.298604
4.502310 4.191922 -5.540337 -5.199968  12166.464934
4.502310 4.191922 -5.540337 -5.221391  12245.429957
4.502310 4.191922 -5.540337 -5.221391  12245.429957
4.502310 4.191922 -5.540337 -5.221391  12245.429957
4.502310 4.191922 -5.541274 -5.221391  12249.845007
4.502310 4.191922 -5.541274 -5.221391  12249.845007
4.515156 4.191922 -5.541274 -5.221391  12276.390438
4.515156 4.211694 -5.541274 -5.221391  12307.205562
4.515156 4.211694 -5.541274 -5.221391  12307.205562
4.515156 4.211694 -5.541274 -5.221391  12307.205562
4.555576 4.211694 -5.541274 -5.221391  12392.717123
4.555576 4.258862 -5.541274 -5.221391  12468.606084
4.555576 4.258862 -5.541274 -5.221391  12468.606084
4.555576 4.258862 -5.541274 -5.221391  12468.606084
4.623368 4.258862 -5.541274 -5.221391  12619.007380
4.623368 4.333860 -5.541274 -5.221391  12746.794576
4.623368 4.333860 -5.541274 -5.221391  12746.794576
4.623368 4.333860 -5.541274 -5.221391  12746.794576
4.719105 4.333860 -5.541274 -5.221391  12974.757381
4.719105 4.333860 -5.541274 -5.221391  12974.757381
4.719105 4.333860 -5.630441 -5.221391  13408.856170
4.719105 4.333860 -5.630441 -5.303258  13722.790789
4.719105 4.333860 -5.630441 -5.303258  13722.790789
4.719105 4.333860 -5.630441 -5.303258  13722.790789
4.719105 4.333860 -5.690707 -5.303258  14032.181124
4.719105 4.333860 -5.690707 -5.356475  14246.919447
4.719105 4.333860 -5.690707 -5.356475  14246.919447
4.719105 4.333860 -5.690707 -5.356475  14246.919447
4.719105 4.333860 -5.722494 -5.356475  14415.472874
4.719105 4.333860 -5.722494 -5.380968  14517.214546
4.719105 4.333860 -5.722494 -5.380968  14517.214546
4.719105 4.333860 -5.722494 -5.380968  14517.214546
4.719105 4.333860 -5.726087 -5.380968  14536.505846
4.719105 4.333860 -5.726087 -5.380968  14536.505846
4.729746 4.333860 -5.726087 -5.380968  14563.012670
4.729746 4.351634 -5.726087 -5.380968  14594.622416
4.729746 4.351634 -5.726087 -5.380968  14594.622416
4.729746 4.351634 -5.726087 -5.380968  14594.622416
4.768471 4.351634 -5.726087 -5.380968  14693.120586
4.768471 4.397128 -5.726087 -5.380968  14776.413906
4.768471 4.397128 -5.726087 -5.380968  14776.413906
4.768471 4.397128 -5.726087 -5.380968  14776.413906
4.834479 4.397128 -5.726087 -5.380968  14951.845129
4.834479 4.470076 -5.726087 -5.380968  15092.797388
4.834479 4.470076 -5.726087 -5.380968  15092.797388
4.834479 4.470076 -5.726087 -5.380968  15092.797388
4.927984 4.470076 -5.726087 -5.380968  15358.259992
4.927984 4.470076 -5.726087 -5.380968  15358.259992
4.927984 4.470076 -5.818913 -5.380968  15873.664183
4.927984 4.470076 -5.818913 -5.466720  16244.768497
4.927984 4.470076 -5.818913 -5.466720  16244.768497
4.927984 4.470076 -5.818913 -5.466720  16244.768497
4.927984 4.470076 -5.883827 -5.466720  16625.282692
4.927984 4.470076 -5.883827 -5.524700  16889.750387
4.927984 4.470076 -5.883827 -5.524700  16889.750387
4.927984 4.470076 -5.883827 -5.524700  16889.750387
4.927984 4.470076 -5.920497 -5.524700  17112.249050
4.927984 4.470076 -5.920497 -5.554392  17252.048266
4.927984 4.470076 -5.920497 -5.554392  17252.048266
4.927984 4.470076 -5.920497 -5.554392  17252.048266
4.927984 4.470076 -5.920497 -5.554392  17252.048266
4.927984 4.470076 -5.920497 -5.554392  17252.048266
5.008440 4.470076 -5.920497 -5.554392  17497.170142
5.008440 4.557851 -5.920497 -5.554392  17679.413917
5.008440 4.557851 -5.920497 -5.554392  17679.413917
5.008440 4.557851 -5.920497 -5.652658  18163.906375
5.008440 4.557851 -5.920497 -5.652658  18163.906375
5.008440 4.557851 -5.920497 -5.652658  18163.906375
5.008440 4.557851 -5.997086 -5.652658  18646.747688
5.008440 4.557851 -5.997086 -5.722138  19010.254989
5.008440 4.557851 -5.997086 -5.722138  19010.254989
5.008440 4.557851 -5.997086 -5.722138  19010.254989
5.008440 4.557851 -6.045855 -5.722138  19330.838320
5.008440 4.557851 -6.045855 -5.763276  19554.554331
5.008440 4.557851 -6.045855 -5.763276  19554.554331
5.008440 4.557851 -6.045855 -5.763276  19554.554331
5.008440 4.557851 -6.066038 -5.763276  19690.285505
5.008440 4.557851 -6.066038 -5.776500  19763.565697
5.008440 4.557851 -6.066038 -5.776500  19763.565697
5.008440 4.558914 -6.066038 -5.776500  19765.860014
5.008440 4.558914 -6.066038 -5.776500  19765.860014
5.008440 4.558914 -6.066038 -5.776500  19765.860014
5.030671 4.558914 -6.066038 -5.776500  19836.427513
5.030671 4.588032 -6.066038 -5.776500  19900.126985
5.030671 4.588032 -6.066038 -5.776500  19900.126985
5.030671 4.588032 -6.066038 -5.776500  19900.126985
5.080328 4.588032 -6.066038 -5.776500  20062.317364
5.080328 4.644634 -6.066038 -5.776500  20190.852425
5.080328 4.644634 -6.066038 -5.776500  20190.852425
5.080328 4.644634 -6.066038 -5.776500  20190.852425
5.157734 4.644634 -6.066038 -5.776500  20456.646061
5.157734 4.729098 -6.066038 -5.776500  20660.463215
5.157734 4.729098 -6.066038 -5.776500  20660.463215
5.157734 4.729098 -6.066038 -5.776500  20660.463215
5.157734 4.729098 -6.066038 -5.776500  20660.463215
5.157734 4.729098 -6.066038 -5.776500  20660.463215
5.157734 4.729098 -6.147608 -5.776500  21227.746185
5.157734 4.729098 -6.147608 -5.851211  21654.567719
5.157734 4.729098 -6.147608 -5.851211  21654.567719
5.157734 4.729098 -6.147608 -5.851211  21654.567719
5.157734 4.729098 -6.201904 -5.851211  22049.241332
5.157734 4.729098 -6.201904 -5.898744  22332.383169
5.157734 4.729098 -6.201904 -5.898744  22332.383169
5.157734 4.729098 -6.201904 -5.898744  22332.383169
5.157734 4.729098 -6.228851 -5.898744  22533.452800
5.157734 4.729098 -6.228851 -5.918656  22654.808087
5.157734 4.729098 -6.228851 -5.918656  22654.808087
5.157734 4.729098 -6.228851 -5.918656  22654.808087
5.157734 4.729098 -6.228851 -5.918656  22654.808087
5.157734 4.729098 -6.228851 -5.918656  22654.808087
5.172485 4.729098 -6.228851 -5.918656  22707.301652
5.172485 4.750717 -6.228851 -5.918656  22761.864183
5.172485 4.750717 -6.228851 -5.918656  22761.864183
5.172485 4.750717 -6.228851 -5.918656  22761.864183
5.214903 4.750717 -6.228851 -5.918656  22916.192739
5.214903 4.800028 -6.228851 -5.918656  23044.414470
5.214903 4.800028 -6.228851 -5.918656  23044.414470
5.214903 4.800028 -6.228851 -5.918656  23044.414470
5.284871 4.800028 -6.228851 -5.918656  23310.183439
5.284871 4.876901 -6.228851 -5.918656  23520.867242
5.284871 4.876901 -6.228851 -5.918656  23520.867242
5.284871 4.876901 -6.228851 -5.918656  23520.867242
5.382273 4.876901 -6.228851 -5.918656  23915.036503
5.382273 4.876901 -6.228851 -5.918656  23915.036503
5.382273 4.876901 -6.317817 -5.918656  24604.056056
5.382273 4.876901 -6.317817 -6.000753  25121.949905
5.382273 4.876901 -6.317817 -6.000753  25121.949905
5.382273 4.876901 -6.317817 -6.000753  25121.949905
5.382273 4.876901 -6.379167 -6.000753  25620.244923
5.382273 4.876901 -6.379167 -6.055193  25979.650653
5.382273 4.876901 -6.379167 -6.055193  25979.650653
5.382273 4.876901 -6.379167 -6.055193  25979.650653
5.382273 4.876901 -6.413220 -6.055193  26264.633839
5.382273 4.876901 -6.413220 -6.082013  26446.514923
5.382273 4.876901 -6.413220 -6.082013  26446.514923
5.382273 4.876901 -6.413220 -6.082013  26446.514923
5.382273 4.876901 -6.418704 -6.082013  26492.976441
5.382273 4.876901 -6.418704 -6.082013  26492.976441
5.390307 4.876901 -6.418704 -6.082013  26526.787550
5.390307 4.969051 -6.418704 -6.082013  26797.465805
5.390307 4.969051 -6.516730 -6.082013  27655.225458
5.390307 4.969051 -6.516730 -6.173152  28297.733320
5.390307 4.969051 -6.516730 -6.173152  28297.733320
5.390307 4.969051 -6.516730 -6.173152  28297.733320
5.390307 4.969051 -6.587008 -6.173152  28945.290808
5.390307 4.969051 -6.587008 -6.236580  29415.411490
5.390307 4.969051 -6.587008 -6.236580  29415.411490
5.390307 4.969051 -6.587008 -6.236580  29415.411490
5.390307 4.969051 -6.628750 -6.236580  29813.335675
5.390307 4.969051 -6.628750 -6.271341  30079.217154
5.390307 4.969051 -6.628750 -6.271341  30079.217154
5.390307 4.969051 -6.628750 -6.271341  30079.217154
5.390307 4.969051 -6.642560 -6.271341  30213.089307
5.390307 4.969051 -6.642560 -6.278325  30267.221324
5.390307 4.969051 -6.642560 -6.278325  30267.221324
5.390307 4.975913 -6.642560 -6.278325  30288.194807
5.390307 4.975913 -6.642560 -6.278325  30288.194807
5.390307 4.975913 -6.642560 -6.278325  30288.194807
5.417764 4.975913 -6.642560 -6.278325  30405.280625
5.417764 5.010512 -6.642560 -6.278325  30512.820822
5.417764 5.010512 -6.642560 -6.278325  30512.820822
5.417764 5.010512 -6.642560 -6.278325  30512.820822
5.473253 5.010512 -6.642560 -6.278325  30756.803270
5.473253 5.073116 -6.642560 -6.278325  30959.082702
5.473253 5.073116 -6.642560 -6.278325  30959.082702
5.473253 5.073116 -6.642560 -6.278325  30959.082702
5.557112 5.073116 -6.642560 -6.278325  31347.061519
5.557112 5.164061 -6.642560 -6.278325  31659.249897
5.557112 5.164061 -6.642560 -6.278325  31659.249897
5.557112 5.164061 -6.642560 -6.372917  32416.582111
5.557112 5.164061 -6.642560 -6.372917  32416.582111
5.557112 5.164061 -6.642560 -6.372917  32416.582111
5.557112 5.164061 -6.716263 -6.372917  33150.146010
5.557112 5.164061 -6.716263 -6.439245  33708.693392
5.557112 5.164061 -6.716263 -6.439245  33708.693392
5.557112 5.164061 -6.716263 -6.439245  33708.693392
5.557112 5.164061 -6.761241 -6.439245  34172.455012
5.557112 5.164061 -6.761241 -6.477193  34502.534066
5.557112 5.164061 -6.761241 -6.477193  34502.534066
5.557112 5.164061 -6.761241 -6.477193  34502.534066
5.557112 5.164061 -6.778186 -6.477193  34680.484575
5.557112 5.164061 -6.778186 -6.487162  34768.487250
5.557112 5.164061 -6.778186 -6.487162  34768.487250
5.557112 5.168137 -6.778186 -6.487162  34783.005077
5.557112 5.168137 -6.778186 -6.487162  34783.005077
5.557112 5.168137 -6.778186 -6.487162  34783.005077
5.582021 5.168137 -6.778186 -6.487162  34902.847428
5.582021 5.200157 -6.778186 -6.487162  35018.486529
5.582021 5.200157 -6.778186 -6.487162  35018.486529
5.582021 5.200157 -6.778186 -6.487162  35018.486529
5.635413 5.200157 -6.778186 -6.487162  35282.678393
5.635413 5.260445 -6.778186 -6.487162  35508.279110
5.635413 5.260445 -6.778186 -6.487162  35508.279110
5.635413 5.260445 -6.778186 -6.487162  35508.279110
5.718194 5.260445 -6.778186 -6.487162  35938.176779
5.718194 5.350224 -6.778186 -6.487162  36293.852884
5.718194 5.350224 -6.778186 -6.487162  36293.852884
5.718194 5.350224 -6.778186 -6.583088  37168.774070
5.718194 5.350224 -6.778186 -6.583088  37168.774070
5.718194 5.350224 -6.778186 -6.583088  37168.774070
5.718194 5.350224 -6.852393 -6.583088  37969.297043
5.718194 5.350224 -6.852393 -6.650236  38612.850269
5.718194 5.350224 -6.852393 -6.650236  38612.850269
5.718194 5.350224 -6.852393 -6.650236  38612.850269
5.718194 5.350224 -6.898092 -6.650236  39123.406440
5.718194 5.350224 -6.898092 -6.688960  39506.536541
5.718194 5.350224 -6.898092 -6.688960  39506.536541
5.718194 5.350224 -6.898092 -6.688960  39506.536541
5.718194 5.350224 -6.914872 -6.688960  39697.424666
5.718194 5.350224 -6.914872 -6.698838  39796.591611
5.718194 5.350224 -6.914872 -6.698838  39796.591611
5.718194 5.354503 -6.914872 -6.698838  39814.153080
5.718194 5.354503 -6.914872 -6.698838  39814.153080
5.718194 5.354503 -6.914872 -6.698838  39814.153080
5.744245 5.354503 -6.914872 -6.698838  39954.689221
5.744245 5.387308 -6.914872 -6.698838  40091.182453
5.744245 5.387308 -6.914872 -6.698838  40091.182453
5.744245 5.387308 -6.914872 -6.698838  40091.182453
5.744245 5.387308 -6.914872 -6.698838  40091.182453
5.744245 5.387308 -6.914872 -6.698838  40091.182453
5.744245 5.387308 -6.967279 -6.698838  40699.427739
5.744245 5.387308 -6.967279 -6.744026  41160.585732
5.744245 5.387308 -6.967279 -6.744026  41160.585732
5.744245 5.387308 -6.967279 -6.744026  41160.585732
5.744245 5.387308 -6.991843 -6.744026  41452.048208
5.744245 5.387308 -6.991843 -6.761613  41634.907027
5.744245 5.387308 -6.991843 -6.761613  41634.907027
5.744245 5.387308 -6.991843 -6.761613  41634.907027
5.744245 5.387308 -6.991843 -6.761613  41634.907027
5.744245 5.387308 -6.991843 -6.761613  41634.907027
5.761227 5.387308 -6.991843 -6.761613  41727.899541
5.761227 5.394770 -6.991843 -6.761613  41759.411563
5.761227 5.394770 -6.991843 -6.761613  41759.411563
5.761227 5.394770 -6.991843 -6.761613  41759.411563
5.806008 5.394770 -6.991843 -6.761613  42009.948062
5.806008 5.451827 -6.991843 -6.761613  42256.754896
5.806008 5.451827 -6.991843 -6.761613  42256.754896
5.806008 5.451827 -6.991843 -6.761613  42256.754896
5.901760 5.451827 -6.991843 -6.761613  42819.035368
5.901760 5.451827 -6.991843 -6.761613  42819.035368
5.901760 5.451827 -7.072677 -6.761613  43807.531429
5.901760 5.451827 -7.072677 -6.829736  44533.997161
5.913635 5.451827 -7.072677 -6.829736  44606.321120
5.913635 5.481058 -7.072677 -6.829736  44736.829221
5.913635 5.481058 -7.072677 -6.829736  44736.829221
5.913635 5.481058 -7.072677 -6.829736  44736.829221
5.981775 5.481058 -7.072677 -6.829736  45163.213636
5.981775 5.562113 -7.072677 -6.829736  45539.964911
5.981775 5.562113 -7.072677 -6.829736  45539.964911
5.981775 5.562113 -7.072677 -6.923001  46582.674164
5.981775 5.562113 -7.072677 -6.923001  46582.674164
5.981775 5.562113 -7.072677 -6.923001  46582.674164
5.981775 5.562113 -7.128251 -6.923001  47288.999299
5.981775 5.562113 -7.128251 -6.965835  47787.098893
5.981775 5.562113 -7.128251 -6.965835  47787.098893
5.981775 5.562113 -7.128251 -6.965835  47787.098893
5.981775 5.562113 -7.136370 -6.965835  47892.140283
5.981775 5.562113 -7.136370 -6.965835  47892.140283
6.001243 5.562113 -7.136370 -6.965835  48017.581077
6.001243 5.594166 -7.136370 -6.965835  48172.748660
6.001243 5.594166 -7.136370 -6.965835  48172.748660
6.001243 5.594166 -7.136370 -6.965835  48172.748660
6.072512 5.594166 -7.136370 -6.965835  48646.065187
6.072512 5.678717 -7.136370 -6.965835  49072.797186
6.072512 5.678717 -7.136370 -6.965835  49072.797186
6.072512 5.678717 -7.136370 -7.054504  50143.556051
6.072512 5.678717 -7.136370 -7.054504  50143.556051
6.072512 5.678717 -7.136370 -7.054504  50143.556051
6.072512 5.678717 -7.186627 -7.054504  50804.547968
6.072512 5.678717 -7.186627 -7.092316  51277.829915
6.072512 5.678717 -7.186627 -7.092316  51277.829915
6.072512 5.678717 -7.186627 -7.092316  51277.829915
6.072512 5.678717 -7.186627 -7.092316  51277.829915
6.072512 5.678717 -7.186627 -7.092316  51277.829915
6.097933 5.678717 -7.186627 -7.092316  51452.116397
6.097933 5.716839 -7.186627 -7.092316  51653.018829
6.097933 5.716839 -7.186627 -7.092316  51653.018829
6.097933 5.716839 -7.186627 -7.092316  51653.018829
6.174804 5.716839 -7.186627 -7.092316  52198.039024
6.174804 5.806532 -7.186627 -7.092316  52692.321778
6.174804 5.806532 -7.283137 -7.092316  54014.550064
6.174804 5.806532 -7.283137 -7.175360  55090.024336
6.174804 5.806532 -7.283137 -7.175360  55090.024336
6.174804 5.806532 -7.283137 -7.175360  55090.024336
6.174804 5.806532 -7.326475 -7.175360  55707.012566
6.174804 5.806532 -7.326475 -7.205488  56109.697465
6.174804 5.806532 -7.326475 -7.205488  56109.697465
6.174804 5.806532 -7.326475 -7.205488  56109.697465
6.174804 5.806532 -7.326475 -7.205488  56109.697465
6.174804 5.806532 -7.326475 -7.205488  56109.697465
6.210043 5.806532 -7.326475 -7.205488  56368.784389
6.210043 5.854529 -7.326475 -7.205488  56646.140398
6.210043 5.854529 -7.326475 -7.205488  56646.140398
6.210043 5.854529 -7.326475 -7.205488  56646.140398
6.297605 5.854529 -7.326475 -7.205488  57315.884477
6.297605 5.854529 -7.326475 -7.205488  57315.884477
6.297605 5.854529 -7.413191 -7.205488  58595.063053
6.297605 5.854529 -7.413191 -7.279636  59615.197583
6.297605 5.854529 -7.413191 -7.279636  59615.197583
6.297605 5.854529 -7.413191 -7.279636  59615.197583
6.297605 5.854529 -7.445265 -7.279636  60103.745386
6.297605 5.854529 -7.445265 -7.298590  60371.278103
6.297605 5.854529 -7.445265 -7.298590  60371.278103
6.297605 5.861145 -7.445265 -7.298590  60410.229107
6.297605 5.861145 -7.445265 -7.298590  60410.229107
6.297605 5.861145 -7.445265 -7.298590  60410.229107
6.342764 5.861145 -7.445265 -7.298590  60770.515545
6.342764 5.919184 -7.445265 -7.298590  61119.829941
6.342764 5.919184 -7.445265 -7.298590  61119.829941
6.342764 5.919184 -7.445265 -7.298590  61119.829941
6.438905 5.919184 -7.445265 -7.298590  61921.794184
6.438905 5.919184 -7.445265 -7.298590  61921.794184
6.438905 5.919184 -7.523307 -7.298590  63146.195654
6.438905 5.919184 -7.523307 -7.363669  64086.152344
6.438905 5.919184 -7.523307 -7.363669  64086.152344
6.438905 5.919184 -7.523307 -7.363669  64086.152344
6.438905 5.919184 -7.549567 -7.363669  64509.723102
6.438905 5.919184 -7.549567 -7.377231  64709.836170
6.438905 5.919184 -7.549567 -7.377231  64709.836170
6.438905 5.931259 -7.549567 -7.377231  64784.256785
6.438905 5.931259 -7.549567 -7.377231  64784.256785
6.438905 5.931259 -7.549567 -7.377231  64784.256785
6.489609 5.931259 -7.549567 -7.377231  65226.954609
6.489609 5.994461 -7.549567 -7.377231  65626.479499
6.489609 5.994461 -7.549567 -7.377231  65626.479499
6.489609 5.994461 -7.549567 -7.377231  65626.479499
6.489609 5.994461 -7.549567 -7.377231  65626.479499
6.489609 5.994461 -7.549567 -7.377231  65626.479499
6.489609 5.994461 -7.622516 -7.377231  66834.487203
6.489609 5.994461 -7.622516 -7.437609  67743.421193
6.489609 5.994461 -7.622516 -7.437609  67743.421193
6.489609 5.994461 -7.622516 -7.437609  67743.421193
6.489609 5.994461 -7.644769 -7.437609  68121.240374
6.489609 5.994461 -7.644769 -7.447321  68270.224276
6.492207 5.994461 -7.644769 -7.447321  68293.278103
6.492207 6.009885 -7.644769 -7.447321  68393.366402
6.492207 6.009885 -7.644769 -7.447321  68393.366402
6.492207 6.009885 -7.644769 -7.447321  68393.366402
6.545695 6.009885 -7.644769 -7.447321  68876.368536
6.545695 6.076345 -7.644769 -7.447321  69319.573100
6.545695 6.076345 -7.644769 -7.447321  69319.573100
6.545695 6.076345 -7.644769 -7.447321  69319.573100
6.545695 6.076345 -7.644769 -7.447321  69319.573100
6.545695 6.076345 -7.644769 -7.447321  69319.573100
6.545695 6.076345 -7.714483 -7.447321  70532.030630
6.545695 6.076345 -7.714483 -7.503683  71412.126239
6.545695 6.076345 -7.714483 -7.503683  71412.126239
6.545695 6.076345 -7.714483 -7.503683  71412.126239
6.545695 6.076345 -7.732467 -7.503683  71732.106003
6.545695 6.076345 -7.732467 -7.509050  71817.300809
6.553532 6.076345 -7.732467 -7.509050  71889.415606
6.553532 6.096976 -7.732467 -7.509050  72030.996114
6.553532 6.096976 -7.732467 -7.509050  72030.996114
6.553532 6.096976 -7.732467 -7.509050  72030.996114
6.613110 6.096976 -7.732467 -7.509050  72590.564247
6.613110 6.169459 -7.732467 -7.509050  73103.417702
6.613110 6.169459 -7.732467 -7.509050  73103.417702
6.613110 6.169459 -7.732467 -7.509050  73103.417702
6.613110 6.169459 -7.732467 -7.509050  73103.417702
6.613110 6.169459 -7.732467 -7.509050  73103.417702
6.613110 6.169459 -7.795670 -7.509050  74251.771850
6.613110 6.169459 -7.795670 -7.559085  75057.845739
6.613110 6.169459 -7.795670 -7.559085  75057.845739
6.613110 6.169459 -7.795670 -7.559085  75057.845739
6.613110 6.169459 -7.807641 -7.559085  75279.588909
6.613110 6.169459 -7.807641 -7.559085  75279.588909
6.627332 6.169459 -7.807641 -7.559085  75416.181967
6.627332 6.196578 -7.807641 -7.559085  75614.354068
6.627332 6.196578 -7.807641 -7.559085  75614.354068
6.627332 6.196578 -7.807641 -7.559085  75614.354068
6.691648 6.196578 -7.807641 -7.559085  76246.869446
6.691648 6.273482 -7.807641 -7.559085  76828.040460
6.691648 6.273482 -7.807641 -7.559085  76828.040460
6.691648 6.273482 -7.807641 -7.656548  78460.669761
6.691648 6.273482 -7.807641 -7.656548  78460.669761
6.691648 6.273482 -7.807641 -7.656548  78460.669761
6.691648 6.273482 -7.807641 -7.656548  78460.669761
6.691648 6.273482 -7.807641 -7.656548  78460.669761
6.784417 6.273482 -7.807641 -7.656548  79416.864465
6.784417 6.273482 -7.807641 -7.656548  79416.864465
6.784417 6.273482 -7.894352 -7.656548  81064.169820
6.784417 6.273482 -7.894352 -7.732512  82395.612053
6.784417 6.273482 -7.894352 -7.732512  82395.612053
6.784417 6.273482 -7.894352 -7.732512  82395.612053
6.784417 6.273482 -7.938436 -7.732512  83261.295927
6.784417 6.273482 -7.938436 -7.766425  83872.851115
6.784417 6.273482 -7.938436 -7.766425  83872.851115
6.784417 6.273482 -7.938436 -7.766425  83872.851115
6.784417 6.273482 -7.941419 -7.766425  83932.144179
6.784417 6.273482 -7.941419 -7.766425  83932.144179
6.801768 6.273482 -7.941419 -7.766425  84116.883020
6.801768 6.301301 -7.941419 -7.766425  84334.253934
6.801768 6.301301 -7.941419 -7.766425  84334.253934
6.801768 6.301301 -7.941419 -7.766425  84334.253934
6.860902 6.301301 -7.941419 -7.766425  84978.195652
6.860902 6.370595 -7.941419 -7.766425  85536.588541
6.860902 6.370595 -7.941419 -7.766425  85536.588541
6.860902 6.370595 -7.941419 -7.766425  85536.588541
6.860902 6.370595 -7.941419 -7.766425  85536.588541
6.860902 6.370595 -7.941419 -7.766425  85536.588541
6.860902 6.370595 -8.020761 -7.766425  87146.267611
6.860902 6.370595 -8.020761 -7.835677  88428.682785
6.860902 6.370595 -8.020761 -7.835677  88428.682785
6.860902 6.370595 -8.020761 -7.835677  88428.682785
6.860902 6.370595 -8.059377 -7.835677  89235.510258
6.860902 6.370595 -8.059377 -7.863254  89758.978053
6.860902 6.370595 -8.059377 -7.863254  89758.978053
6.860902 6.370595 -8.059377 -7.863254  89758.978053
6.860902 6.370595 -8.059377 -7.863254  89758.978053
6.860902 6.370595 -8.059377 -7.863254  89758.978053
6.886296 6.370595 -8.059377 -7.863254  90042.408972
6.886296 6.406463 -8.059377 -7.863254  90341.141657
6.886296 6.406463 -8.059377 -7.863254  90341.141657
6.886296 6.406463 -8.059377 -7.863254  90341.141657
6.954025 6.406463 -8.059377 -7.863254  91117.797561
6.954025 6.484812 -8.059377 -7.863254  91794.035981
6.954025 6.484812 -8.059377 -7.863254  91794.035981
6.954025 6.484812 -8.059377 -7.863254  91794.035981
6.954025 6.484812 -8.059377 -7.863254  91794.035981
6.954025 6.484812 -8.059377 -7.863254  91794.035981
6.954025 6.484812 -8.128733 -7.863254  93282.500419
6.954025 6.484812 -8.128733 -7.922128  94424.868272
6.954025 6.484812 -8.128733 -7.922128  94424.868272
6.954025 6.484812 -8.128733 -7.922128  94424.868272
6.954025 6.484812 -8.156297 -7.922128  95030.691679
6.954025 6.484812 -8.156297 -7.939214  95368.638026
6.954025 6.484812 -8.156297 -7.939214  95368.638026
6.954025 6.490109 -8.156297 -7.939214  95415.556589
6.954025 6.490109 -8.156297 -7.939214  95415.556589
6.954025 6.490109 -8.156297 -7.939214  95415.556589
6.997676 6.490109 -8.156297 -7.939214  95932.408261
6.997676 6.547573 -8.156297 -7.939214  96451.280003
6.997676 6.547573 -8.156297 -7.939214  96451.280003
6.997676 6.547573 -8.156297 -7.939214  96451.280003
7.095244 6.547573 -8.156297 -7.939214  97654.098101
7.095244 6.547573 -8.156297 -7.939214  97654.098101
7.095244 6.547573 -8.234197 -7.939214  99411.115782
7.095244 6.547573 -8.234197 -8.004849  100736.659403
7.095244 6.547573 -8.234197 -8.004849  100736.659403
7.095244 6.547573 -8.234197 -8.004849  100736.659403
7.095244 6.547573 -8.264011 -8.004849  101426.916736
7.095244 6.547573 -8.264011 -8.023985  101821.669002
7.095244 6.547573 -8.264011 -8.023985  101821.669002
7.095244 6.548411 -8.264011 -8.023985  101829.370090
7.095244 6.548411 -8.264011 -8.023985  101829.370090
7.095244 6.548411 -8.264011 -8.023985  101829.370090
7.129132 6.548411 -8.264011 -8.023985  102262.922191
7.129132 6.593934 -8.264011 -8.023985  102687.331832
7.129132 6.593934 -8.264011 -8.023985  102687.331832
7.129132 6.593934 -8.264011 -8.023985  102687.331832
7.209419 6.593934 -8.264011 -8.023985  103747.904463
7.209419 6.686060 -8.264011 -8.023985  104643.405894
7.209419 6.686060 -8.360292 -8.023985  106941.646018
7.209419 6.686060 -8.360292 -8.108418  108728.868894
7.285768 6.686060 -8.360292 -8.108418  109782.225987
7.285768 6.777441 -8.360292 -8.108418  110720.602554
7.285768 6.777441 -8.456422 -8.108418  113123.311911
7.285768 6.777441 -8.456422 -8.191200  114949.401550
7.285768 6.777441 -8.456422 -8.191200  114949.401550
7.285768 6.777441 -8.456422 -8.191200  114949.401550
7.285768 6.777441 -8.500362 -8.191200  116084.660101
7.285768 6.777441 -8.500362 -8.222509  116794.803032
7.285768 6.777441 -8.500362 -8.222509  116794.803032
7.285768 6.777441 -8.500362 -8.222509  116794.803032
7.285768 6.777441 -8.500362 -8.222509  116794.803032
7.285768 6.777441 -8.500362 -8.222509  116794.803032
7.318432 6.777441 -8.500362 -8.222509  117259.141846
7.318432 6.822637 -8.500362 -8.222509  117742.335447
7.318432 6.822637 -8.500362 -8.222509  117742.335447
7.318432 6.822637 -8.500362 -8.222509  117742.335447
7.403024 6.822637 -8.500362 -8.222509  118984.018953
7.403024 6.920220 -8.500362 -8.222509  120071.894782
7.403024 6.920220 -8.589972 -8.222509  122460.963538
7.403024 6.920220 -8.589972 -8.299164  124245.910259
7.403024 6.920220 -8.589972 -8.299164  124245.910259
7.403024 6.920220 -8.589972 -8.299164  124245.910259
7.403024 6.920220 -8.626509 -8.299164  125249.056953
7.403024 6.920220 -8.626509 -8.323093  125819.919594
7.403024 6.920220 -8.626509 -8.323093  125819.919594
7.403024 6.921516 -8.626509 -8.323093  125834.782355
7.403024 6.921516 -8.626509 -8.323093  125834.782355
7.403024 6.921516 -8.626509 -8.323093  125834.782355
7.442081 6.921516 -8.626509 -8.323093  126427.544491
7.442081 6.973109 -8.626509 -8.323093  127028.492119
7.442081 6.973109 -8.626509 -8.323093  127028.492119
7.442081 6.973109 -8.626509 -8.323093  127028.492119
7.531401 6.973109 -8.626509 -8.323093  128431.702331
7.531401 6.973109 -8.626509 -8.323093  128431.702331
7.531401 6.973109 -8.712286 -8.323093  130854.522349
7.531401 6.973109 -8.712286 -8.395940  132633.302974
7.531401 6.973109 -8.712286 -8.395940  132633.302974
7.531401 6.973109 -8.712286 -8.395940  132633.302974
7.531401 6.973109 -8.746224 -8.395940  133618.583758
7.531401 6.973109 -8.746224 -8.417408  134154.710729
7.531401 6.973109 -8.746224 -8.417408  134154.710729
7.531401 6.976988 -8.746224 -8.417408  134200.625420
7.531401 6.976988 -8.746224 -8.417408  134200.625420
7.531401 6.976988 -8.746224 -8.417408  134200.625420
7.574001 6.976988 -8.746224 -8.417408  134893.722317
7.574001 7.032304 -8.746224 -8.417408  135559.577863
7.574001 7.032304 -8.746224 -8.417408  135559.577863
7.574001 7.032304 -8.746224 -8.417408  135559.577863
7.667575 7.032304 -8.746224 -8.417408  137137.770453
7.667575 7.032304 -8.746224 -8.417408  137137.770453
7.667575 7.032304 -8.826799 -8.417408  139539.113487
7.667575 7.032304 -8.826799 -8.485513  141276.460150
7.667575 7.032304 -8.826799 -8.485513  141276.460150
7.667575 7.032304 -8.826799 -8.485513  141276.460150
7.667575 7.032304 -8.856227 -8.485513  142175.627446
7.667575 7.032304 -8.856227 -8.501839  142600.494315
7.667575 7.032304 -8.856227 -8.501839  142600.494315
7.667575 7.041254 -8.856227 -8.501839  142710.206757
7.667575 7.041254 -8.856227 -8.501839  142710.206757
7.667575 7.041254 -8.856227 -8.501839  142710.206757
7.714689 7.041254 -8.856227 -8.501839  143534.511230
7.714689 7.101151 -8.856227 -8.501839  144283.312746
7.714689 7.101151 -8.856227 -8.501839  144283.312746
7.714689 7.101151 -8.856227 -8.501839  144283.312746
7.813642 7.101151 -8.856227 -8.501839  146081.402632
7.813642 7.101151 -8.856227 -8.501839  146081.402632
7.813642 7.101151 -8.931499 -8.501839  148436.349576
7.813642 7.101151 -8.931499 -8.564489  150097.240885
7.813642 7.101151 -8.931499 -8.564489  150097.240885
7.813642 7.101151 -8.931499 -8.564489  150097.240885
7.813642 7.101151 -8.955525 -8.564489  150865.832727
7.813642 7.101151 -8.955525 -8.575807  151171.112410
7.815344 7.101151 -8.955525 -8.575807  151202.843851
7.815344 7.115702 -8.955525 -8.575807  151388.608273
7.815344 7.115702 -8.955525 -8.575807  151388.608273
7.815344 7.115702 -8.955525 -8.575807  151388.608273
7.867665 7.115702 -8.955525 -8.575807  152377.742016
7.867665 7.115702 -8.955525 -8.575807  152377.742016
7.867665 7.115702 -8.962243 -8.575807  152594.127633
7.867665 7.115702 -8.962243 -8.575807  152594.127633
7.886309 7.115702 -8.962243 -8.575807  152953.010712
7.886309 7.147016 -8.962243 -8.575807  153357.953770
7.886309 7.147016 -8.962243 -8.575807  153357.953770
7.886309 7.147016 -8.962243 -8.575807  153357.953770
7.956511 7.147016 -8.962243 -8.575807  154740.089220
7.956511 7.228740 -8.962243 -8.575807  155830.911095
7.956511 7.228740 -8.962243 -8.575807  155830.911095
7.956511 7.228740 -8.962243 -8.672136  158495.203696
7.956511 7.228740 -8.962243 -8.672136  158495.203696
7.956511 7.228740 -8.962243 -8.672136  158495.203696
7.956511 7.228740 -9.026935 -8.672136  160612.359122
7.956511 7.228740 -9.026935 -8.725980  162154.075788
7.956511 7.228740 -9.026935 -8.725980  162154.075788
7.956511 7.228740 -9.026935 -8.725980  162154.075788
7.956511 7.228740 -9.048586 -8.725980  162876.334444
7.956511 7.228740 -9.048586 -8.736831  163191.661766
7.956511 7.228740 -9.048586 -8.736831  163191.661766
7.956511 7.238831 -9.048586 -8.736831  163329.819296
7.956511 7.238831 -9.048586 -8.736831  163329.819296
7.956511 7.238831 -9.048586 -8.736831  163329.819296
8.000389 7.238831 -9.048586 -8.736831  164218.802794
8.000389 7.295140 -9.048586 -8.736831  165003.998983
8.000389 7.295140 -9.048586 -8.736831  165003.998983
8.000389 7.295140 -9.048586 -8.736831  165003.998983
8.089555 7.295140 -9.048586 -8.736831  166871.636277
8.089555 7.394224 -9.048586 -8.736831  168313.425489
8.089555 7.394224 -9.137074 -8.736831  171338.064486
8.089555 7.394224 -9.137074 -8.814367  173637.381173
8.089555 7.394224 -9.137074 -8.814367  173637.381173
8.089555 7.394224 -9.137074 -8.814367  173637.381173
8.089555 7.394224 -9.180602 -8.814367  175168.823471
8.089555 7.394224 -9.180602 -8.846582  176148.248936
8.089555 7.394224 -9.180602 -8.846582  176148.248936
8.089555 7.394224 -9.180602 -8.846582  176148.248936
8.089555 7.394224 -9.180602 -8.846582  176148.248936
8.089555 7.394224 -9.180602 -8.846582  176148.248936
8.113941 7.394224 -9.180602 -8.846582  176673.585009
8.113941 7.430189 -9.180602 -8.846582  177216.389867
8.113941 7.430189 -9.180602 -8.846582  177216.389867
8.113941 7.430189 -9.180602 -8.846582  177216.389867
8.184172 7.430189 -9.180602 -8.846582  178764.992349
8.184172 7.510848 -9.180602 -8.846582  180021.181193
8.184172 7.510848 -9.180602 -8.846582  180021.181193
8.184172 7.510848 -9.180602 -8.944567  183089.165627
8.184172 7.510848 -9.180602 -8.944567  183089.165627
8.184172 7.510848 -9.180602 -8.944567  183089.165627
8.184172 7.510848 -9.247828 -8.944567  185512.160732
8.184172 7.510848 -9.247828 -9.001358  187352.919523
8.184172 7.510848 -9.247828 -9.001358  187352.919523
8.184172 7.510848 -9.247828 -9.001358  187352.919523
8.184172 7.510848 -9.273464 -9.001358  188295.675943
8.184172 7.510848 -9.273464 -9.016830  188805.285055
8.184172 7.510848 -9.273464 -9.016830  188805.285055
8.184172 7.515943 -9.273464 -9.016830  188886.455649
8.184172 7.515943 -9.273464 -9.016830  188886.455649
8.184172 7.515943 -9.273464 -9.016830  188886.455649
8.220842 7.515943 -9.273464 -9.016830  189716.456011
8.220842 7.563399 -9.273464 -9.016830  190483.265108
8.220842 7.563399 -9.273464 -9.016830  190483.265108
8.220842 7.563399 -9.273464 -9.016830  190483.265108
8.303494 7.563399 -9.273464 -9.016830  192409.110585
8.303494 7.656814 -9.273464 -9.016830  193975.795753
8.303494 7.656814 -9.369833 -9.016830  197614.105658
8.303494 7.656814 -9.369833 -9.102379  200495.769796
8.303494 7.656814 -9.369833 -9.102379  200495.769796
8.303494 7.656814 -9.369833 -9.102379  200495.769796
8.303494 7.656814 -9.422886 -9.102379  202563.640919
8.303494 7.656814 -9.422886 -9.145708  204065.073603
8.303494 7.656814 -9.422886 -9.145708  204065.073603
8.303494 7.656814 -9.422886 -9.145708  204065.073603
8.303494 7.656814 -9.431333 -9.145708  204398.649649
