-0.170235 -0.003196 -0.002367 -0.002015  -0.004933
5.080389 5.264321 -0.102286 -0.101712  277.019265
8.100580 8.298562 -0.102286 -0.101712  1103.045162
10.164540 10.371208 -0.102286 -0.201636  2165.731032
14.403976 14.620605 -0.102286 -0.201636  6113.790744
19.427241 19.661707 -0.202213 -0.301325  14933.096966
21.786573 22.032956 -0.202213 -0.301325  21037.040222
24.134796 24.388318 -0.202213 -0.301325  28564.196652
29.107256 29.374718 -0.202213 -0.401154  50007.357462
32.152005 32.432785 -0.202213 -0.401154  67352.794975
33.862974 34.149759 -0.202213 -0.401154  78656.424919
38.713049 39.012807 -0.202213 -0.401154  117396.737076
41.853057 42.166477 -0.202213 -0.401154  148285.622631
43.455962 43.775448 -0.202213 -0.501102  165949.703718
48.352251 48.685111 -0.302158 -0.600805  228440.311123
51.342778 51.688722 -0.302158 -0.600805  273441.867859
53.017385 53.369018 -0.302158 -0.700561  301032.317280
