0.439919 0.799321 0.801027  0.081859
0.439919 0.799321 0.801027  0.081859
0.829529 0.829580 0.829676  0.570617
1.030825 1.030906 1.030972  1.095145
1.030825 1.030906 1.030972  1.095145
1.030825 1.030906 1.030972  1.095145
1.030825 1.030906 1.030972  1.095145
1.030825 1.030906 1.030972  1.095145
1.163283 1.163334 1.163430  1.573797
1.402230 1.402282 1.402382  2.756545
1.402230 1.402282 1.402382  2.756545
1.402230 1.402282 1.402382  2.756545
1.402230 1.402282 1.402382  2.756545
1.457836 1.457887 1.457983  3.097706
1.616345 1.616422 1.616492  4.222263
1.878622 1.878679 1.878769  6.629114
1.878622 1.878679 1.878769  6.629114
