-0.115839 0.203664 0.205276  -0.001757
-0.115839 0.203664 0.205276  -0.001757
-0.115839 0.203664 0.205276  -0.001757
-0.115839 0.203664 0.205276  -0.001757
-0.115839 0.203664 0.205276  -0.001757
0.444977 0.445066 0.445147  0.088059
0.444977 0.445066 0.445147  0.088059
0.444977 0.445066 0.445147  0.088059
0.444977 0.445066 0.445147  0.088059
0.444977 0.445066 0.445147  0.088059
0.577921 0.577977 0.578068  0.192930
0.813787 0.813853 0.813934  0.538769
0.813787 0.813853 0.813934  0.538769
0.813787 0.813853 0.813934  0.538769
0.813787 0.813853 0.813934  0.538769
0.861482 0.861543 0.861629  0.639159
1.013044 1.013096 1.013196  1.039337
