0.317665 0.317821 0.317925  0.032024
0.262025 0.262200 0.262291  0.017971
0.239109 0.239190 0.239261  0.013658
-0.017690 -0.017613 -0.017538  -0.000006
0.246263 0.246344 0.246415  0.014922
0.594716 0.594802 0.594868  0.210274
0.601693 0.601749 0.601840  0.217735
0.006151 0.006212 0.006303  0.000000
0.019374 0.032663 0.032749  0.000007
0.051444 0.051525 0.070453  -0.000077
0.095021 0.095108 0.095169  0.000856
0.030095 0.030151 0.030242  0.000027
0.035426 0.035483 0.035573  0.000044
0.040980 0.041066 0.041132  0.000068
0.046250 0.046307 0.046397  0.000098
0.051558 0.051614 0.051705  0.000136
0.056628 0.056719 0.056784  0.000181
0.061950 0.062036 0.062102  0.000237
0.067244 0.067305 0.067391  0.000303
0.072381 0.072442 0.072533  0.000378
0.150060 0.150159 0.150369  0.003365
0.233819 0.233889 0.233976  0.012769
0.323009 0.323095 0.323161  0.033681
0.094276 0.094337 0.094423  0.000836
0.356605 0.356687 0.356757  0.045322
0.505225 0.505311 0.505377  0.128909
0.512463 0.512524 0.512614  0.134510
-0.083859 -0.083782 -0.083716  -0.000591
-0.160541 -0.237108 -0.237018  -0.004153
-0.307055 -0.306978 -0.376778  -0.004390
-0.440316 -0.440235 -0.440169  -0.085406
-0.057737 -0.057651 -0.057590  -0.000193
-0.051708 -0.051647 -0.051556  -0.000139
-0.046078 -0.046012 -0.045926  -0.000098
-0.039954 -0.039889 -0.039803  -0.000064
-0.034784 -0.034723 -0.034637  -0.000042
-0.029724 -0.029638 -0.029567  -0.000026
-0.024486 -0.024425 -0.024339  -0.000015
-0.019321 -0.019255 -0.019169  -0.000007
-0.013611 -0.013529 -0.013459  -0.000003
-0.021710 -0.021624 -0.021559  -0.000010
-0.023566 -0.023505 -0.023419  -0.000013
-0.019123 -0.019067 -0.018996  -0.000007
0.009637 0.009698 0.009788  0.000001
0.272407 0.272468 0.272559  0.020194
0.620761 0.620847 0.620913  0.239130
0.627700 0.627761 0.627847  0.247216
0.031754 0.031810 0.031906  0.000032
0.069493 0.107319 0.107380  0.000333
0.150751 0.150813 0.194392  -0.000490
0.243948 0.244009 0.244100  0.014501
0.054560 0.054621 0.054712  0.000162
0.060351 0.060417 0.060508  0.000219
0.065507 0.065569 0.065655  0.000280
0.071180 0.071241 0.071332  0.000359
0.076687 0.076773 0.076839  0.000450
0.081616 0.081681 0.081747  0.000542
0.086985 0.087055 0.087136  0.000656
0.092159 0.092225 0.092307  0.000781
0.097145 0.097196 0.097292  0.000914
-0.000559 -0.000489 -0.000398  -0.000000
-0.087406 -0.087336 -0.087250  -0.000670
-0.167380 -0.167315 -0.167233  -0.004696
-0.073750 -0.073689 -0.073603  -0.000403
0.188901 0.188992 0.189058  0.006734
0.537303 0.537364 0.537455  0.155038
0.544341 0.544422 0.544488  0.161233
-0.041681 -0.041573 -0.041482  -0.000073
-0.076755 -0.111764 -0.111682  -0.000455
-0.141075 -0.141009 -0.170168  -0.000684
-0.193887 -0.193806 -0.193740  -0.007296
-0.017814 -0.017737 -0.017667  -0.000006
-0.012350 -0.012288 -0.012198  -0.000002
-0.006752 -0.006686 -0.006600  -0.000000
-0.001084 -0.001018 -0.000928  -0.000000
0.005509 0.005585 0.005656  0.000000
0.011116 0.011172 0.011263  0.000001
0.016926 0.016987 0.017073  0.000005
0.022371 0.022437 0.022528  0.000011
0.027603 0.027689 0.027750  0.000021
0.060807 0.060868 0.060959  0.000224
0.099533 0.099589 0.099680  0.000983
0.143736 0.143818 0.143888  0.002965
0.049418 0.049474 0.049570  0.000120
0.312112 0.312203 0.312273  0.030383
0.660736 0.660822 0.660888  0.288373
0.667798 0.667860 0.667946  0.297693
0.071729 0.071815 0.071886  0.000368
0.149226 0.226785 0.226871  0.003310
0.309609 0.309695 0.392670  -0.001164
0.481171 0.481253 0.481319  0.111358
0.093620 0.093685 0.093771  0.000818
-0.099612 -0.099526 -0.099460  -0.000990
-0.091401 -0.091225 -0.091102  -0.000767
-0.082142 -0.082019 -0.081920  -0.000556
-0.073239 -0.073159 -0.073040  -0.000395
-0.064412 -0.064265 -0.064127  -0.000269
-0.056984 -0.056880 -0.056752  -0.000186
-0.048418 -0.048323 -0.048199  -0.000114
-0.039681 -0.039539 -0.039434  -0.000063
-0.069022 -0.068898 -0.068798  -0.000330
-0.086698 -0.086589 -0.086485  -0.000654
-0.094989 -0.094889 -0.094751  -0.000861
0.000348 0.000476 0.000579  -0.000000
0.268127 0.268265 0.268408  0.019246
0.619499 0.619588 0.619735  0.237581
0.629771 0.629879 0.629998  0.249633
0.015288 0.015596 0.015729  0.000003
0.040128 0.065093 0.065306  0.000062
0.098138 0.098262 0.131555  -0.000383
0.172983 0.173125 0.173224  0.005167
0.052228 0.052317 0.052455  0.000141
0.061197 0.061553 0.061814  0.000226
0.070958 0.071096 0.071210  0.000356
0.079833 0.079948 0.080170  0.000505
0.088860 0.088989 0.089101  0.000699
0.098228 0.098341 0.098437  0.000945
-0.093319 -0.093239 -0.093125  -0.000816
-0.083995 -0.083895 -0.083776  -0.000595
-0.076087 -0.075984 -0.075860  -0.000443
-0.144006 -0.143926 -0.143808  -0.002994
-0.202113 -0.202008 -0.201914  -0.008268
-0.249267 -0.249158 -0.249044  -0.015509
-0.037719 -0.037572 -0.037487  -0.000054
0.228837 0.229007 0.229136  0.011963
0.581360 0.581455 0.581554  0.196388
0.591922 0.592032 0.592116  0.207304
-0.002168 -0.002054 -0.001956  -0.000000
0.007412 0.017111 0.017240  0.000000
0.035079 0.035154 0.053315  -0.000065
0.081191 0.081319 0.081422  0.000533
0.038036 0.038187 0.038286  0.000055
0.045696 0.045829 0.045914  0.000095
0.054352 0.054448 0.054546  0.000160
0.064996 0.065124 0.065209  0.000273
0.073311 0.073430 0.073505  0.000393
0.082015 0.082167 0.082305  0.000549
0.091501 0.091638 0.091757  0.000763
0.099745 -0.099970 -0.099837  0.000988
-0.090460 -0.090361 -0.090233  -0.000743
-0.171324 -0.171186 -0.171058  -0.005040
-0.243446 -0.243327 -0.243243  -0.014443
-0.305585 -0.305466 -0.305343  -0.028571
-0.052467 -0.052367 -0.052257  -0.000145
0.212828 0.212918 0.213041  0.009623
0.563051 0.563126 0.563245  0.178388
0.572721 0.572840 0.572987  0.187713
-0.018723 -0.018613 -0.018524  -0.000007
-0.027367 -0.035897 -0.035788  -0.000021
-0.035239 -0.035136 -0.034265  -0.000047
-0.022708 -0.022589 -0.022470  -0.000012
0.020437 0.020759 0.020864  0.000008
0.029212 0.029340 0.029473  0.000025
0.038618 0.038737 0.038860  0.000057
0.047299 0.047388 0.047512  0.000105
0.055609 0.055746 0.055859  0.000171
0.064341 0.064440 0.064554  0.000265
0.072964 0.073058 0.073154  0.000387
0.081321 0.081450 0.081573  0.000535
0.090510 0.090585 0.090708  0.000738
0.189007 0.189145 0.189238  0.006742
0.094842 0.094922 0.095041  0.000850
0.008621 0.008840 0.008925  0.000001
-0.077806 -0.077678 -0.077564  -0.000473
0.186758 0.186859 0.186953  0.006504
0.536824 0.536929 0.537028  0.154617
0.545361 0.545466 0.545565  0.162113
-0.049076 -0.048938 -0.048839  -0.000119
-0.088902 -0.128639 -0.128525  -0.000708
-0.159146 -0.159013 -0.189296  -0.001268
-0.213925 -0.213868 -0.213777  -0.009802
-0.017941 -0.017880 -0.017794  -0.000006
-0.011135 -0.011053 -0.010983  -0.000001
-0.005656 -0.005575 -0.005505  -0.000000
-0.000097 -0.000031 0.000055  -0.000000
0.007501 0.007583 0.007648  0.000000
0.013141 0.013222 0.013293  0.000002
0.018297 0.018383 0.018449  0.000006
0.023642 0.023724 0.023790  0.000013
0.029121 0.029198 0.029268  0.000025
0.063612 0.063673 0.063764  0.000256
0.103515 0.103571 0.103662  0.001106
0.148645 0.148706 0.148792  0.003279
0.050205 0.050291 0.050357  0.000126
0.312630 0.312707 0.312782  0.030534
0.660836 0.660918 0.660988  0.288498
0.667719 0.667784 0.667866  0.297592
0.071488 0.071549 0.071640  0.000364
0.148555 0.225678 0.225769  0.003265
0.307995 0.308081 0.390549  -0.001112
0.478496 0.478578 0.478648  0.109507
0.093051 0.093112 0.093198  0.000803
0.098572 0.098633 0.098724  0.000955
-0.096310 -0.096244 -0.096162  -0.000896
-0.090429 -0.090347 -0.090282  -0.000741
-0.084969 -0.084888 -0.084817  -0.000615
-0.079722 -0.079657 -0.079570  -0.000508
-0.074377 -0.074311 -0.074225  -0.000413
-0.068980 -0.068894 -0.068828  -0.000329
-0.063609 -0.063548 -0.063462  -0.000258
-0.122044 -0.121974 -0.121883  -0.001822
-0.174754 -0.174689 -0.174607  -0.005344
-0.221629 -0.221573 -0.221503  -0.010897
-0.041032 -0.040966 -0.040880  -0.000070
0.221346 0.221407 0.221498  0.010831
0.569779 0.569865 0.569931  0.184914
0.577131 0.577197 0.577283  0.192145
-0.019113 -0.019052 -0.018966  -0.000007
-0.032199 -0.045198 -0.045132  -0.000034
-0.052766 -0.052696 -0.060107  -0.000076
-0.062049 -0.061988 -0.061922  -0.000240
0.003815 0.003891 0.003962  0.000000
0.009583 0.009660 0.009735  0.000001
-0.043067 -0.042868 -0.042798  -0.000080
-0.036953 -0.036892 -0.036806  -0.000051
-0.031792 -0.031731 -0.031640  -0.000032
-0.026538 -0.026461 -0.026391  -0.000019
-0.021296 -0.021235 -0.021144  -0.000010
-0.015812 -0.015747 -0.015661  -0.000004
-0.010320 -0.010259 -0.010173  -0.000001
-0.014948 -0.014858 -0.014792  -0.000003
-0.013912 -0.013842 -0.013751  -0.000003
-0.007423 -0.007341 -0.007271  -0.000000
0.011959 0.012040 0.012110  0.000002
0.274678 0.274759 0.274825  0.020709
0.622879 0.622965 0.623031  0.241587
0.629799 0.629856 0.629946  0.249700
0.033697 0.033758 0.033844  0.000038
0.073238 0.112864 0.112930  0.000390
0.158230 0.158291 0.203784  -0.000535
0.254718 0.254800 0.254870  0.016513
0.056531 0.056597 0.056679  0.000180
0.062447 0.062512 0.062603  0.000242
0.067811 0.067876 0.067963  0.000311
0.073147 0.073233 0.073299  0.000390
0.078497 0.078578 0.078649  0.000482
0.083492 0.083573 0.083639  0.000581
0.088505 0.088587 0.088657  0.000692
0.093505 0.093581 0.093652  0.000816
0.098542 0.098623 0.098694  0.000955
0.002092 0.002183 0.002249  0.000000
-0.087601 -0.087535 -0.087454  -0.000674
-0.171751 -0.171685 -0.171603  -0.005074
-0.078164 -0.078087 -0.078017  -0.000479
0.184328 0.184389 0.184480  0.006254
0.532596 0.532682 0.532747  0.151019
0.539700 0.539757 0.539847  0.157123
-0.056306 -0.056245 -0.056155  -0.000179
-0.106760 -0.157132 -0.157062  -0.001222
-0.201500 -0.201414 -0.245635  -0.001532
-0.283856 -0.283770 -0.283709  -0.022886
-0.032103 -0.032016 -0.031951  -0.000033
-0.026524 -0.026438 -0.026372  -0.000019
-0.021169 -0.021092 -0.021022  -0.000010
-0.015539 -0.015462 -0.015392  -0.000004
-0.010292 -0.010226 -0.010140  -0.000001
-0.004979 -0.004914 -0.004828  -0.000000
0.000299 0.000385 0.000446  -0.000000
0.006456 0.006522 0.006608  0.000000
0.011930 0.011991 0.012082  0.000002
0.029528 0.029589 0.029680  0.000026
0.052656 0.052718 0.052804  0.000145
0.081363 0.081424 0.081510  0.000537
0.033734 0.033796 0.033886  0.000038
0.299101 0.299276 0.299414  0.026721
0.651325 0.651453 0.651570  0.276158
0.661806 0.661967 0.662086  0.289706
0.069845 0.070072 0.070196  0.000339
0.149461 0.229201 0.229348  0.003316
0.317810 0.317890 0.406694  -0.003043
0.503566 0.503666 0.503789  0.127599
-0.094235 -0.094088 -0.093983  -0.000840
-0.083624 -0.083491 -0.083358  -0.000588
-0.074597 -0.074517 -0.074384  -0.000417
-0.065637 -0.065553 -0.065424  -0.000284
-0.056047 -0.055923 -0.055804  -0.000177
-0.046247 -0.046118 -0.046015  -0.000100
-0.037558 -0.037420 -0.037296  -0.000053
-0.029963 -0.029879 -0.029745  -0.000027
-0.021662 -0.021543 -0.021464  -0.000010
-0.033625 -0.033550 -0.033403  -0.000039
-0.036613 -0.036524 -0.036415  -0.000050
-0.029451 -0.029314 -0.029191  -0.000026
0.015738 0.015837 0.015951  0.000004
0.280605 0.280705 0.280824  0.022066
0.632184 0.632303 0.632422  0.252514
0.642632 0.642756 0.642903  0.265210
0.050544 0.050681 0.050814  0.000128
0.111152 0.171894 0.172031  0.001361
0.241989 0.242103 0.312441  -0.002139
0.393760 0.393849 0.393959  0.061000
0.090767 0.090914 0.091047  0.000744
-0.099101 -0.098968 -0.098826  -0.000977
-0.088747 -0.088595 -0.088458  -0.000702
-0.079554 -0.079417 -0.079299  -0.000506
-0.069831 -0.069698 -0.069580  -0.000342
-0.059794 -0.059657 -0.059519  -0.000215
-0.049207 -0.049085 -0.048933  -0.000120
-0.040062 -0.039929 -0.039850  -0.000065
-0.032089 -0.031975 -0.031890  -0.000033
-0.054583 -0.054373 -0.054288  -0.000163
-0.066375 -0.066261 -0.066151  -0.000294
-0.068348 -0.068215 -0.068086  -0.000321
0.007223 0.007356 0.007489  0.000000
0.273537 0.273638 0.273750  0.020442
0.625619 0.625738 0.625867  0.244716
0.635826 0.635948 0.636086  0.256882
0.043229 0.043381 0.043481  0.000080
0.096599 0.150074 0.150192  0.000893
0.210949 0.211082 0.272188  -0.001373
0.343554 0.343668 0.343767  0.040514
0.080307 0.080720 0.080824  0.000516
0.090633 0.090860 0.090989  0.000741
0.099920 -0.099956 -0.099837  0.000994
-0.090726 -0.090588 -0.090441  -0.000750
-0.080622 -0.080505 -0.080367  -0.000527
-0.070742 -0.070643 -0.070515  -0.000356
-0.062049 -0.061925 -0.061806  -0.000240
-0.084304 -0.084000 -0.083872  -0.000602
-0.073485 -0.073342 -0.073228  -0.000399
-0.137445 -0.137360 -0.137241  -0.002603
-0.191545 -0.191417 -0.191298  -0.007041
-0.235398 -0.235285 -0.235157  -0.013065
-0.033703 -0.033594 -0.033504  -0.000039
0.232782 0.232882 0.232981  0.012598
0.585495 0.585618 0.585732  0.200592
0.596461 0.596550 0.596669  0.212073
0.004494 0.004632 0.004774  0.000000
0.021118 0.037830 0.037963  0.000009
0.063698 0.063797 0.089892  -0.000208
0.125535 0.125649 0.125777  0.001972
0.044745 0.044845 0.044964  0.000089
0.056381 0.056494 0.056637  0.000178
0.064995 0.065080 0.065189  0.000273
0.074467 0.074581 0.074695  0.000411
0.084419 0.084556 0.084678  0.000599
0.093322 0.093425 0.093535  0.000810
-0.097022 -0.096927 -0.096793  -0.000917
-0.087411 -0.087273 -0.087180  -0.000670
-0.077849 -0.077725 -0.077636  -0.000473
