-0.940079 -0.769816 -0.768987 -0.768681  -0.378075
-0.911405 -0.054715 -0.868705 -0.868162  0.775030
-2.883079 -2.018563 -0.968044 -4.922325  86.984140
-4.295152 -3.423479 -0.968044 -7.713859  340.744940
-5.061867 -4.183333 -0.968044 -9.234026  585.405177
-7.327325 -6.437096 -0.968044 -13.840382  1992.485363
-9.550869 -8.650773 -0.968044 -18.380567  4684.635063
-11.122490 -10.216049 -0.968044 -21.603835  7641.955104
-11.687586 -10.775034 -0.968044 -22.920292  9118.513738
-13.613091 -12.689832 -0.968044 -26.657697  14378.549129
-16.018716 -15.087601 -0.968044 -31.564468  23882.028480
-17.313331 -16.378328 -0.968044 -34.137175  30199.592052
-18.371667 -17.430715 -0.968044 -36.239726  36098.442190
-20.985127 -20.035973 -0.968044 -41.453388  53927.729180
-22.249158 -21.296651 -0.968044 -44.141060  65135.235008
-23.282770 -22.324422 -0.968044 -46.131434  74428.744863
-25.858807 -24.892544 -0.968044 -51.272094  102031.162901
