0.545518 0.545679 0.545798  0.162235
0.503853 0.504056 0.504147  0.127843
0.493512 0.493593 0.493663  0.120145
-0.005134 -0.005047 -0.004977  -0.000000
0.467855 0.467937 0.468007  0.102362
0.806314 0.806396 0.806466  0.524082
0.812983 0.813064 0.813130  0.537203
0.018967 0.019058 0.019124  0.000007
0.044812 0.070747 0.070808  0.000089
0.101986 0.102047 0.133417  -0.000251
0.170675 0.170736 0.170822  0.004964
0.042850 0.042911 0.043002  0.000078
0.048793 0.048850 0.048940  0.000116
0.054494 0.054575 0.054641  0.000161
0.059688 0.059769 0.059839  0.000212
0.064650 0.064711 0.064801  0.000269
0.070261 0.070317 0.070408  0.000346
0.075336 0.075412 0.075487  0.000426
0.080335 0.080417 0.080487  0.000517
0.085274 0.085330 0.085421  0.000618
0.175855 0.175954 0.176044  0.005430
0.272236 0.272327 0.272388  0.020162
0.173849 0.173935 0.174001  0.005248
-0.093041 -0.092960 -0.092894  -0.000807
0.378174 0.378256 0.378321  0.054057
0.716435 0.716496 0.716582  0.367598
0.723273 0.723364 0.723425  0.378266
-0.071141 -0.071065 -0.070994  -0.000361
-0.136101 -0.201001 -0.200910  -0.002532
-0.259748 -0.259662 -0.318258  -0.002797
-0.371242 -0.371161 -0.371095  -0.051192
-0.047174 -0.047097 -0.047027  -0.000105
-0.041600 -0.041539 -0.041448  -0.000072
-0.035799 -0.035738 -0.035647  -0.000046
-0.030444 -0.030368 -0.030297  -0.000028
-0.025193 -0.025127 -0.025041  -0.000016
-0.019871 -0.019810 -0.019724  -0.000008
-0.014355 -0.014269 -0.014203  -0.000003
-0.009213 -0.009147 -0.009061  -0.000001
-0.003601 -0.003545 -0.003454  -0.000000
0.002478 0.002544 0.002610  0.000000
0.015633 0.015719 0.015785  0.000004
0.034411 0.034472 0.034558  0.000040
0.024265 0.024336 0.024422  0.000014
0.494778 0.494859 0.494925  0.121076
0.833127 0.833209 0.833274  0.578138
0.840094 0.840176 0.840242  0.592765
0.045529 0.045586 0.045656  0.000094
0.096816 0.148189 0.148254  0.000903
0.204831 0.204897 0.261667  -0.000720
0.324228 0.324305 0.324375  0.034062
0.067789 0.067850 0.067941  0.000310
0.073513 0.073595 0.073665  0.000396
0.078627 0.078709 0.078779  0.000485
0.083760 0.083821 0.083912  0.000586
0.088844 0.088925 0.088991  0.000700
0.094233 0.094299 0.094380  0.000835
0.099275 0.099340 0.099422  0.000976
-0.095612 -0.095555 -0.095464  -0.000877
-0.089626 -0.089560 -0.089479  -0.000722
-0.173346 -0.173285 -0.173194  -0.005217
-0.251153 -0.251092 -0.251006  -0.015858
-0.323295 -0.323234 -0.323147  -0.033818
-0.066859 -0.066778 -0.066707  -0.000300
0.403973 0.404034 0.404125  0.065882
0.742388 0.742465 0.742535  0.409043
0.749390 0.749446 0.749516  0.420727
-0.035696 -0.035558 -0.035472  -0.000046
-0.064627 -0.093492 -0.093406  -0.000272
-0.116722 -0.116666 -0.139749  -0.000449
-0.157220 -0.157159 -0.157069  -0.003893
-0.011647 -0.011566 -0.011495  -0.000002
-0.006155 -0.006078 -0.006007  -0.000000
-0.000590 -0.000529 -0.000438  -0.000000
0.006311 0.006377 0.006458  0.000000
0.012122 0.012187 0.012273  0.000002
0.017605 0.017666 0.017752  0.000005
0.022585 0.022646 0.022737  0.000011
0.028106 0.028162 0.028253  0.000022
0.033480 0.033561 0.033627  0.000037
0.072438 0.072519 0.072590  0.000379
0.116923 0.117014 0.117075  0.001596
0.166873 0.166938 0.166999  0.004642
0.055019 0.055080 0.055171  0.000166
0.525429 0.525494 0.525576  0.144990
0.864019 0.864101 0.864166  0.644869
0.870911 0.870968 0.871058  0.660368
0.076440 0.076497 0.076587  0.000445
0.158634 0.240890 0.240960  0.003980
0.328609 0.328675 0.416546  -0.001285
0.509967 0.510043 0.510114  0.132570
0.098639 0.098705 0.098791  0.000957
-0.095394 -0.095329 -0.095247  -0.000870
-0.089418 -0.089357 -0.089266  -0.000717
-0.083926 -0.083864 -0.083774  -0.000593
-0.078424 -0.078333 -0.078276  -0.000483
-0.073382 -0.073296 -0.073230  -0.000396
-0.067712 -0.067647 -0.067586  -0.000311
-0.062509 -0.062453 -0.062362  -0.000245
-0.057103 -0.057012 -0.056951  -0.000187
-0.108884 -0.108793 -0.108723  -0.001293
-0.154664 -0.154582 -0.154517  -0.003704
-0.194899 -0.194818 -0.194752  -0.007411
-0.034743 -0.034657 -0.034591  -0.000042
0.435762 0.435832 0.435923  0.082694
0.774077 0.774158 0.774224  0.463705
0.780889 0.780955 0.781016  0.476065
0.032781 0.033005 0.033071  0.000035
0.072127 0.111554 0.111620  0.000373
0.156521 0.156612 0.201740  -0.000535
0.252157 0.252213 0.252308  0.016015
0.055578 0.055634 0.055725  0.000171
0.061318 0.061374 0.061469  0.000229
0.066430 0.066516 0.066577  0.000292
0.071871 0.071961 0.072022  0.000370
0.077169 0.077230 0.077321  0.000458
0.082444 0.082505 0.082596  0.000559
0.087547 0.087638 0.087699  0.000670
0.092698 0.092784 0.092850  0.000795
0.097940 0.097997 0.098087  0.000937
0.001060 0.001121 0.001212  0.000000
-0.088407 -0.088346 -0.088260  -0.000693
-0.171580 -0.171489 -0.171428  -0.005057
-0.077485 -0.077419 -0.077333  -0.000467
0.392824 0.392881 0.392971  0.060575
0.731410 0.731496 0.731562  0.391170
0.738748 0.738805 0.738895  0.403022
-0.055652 -0.055576 -0.055505  -0.000173
-0.105495 -0.155260 -0.155190  -0.001179
-0.199178 -0.199101 -0.242872  -0.001468
-0.281059 -0.280998 -0.280907  -0.022223
-0.032601 -0.032515 -0.032449  -0.000035
-0.026989 -0.026912 -0.026842  -0.000020
-0.021595 -0.021530 -0.021443  -0.000010
-0.015970 -0.015913 -0.015823  -0.000004
-0.010463 -0.010407 -0.010316  -0.000001
-0.005141 -0.005085 -0.004994  -0.000000
0.000536 0.000622 0.000683  0.000000
0.006503 0.006584 0.006655  0.000000
0.012201 0.012262 0.012352  0.000002
0.029983 0.030074 0.030139  0.000027
0.053458 0.053514 0.053605  0.000152
0.082241 0.082307 0.082393  0.000554
0.033729 0.033811 0.033881  0.000038
0.504190 0.504276 0.504342  0.128119
0.842701 0.842782 0.842848  0.598300
0.849612 0.849703 0.849768  0.613142
0.055003 0.055059 0.055150  0.000166
0.115779 0.176615 0.176702  0.001544
0.242500 0.242557 0.308568  -0.000849
0.380415 0.380471 0.380562  0.055013
0.076931 0.077017 0.077083  0.000454
0.082666 0.082727 0.082813  0.000563
0.087542 0.087603 0.087689  0.000669
0.092598 0.092684 0.092745  0.000792
0.097821 0.097882 0.097948  0.000934
-0.097109 -0.097043 -0.096957  -0.000918
-0.091521 -0.091460 -0.091369  -0.000769
-0.085900 -0.085839 -0.085748  -0.000636
-0.080356 -0.080265 -0.080204  -0.000520
-0.154981 -0.154916 -0.154825  -0.003729
-0.223973 -0.223892 -0.223826  -0.011245
-0.287102 -0.287025 -0.286955  -0.023682
-0.057702 -0.057636 -0.057550  -0.000193
0.412911 0.412967 0.413058  0.070353
0.751247 0.751308 0.751398  0.423828
0.758162 0.758228 0.758319  0.435642
-0.036187 -0.036096 -0.036035  -0.000048
-0.066706 -0.097139 -0.097073  -0.000299
-0.122297 -0.122232 -0.147238  -0.000463
-0.166833 -0.166751 -0.166686  -0.004649
-0.014093 -0.014007 -0.013941  -0.000003
-0.008524 -0.008458 -0.008367  -0.000001
-0.002903 -0.002847 -0.002756  -0.000000
0.003064 0.003125 0.003216  0.000000
0.008883 0.008960 0.009031  0.000001
0.014808 0.014874 0.014955  0.000003
0.020258 0.020324 0.020410  0.000008
0.025419 0.025480 0.025571  0.000016
0.030589 0.030645 0.030736  0.000028
0.066276 0.066363 0.066433  0.000290
0.107495 0.107586 0.107657  0.001240
0.154202 0.154263 0.154349  0.003661
0.051929 0.052010 0.052076  0.000139
0.522604 0.522665 0.522731  0.142677
0.860816 0.860872 0.860963  0.637666
0.867346 0.867423 0.867493  0.652336
0.072775 0.072856 0.072927  0.000384
0.151095 0.229482 0.229563  0.003437
0.313052 0.313129 0.396847  -0.001116
0.486029 0.486105 0.486176  0.114762
0.094338 0.094415 0.094485  0.000838
0.099940 -0.099999 -0.099913  0.000996
-0.094245 -0.094154 -0.094093  -0.000839
-0.088524 -0.088458 -0.088397  -0.000695
-0.083136 -0.083075 -0.082984  -0.000576
-0.077615 -0.077534 -0.077464  -0.000469
-0.072231 -0.072160 -0.072079  -0.000378
-0.066673 -0.066596 -0.066525  -0.000297
-0.061269 -0.061208 -0.061117  -0.000231
-0.117350 -0.117284 -0.117193  -0.001620
-0.167199 -0.167112 -0.167051  -0.004679
-0.211530 -0.211469 -0.211383  -0.009476
-0.038664 -0.038582 -0.038516  -0.000058
0.431636 0.431722 0.431783  0.080384
0.770175 0.770257 0.770327  0.456719
0.777076 0.777153 0.777224  0.469108
-0.017542 -0.017460 -0.017395  -0.000005
-0.029358 -0.041117 -0.041026  -0.000026
-0.047195 -0.047114 -0.053039  -0.000060
-0.053321 -0.053244 -0.053174  -0.000152
0.005482 0.005568 0.005634  0.000000
0.010685 0.010766 0.010832  0.000001
-0.096735 -0.096593 -0.096499  -0.000908
-0.091072 -0.090982 -0.090920  -0.000757
-0.085552 -0.085465 -0.085400  -0.000628
-0.080172 -0.080106 -0.080025  -0.000517
-0.074997 -0.074941 -0.074850  -0.000423
-0.069590 -0.069509 -0.069443  -0.000338
-0.064477 -0.064411 -0.064330  -0.000269
-0.123627 -0.123561 -0.123470  -0.001894
-0.176782 -0.176721 -0.176635  -0.005533
-0.224131 -0.224045 -0.223980  -0.011269
-0.041652 -0.041591 -0.041505  -0.000073
0.428473 0.428534 0.428624  0.078613
0.766974 0.767040 0.767126  0.451020
0.774306 0.774382 0.774453  0.464108
-0.020118 -0.020042 -0.019971  -0.000008
-0.034355 -0.048530 -0.048439  -0.000041
-0.057164 -0.057103 -0.065589  -0.000091
-0.068812 -0.068731 -0.068661  -0.000327
0.002346 0.002407 0.002494  0.000000
0.009148 0.009224 0.009295  0.000001
0.014997 0.015063 0.015149  0.000003
0.020408 0.020489 0.020560  0.000008
0.025692 0.025753 0.025844  0.000017
0.031162 0.031223 0.031309  0.000030
0.036682 0.036773 0.036834  0.000049
0.042104 0.042165 0.042256  0.000074
0.047071 0.047132 0.047202  0.000104
0.099231 0.099317 0.099387  0.000975
0.156780 0.156850 0.156931  0.003848
0.219859 0.219915 0.220006  0.010614
0.068254 0.068324 0.068401  0.000317
0.538918 0.538995 0.539070  0.156454
0.877415 0.877501 0.877567  0.675332
0.884045 0.884127 0.884197  0.690749
0.089490 0.089551 0.089621  0.000715
0.184619 0.279815 0.279901  0.006272
0.180318 0.180384 0.081039  0.011200
-0.012947 -0.012870 -0.012800  -0.000002
-0.087900 -0.087814 -0.087748  -0.000681
-0.082165 -0.082108 -0.082017  -0.000557
-0.076786 -0.076696 -0.076634  -0.000454
-0.071560 -0.071469 -0.071403  -0.000367
-0.066313 -0.066252 -0.066166  -0.000293
-0.060816 -0.060759 -0.060669  -0.000226
-0.055489 -0.055408 -0.055342  -0.000171
-0.050205 -0.050144 -0.050058  -0.000127
-0.044897 -0.044841 -0.044750  -0.000091
-0.084568 -0.084481 -0.084411  -0.000606
-0.118592 -0.118531 -0.118445  -0.001672
-0.146997 -0.146911 -0.146841  -0.003181
-0.022936 -0.022850 -0.022789  -0.000012
0.447686 0.447772 0.447833  0.089690
0.786572 0.786633 0.786699  0.486527
0.793591 0.793677 0.793743  0.499669
-0.000828 -0.000742 -0.000676  -0.000000
0.005378 0.011661 0.011736  0.000000
0.023175 0.023251 0.034912  -0.000018
0.051991 0.052057 0.052143  0.000140
0.022443 0.022499 0.022590  0.000011
0.028187 0.028248 0.028339  0.000022
0.033423 0.033504 0.033575  0.000037
0.038745 0.038826 0.038897  0.000058
0.043801 0.043892 0.043953  0.000084
0.048800 0.048886 0.048952  0.000116
0.054099 0.054180 0.054251  0.000158
0.059322 0.059383 0.059454  0.000208
0.064719 0.064805 0.064876  0.000270
0.137141 0.137355 0.137454  0.002574
0.217709 0.217846 0.217975  0.010300
0.308549 0.308654 0.308782  0.029338
0.098700 0.098805 0.098924  0.000958
0.374256 0.374359 0.374468  0.052375
0.715474 0.715584 0.715673  0.366117
0.725429 0.725558 0.725672  0.381575
-0.065360 -0.065232 -0.065114  -0.000281
-0.119233 -0.172986 -0.172848  -0.001707
-0.216603 -0.216490 -0.259843  -0.002765
-0.293822 -0.293689 -0.293551  -0.025402
-0.023644 -0.023544 -0.023397  -0.000013
-0.013830 -0.013706 -0.013568  -0.000003
-0.003674 -0.003546 -0.003433  -0.000000
0.007320 0.007435 0.007577  0.000000
0.017130 0.017263 0.017376  0.000005
0.027010 0.027124 0.027251  0.000019
0.036150 0.036287 0.036425  0.000047
0.045342 0.045438 0.045532  0.000093
0.054512 0.054624 0.054762  0.000161
0.119102 0.119235 0.119382  0.001683
0.193056 0.193180 0.193313  0.007180
0.276582 0.276724 0.276857  0.021127
0.091674 0.091803 0.091945  0.000767
0.366471 0.366604 0.366722  0.049170
0.708634 0.708767 0.708900  0.355648
0.719822 0.720051 0.720311  0.372568
-0.070261 -0.070123 -0.069990  -0.000349
-0.128902 -0.187438 -0.187286  -0.002158
-0.235381 -0.235243 -0.282927  -0.003412
-0.320782 -0.320645 -0.320516  -0.033049
-0.026913 -0.026675 -0.026552  -0.000020
-0.016813 -0.016705 -0.016563  -0.000005
-0.007190 -0.007062 -0.006933  -0.000000
0.002396 0.002496 0.002610  0.000000
0.012310 0.012471 0.012609  0.000002
0.022370 0.022498 0.022641  0.000011
0.031832 0.031970 0.032112  0.000032
0.041457 0.041585 0.041737  0.000070
0.001181 0.001337 0.001437  0.000000
0.014879 0.015122 0.015211  0.000003
0.038473 0.038601 0.038730  0.000056
0.072867 0.073000 0.073143  0.000385
0.043392 0.043529 0.043662  0.000081
0.517553 0.517665 0.517822  0.138506
0.860024 0.860166 0.860304  0.635803
0.870145 0.870250 0.870392  0.658508
0.080379 0.080484 0.080631  0.000516
0.170378 0.260548 0.260632  0.004929
0.359179 0.359312 0.458171  -0.003453
0.366042 0.366142 0.366246  0.049003
-0.082410 -0.082300 -0.082148  -0.000563
-0.070367 -0.070252 -0.070158  -0.000350
-0.060753 -0.060615 -0.060482  -0.000226
-0.051611 -0.051474 -0.051317  -0.000139
-0.041386 -0.041253 -0.041105  -0.000072
-0.032690 -0.032606 -0.032487  -0.000035
-0.022911 -0.022778 -0.022659  -0.000012
-0.013804 -0.013666 -0.013542  -0.000003
-0.004882 -0.004782 -0.004658  -0.000000
