0.407208 0.407364 0.407483  0.067463
0.359804 0.359965 0.360051  0.046546
0.346263 0.346401 0.346467  0.041493
-0.008048 -0.007987 -0.007901  -0.000001
0.339175 0.339256 0.339322  0.038996
0.674941 0.675002 0.675073  0.307371
0.682098 0.682154 0.682245  0.317224
0.015985 0.016066 0.016137  0.000004
0.037923 0.059942 0.060012  0.000054
0.087690 0.087771 0.115671  -0.000197
0.149595 0.149656 0.149742  0.003342
0.039592 0.039674 0.039744  0.000062
0.045592 0.045669 0.045739  0.000094
0.050872 0.050958 0.051024  0.000131
0.056189 0.056275 0.056341  0.000177
0.061392 0.061483 0.061544  0.000231
0.066373 0.066459 0.066529  0.000291
0.071695 0.071781 0.071846  0.000368
0.076790 0.076851 0.076937  0.000451
0.081906 0.081993 0.082063  0.000548
0.169093 0.169211 0.169287  0.004828
0.262037 0.262114 0.262184  0.017978
0.360238 0.360299 0.360365  0.046723
-0.096834 -0.096757 -0.096687  -0.000910
0.249180 0.249246 0.249332  0.015456
0.585231 0.585312 0.585378  0.200371
0.592321 0.592387 0.592469  0.207727
-0.073677 -0.073596 -0.073526  -0.000401
-0.141227 -0.208685 -0.208619  -0.002825
-0.269859 -0.269778 -0.330800  -0.003088
-0.385622 -0.385561 -0.385470  -0.057384
-0.048647 -0.048570 -0.048500  -0.000116
-0.042096 -0.042035 -0.041945  -0.000075
-0.036632 -0.036571 -0.036480  -0.000050
-0.030826 -0.030756 -0.030670  -0.000030
-0.025091 -0.025026 -0.024964  -0.000016
-0.019381 -0.019300 -0.019229  -0.000007
-0.013870 -0.013779 -0.013718  -0.000003
-0.008230 -0.008144 -0.008078  -0.000001
-0.002462 -0.002381 -0.002310  -0.000000
0.005502 0.005568 0.005654  0.000000
0.020083 0.020153 0.020239  0.000008
0.040431 0.040497 0.040583  0.000066
0.025790 0.025851 0.025937  0.000017
0.371125 0.371211 0.371272  0.051091
0.706866 0.706943 0.707014  0.353087
0.714118 0.714175 0.714266  0.364037
0.047973 0.048049 0.048124  0.000110
0.102059 0.156222 0.156293  0.001058
0.215731 0.215812 0.275473  -0.000813
0.340635 0.340717 0.340782  0.039502
0.070552 0.070613 0.070703  0.000350
0.076612 0.076689 0.076760  0.000448
0.082135 0.082196 0.082261  0.000553
0.087252 0.087328 0.087399  0.000663
0.092541 0.092622 0.092692  0.000791
0.097687 0.097748 0.097839  0.000930
-0.097086 -0.097010 -0.096939  -0.000917
-0.091181 -0.091094 -0.091029  -0.000760
-0.085351 -0.085265 -0.085200  -0.000623
-0.164868 -0.164802 -0.164711  -0.004489
-0.238119 -0.238043 -0.237972  -0.013514
-0.305583 -0.305522 -0.305431  -0.028561
-0.061403 -0.061312 -0.061246  -0.000232
0.283754 0.283820 0.283885  0.022831
0.619695 0.619776 0.619846  0.237895
0.626928 0.626993 0.627080  0.246305
-0.027284 -0.027189 -0.027114  -0.000020
-0.047923 -0.068505 -0.068409  -0.000111
-0.083613 -0.083522 -0.098479  -0.000212
-0.108284 -0.108218 -0.108132  -0.001273
-0.004198 -0.004137 -0.004046  -0.000000
0.002348 0.002413 0.002475  0.000000
0.008247 0.008333 0.008399  0.000001
0.013987 0.014058 0.014139  0.000003
0.019218 0.019304 0.019370  0.000007
0.024540 0.024622 0.024687  0.000015
0.029663 0.029749 0.029815  0.000026
0.034796 0.034857 0.034948  0.000042
0.040288 0.040349 0.040436  0.000065
0.085799 0.085889 0.085960  0.000630
0.136964 0.137030 0.137116  0.002564
0.193569 0.193655 0.193716  0.007246
0.061999 0.062060 0.062151  0.000237
0.406964 0.407030 0.407116  0.067359
0.743001 0.743066 0.743152  0.410031
0.750105 0.750171 0.750253  0.421915
0.084125 0.084182 0.084273  0.000593
0.174028 0.263992 0.264083  0.005252
0.359189 0.359255 0.454608  -0.001245
0.355320 0.355407 0.355472  0.044835
-0.093814 -0.093762 -0.093666  -0.000828
-0.087614 -0.087552 -0.087487  -0.000674
-0.082079 -0.082018 -0.081932  -0.000555
-0.076425 -0.076334 -0.076268  -0.000448
-0.071112 -0.071026 -0.070961  -0.000361
-0.065657 -0.065596 -0.065506  -0.000284
-0.060293 -0.060212 -0.060146  -0.000220
-0.054934 -0.054857 -0.054787  -0.000166
-0.049778 -0.049692 -0.049626  -0.000124
-0.094238 -0.094162 -0.094086  -0.000839
-0.132831 -0.132749 -0.132679  -0.002347
-0.165645 -0.165589 -0.165498  -0.004553
-0.027418 -0.027341 -0.027271  -0.000021
0.317629 0.317690 0.317776  0.032019
0.653257 0.653338 0.653404  0.278690
0.660661 0.660722 0.660808  0.288248
0.066522 0.066779 0.066840  0.000294
0.139893 0.213321 0.213412  0.002725
0.292265 0.292346 0.371442  -0.001297
0.455733 0.455794 0.455860  0.094611
0.089508 0.089574 0.089660  0.000715
0.095375 0.095451 0.095522  0.000866
-0.099549 -0.099488 -0.099397  -0.000989
-0.093620 -0.093559 -0.093473  -0.000823
-0.087838 -0.087782 -0.087691  -0.000680
-0.082355 -0.082294 -0.082203  -0.000560
-0.076677 -0.076621 -0.076530  -0.000452
-0.071194 -0.071133 -0.071043  -0.000362
-0.065919 -0.065863 -0.065772  -0.000288
-0.126418 -0.126337 -0.126266  -0.002024
-0.181238 -0.181157 -0.181086  -0.005960
-0.229893 -0.229832 -0.229745  -0.012164
-0.043300 -0.043218 -0.043152  -0.000082
0.301993 0.302075 0.302145  0.027522
0.637518 0.637599 0.637669  0.259019
0.644679 0.644765 0.644831  0.267853
-0.021395 -0.021314 -0.021248  -0.000010
-0.036600 -0.051748 -0.051657  -0.000050
-0.060896 -0.060810 -0.069807  -0.000111
-0.073154 -0.073073 -0.073007  -0.000393
0.002269 0.002350 0.002416  0.000000
0.009801 0.009877 0.009948  0.000001
0.015783 0.015844 0.015935  0.000004
0.021356 0.021437 0.021507  0.000010
0.026682 0.026764 0.026834  0.000019
0.032142 0.032228 0.032298  0.000033
0.037649 0.037730 0.037796  0.000053
0.043014 0.043080 0.043166  0.000079
0.048563 0.048645 0.048710  0.000114
0.102577 0.102642 0.102729  0.001077
0.162130 0.162200 0.162281  0.004255
0.227484 0.227560 0.227631  0.011761
0.070463 0.070529 0.070965  0.000343
0.416120 0.416202 0.416515  0.071891
0.751958 0.752039 0.752105  0.425076
0.759418 0.759504 0.759570  0.437855
0.093278 0.093339 0.093430  0.000809
0.192652 0.292091 0.292177  0.007128
0.197037 0.197147 0.102273  0.014242
0.012498 0.012559 0.012650  0.000002
-0.083945 -0.083869 -0.083798  -0.000593
-0.078144 -0.078068 -0.077997  -0.000478
-0.072570 -0.072514 -0.072423  -0.000384
-0.066798 -0.066737 -0.066646  -0.000299
-0.061116 -0.061006 -0.060945  -0.000229
-0.055817 -0.055756 -0.055666  -0.000175
-0.050694 -0.050624 -0.050542  -0.000131
-0.045615 -0.045529 -0.045458  -0.000095
-0.040207 -0.040146 -0.040055  -0.000065
-0.074870 -0.074783 -0.074718  -0.000421
-0.103489 -0.103412 -0.103337  -0.001111
-0.126496 -0.126435 -0.126365  -0.002027
-0.017398 -0.017316 -0.017246  -0.000005
0.327507 0.327568 0.327659  0.035099
0.663102 0.663183 0.663254  0.291475
0.670230 0.670311 0.670377  0.300984
0.004574 0.004640 0.004726  0.000000
0.016229 0.027941 0.028037  0.000004
0.045131 0.045217 0.062559  -0.000060
0.085613 0.085674 0.085760  0.000626
0.028518 0.028584 0.028670  0.000023
0.033992 0.034053 0.034144  0.000039
0.039370 0.039456 0.039522  0.000061
0.044631 0.044692 0.044778  0.000088
0.049757 0.049834 0.049904  0.000123
0.054838 0.054899 0.054985  0.000164
0.059819 0.059880 0.059971  0.000213
0.065235 0.065321 0.065382  0.000277
0.070500 0.070557 0.070647  0.000349
0.146603 0.146668 0.146759  0.003145
0.228453 0.228509 0.228595  0.011910
0.316024 0.316105 0.316176  0.031541
0.093173 0.093239 0.093325  0.000807
0.438162 0.438223 0.438314  0.084069
0.573687 0.573748 0.573839  0.188720
0.580748 0.580829 0.580895  0.195801
-0.085469 -0.085387 -0.085317  -0.000626
-0.165382 -0.245234 -0.245144  -0.004540
-0.318901 -0.318840 -0.392359  -0.004442
-0.460173 -0.460082 -0.460021  -0.097485
-0.062069 -0.062004 -0.061922  -0.000240
-0.056364 -0.056278 -0.056217  -0.000180
-0.050818 -0.050762 -0.050691  -0.000132
-0.045255 -0.045169 -0.045103  -0.000093
-0.039791 -0.039709 -0.039644  -0.000063
-0.034611 -0.034525 -0.034464  -0.000042
-0.029170 -0.029105 -0.029014  -0.000025
-0.023549 -0.023484 -0.023398  -0.000013
-0.018295 -0.018213 -0.018143  -0.000006
-0.031039 -0.030969 -0.030878  -0.000030
-0.038116 -0.038050 -0.037964  -0.000056
-0.039254 -0.039193 -0.039102  -0.000061
0.004511 0.004588 0.004658  0.000000
0.350089 0.350175 0.350241  0.042883
0.685513 0.685594 0.685660  0.322049
0.692338 0.692428 0.692490  0.331771
0.026121 0.026207 0.026268  0.000018
0.058291 0.090526 0.090612  0.000196
0.127936 0.128022 0.165580  -0.000347
0.208715 0.208777 0.208867  0.009080
0.048391 0.048477 0.048542  0.000113
0.054324 0.054411 0.054476  0.000160
-0.042609 -0.042443 -0.042377  -0.000078
-0.036448 -0.036362 -0.036296  -0.000049
-0.031306 -0.031249 -0.031159  -0.000031
-0.025998 -0.025927 -0.025841  -0.000018
-0.020634 -0.020557 -0.020487  -0.000009
-0.015293 -0.015207 -0.015141  -0.000004
-0.010198 -0.010142 -0.010051  -0.000001
-0.015273 -0.015207 -0.015116  -0.000004
-0.014719 -0.014638 -0.014567  -0.000003
-0.008909 -0.008832 -0.008762  -0.000001
0.011469 0.011555 0.011625  0.000001
0.356425 0.356502 0.356572  0.045253
0.692192 0.692248 0.692339  0.331519
0.699211 0.699267 0.699358  0.341708
0.033008 0.033065 0.033155  0.000036
0.072135 0.111319 0.111414  0.000372
0.155828 0.155905 0.200562  -0.000494
0.250508 0.250599 0.250660  0.015709
0.055259 0.055349 0.055410  0.000168
0.061083 0.061164 0.061235  0.000227
0.066197 0.066258 0.066349  0.000289
0.071827 0.071893 0.071979  0.000369
0.077291 0.077352 0.077443  0.000460
0.082471 0.082532 0.082623  0.000559
0.087926 0.087987 0.088078  0.000678
0.092916 0.092977 0.093038  0.000801
0.098091 0.098147 0.098243  0.000941
0.001370 0.001441 0.001532  0.000000
-0.088103 -0.088046 -0.087955  -0.000686
-0.171722 -0.171656 -0.171590  -0.005070
-0.077710 -0.077624 -0.077563  -0.000470
0.267613 0.267674 0.267744  0.019150
0.603406 0.603487 0.603558  0.219622
0.610383 0.610459 0.610530  0.227330
-0.055469 -0.055392 -0.055322  -0.000171
-0.104135 -0.152746 -0.152655  -0.001136
-0.195592 -0.195527 -0.238217  -0.001440
-0.275309 -0.275248 -0.275158  -0.020888
-0.031240 -0.031154 -0.031093  -0.000031
-0.025430 -0.025349 -0.025278  -0.000017
-0.019790 -0.019699 -0.019643  -0.000008
-0.014193 -0.014111 -0.014041  -0.000003
-0.008985 -0.008904 -0.008838  -0.000001
-0.003463 -0.003397 -0.003311  -0.000000
0.002670 0.002731 0.002817  0.000000
0.008912 0.008969 0.009059  0.000001
0.014503 0.014585 0.014655  0.000003
0.034391 0.034457 0.034548  0.000040
0.060160 0.060216 0.060307  0.000217
0.091635 0.091701 0.091783  0.000767
0.036527 0.036613 0.036674  0.000048
0.381691 0.381782 0.381843  0.055581
0.717059 0.717140 0.717211  0.368584
0.724211 0.724292 0.724363  0.379724
0.057966 0.058048 0.058118  0.000194
0.121563 0.185216 0.185307  0.001787
0.254092 0.254153 0.323177  -0.000932
0.398010 0.398071 0.398162  0.063007
0.080492 0.080563 0.080644  0.000520
0.086564 0.086625 0.086716  0.000647
0.091886 0.091947 0.092038  0.000773
0.096946 0.097028 0.097093  0.000909
-0.097884 -0.097802 -0.097736  -0.000940
-0.092244 -0.092163 -0.092092  -0.000787
-0.086532 -0.086471 -0.086385  -0.000650
-0.081149 -0.081088 -0.081002  -0.000536
-0.075372 -0.075311 -0.075225  -0.000430
-0.145160 -0.145090 -0.145004  -0.003064
-0.208883 -0.208822 -0.208736  -0.009125
-0.266776 -0.266719 -0.266629  -0.019006
-0.052495 -0.052409 -0.052348  -0.000145
0.292783 0.292865 0.292935  0.025080
0.628625 0.628691 0.628777  0.248312
0.635597 0.635663 0.635749  0.256667
-0.030738 -0.030652 -0.030586  -0.000029
-0.055764 -0.080725 -0.080659  -0.000175
-0.100065 -0.100004 -0.119191  -0.000309
-0.133039 -0.132978 -0.132887  -0.002360
-0.008046 -0.007990 -0.007899  -0.000001
-0.002288 -0.002231 -0.002140  -0.000000
0.003983 0.004044 0.004130  0.000000
0.010040 0.010106 0.010192  0.000001
0.016727 0.016809 0.016874  0.000005
0.021907 0.021993 0.022059  0.000010
0.027595 0.027661 0.027747  0.000021
0.032746 0.032807 0.032893  0.000035
0.038059 0.038115 0.038186  0.000055
0.081293 0.081354 0.081444  0.000535
0.129809 0.129865 0.129956  0.002183
0.183752 0.183834 0.183904  0.006197
0.058985 0.059062 0.059132  0.000204
0.404065 0.404151 0.404217  0.065939
0.739788 0.739874 0.739935  0.404776
0.746599 0.746675 0.746746  0.416043
0.080501 0.080572 0.080653  0.000520
0.167016 0.253622 0.253693  0.004645
0.345445 0.345531 0.437506  -0.001267
0.535263 0.535354 0.535415  0.153304
-0.096884 -0.096798 -0.096732  -0.000911
-0.091195 -0.091139 -0.091069  -0.000760
-0.085518 -0.085452 -0.085366  -0.000627
-0.080126 -0.080049 -0.079979  -0.000516
-0.074571 -0.074510 -0.074424  -0.000416
-0.068704 -0.068618 -0.068557  -0.000325
-0.063277 -0.063221 -0.063130  -0.000254
0.027081 0.027224 0.027315  0.000020
0.034819 0.034875 0.034966  0.000042
0.075181 0.075267 0.075333  0.000424
0.121008 0.121085 0.121155  0.001769
0.172365 0.172447 0.172517  0.005115
0.056471 0.056532 0.056618  0.000179
0.401233 0.401299 0.401385  0.064552
0.736704 0.736786 0.736856  0.399719
0.743657 0.743748 0.743809  0.411161
0.077280 0.077345 0.077427  0.000460
0.160465 0.243707 0.243798  0.004116
0.332128 0.332210 0.420783  -0.001202
0.514715 0.514797 0.514863  0.136312
0.099056 0.099117 0.099208  0.000969
-0.095356 -0.095290 -0.095204  -0.000869
-0.089261 -0.089195 -0.089109  -0.000713
-0.083911 -0.083850 -0.083764  -0.000593
-0.078210 -0.078129 -0.078063  -0.000480
-0.072617 -0.072527 -0.072466  -0.000384
-0.067205 -0.067144 -0.067073  -0.000304
-0.061826 -0.061770 -0.061679  -0.000237
-0.056439 -0.056362 -0.056292  -0.000180
