0.957845 -0.721790 -0.720225  0.876351
0.957845 -0.721790 -0.720225  0.876351
1.140966 1.141027 1.141093  1.485058
1.427081 1.427133 1.427219  2.905810
1.427081 1.427133 1.427219  2.905810
1.427081 1.427133 1.427219  2.905810
1.427081 1.427133 1.427219  2.905810
1.500213 1.500264 1.500355  3.375823
1.669584 1.669640 1.669717  4.653340
1.935756 1.935808 1.935894  7.252603
1.935756 1.935808 1.935894  7.252603
1.935756 1.935808 1.935894  7.252603
1.935756 1.935808 1.935894  7.252603
1.982498 1.982561 1.982636  7.790922
2.124750 2.124827 2.124888  9.591488
2.362731 2.362798 2.362864  13.188835
2.362731 2.362798 2.362864  13.188835
