-0.926389 -0.586819 -0.585159  -0.796733
0.070743 0.070824 0.070890  0.000353
0.519010 0.519067 0.519157  0.139733
0.519010 0.519067 0.519157  0.139733
0.519010 0.519067 0.519157  0.139733
0.519010 0.519067 0.519157  0.139733
0.519010 0.519067 0.519157  0.139733
0.691104 0.691190 0.691251  0.330001
0.966749 0.966810 0.966896  0.903286
0.966749 0.966810 0.966896  0.903286
0.966749 0.966810 0.966896  0.903286
0.966749 0.966810 0.966896  0.903286
1.049542 1.049603 1.049689  1.155826
1.238080 1.238141 1.238222  1.897406
1.529805 1.529877 1.529953  3.579683
1.529805 1.529877 1.529953  3.579683
1.529805 1.529877 1.529953  3.579683
