0.454512 0.454715 0.454876  0.093793
0.491997 0.492282 0.492394  0.119011
0.541178 0.541297 0.541406  0.158400
0.057829 0.057939 0.058067  0.000192
0.621545 0.621664 0.621778  0.239982
1.075042 1.075161 1.075262  1.242097
-0.914207 -0.914123 -0.914008  -0.764358
0.093228 0.093333 0.093456  0.000807
-0.005912 -0.104947 -0.104844  -0.000004
-0.196043 -0.195943 -0.286825  0.008539
-0.370373 -0.370274 -0.370170  -0.050850
-0.075163 -0.075054 -0.074920  -0.000427
-0.067157 -0.067042 -0.066924  -0.000304
-0.058632 -0.058480 -0.058391  -0.000202
-0.050834 -0.050712 -0.050616  -0.000132
-0.045276 -0.045194 -0.045129  -0.000093
-0.039844 -0.039783 -0.039697  -0.000064
-0.034328 -0.034252 -0.034181  -0.000041
-0.028892 -0.028826 -0.028740  -0.000024
-0.023404 -0.023343 -0.023252  -0.000013
-0.041690 -0.041596 -0.041501  -0.000073
-0.053660 -0.053569 -0.053508  -0.000155
-0.056445 -0.056251 -0.056127  -0.000181
0.006051 0.006165 0.006294  0.000000
0.570389 0.570493 0.570587  0.185480
1.026717 1.026836 1.026941  1.081981
-0.962618 -0.962504 -0.962376  -0.892351
0.045491 0.045591 0.045739  0.000093
0.099743 0.154101 0.154252  0.000981
0.217251 0.217370 0.280739  -0.001602
0.351933 0.352052 0.352152  0.043552
0.079282 0.079353 0.079500  0.000496
0.088413 0.088546 0.088674  0.000688
0.096804 0.097031 0.097145  0.000904
-0.094535 -0.094430 -0.094307  -0.000848
-0.083934 -0.083805 -0.083702  -0.000593
-0.074670 -0.074542 -0.074418  -0.000418
-0.065384 -0.065241 -0.065103  -0.000281
-0.055432 -0.055303 -0.055180  -0.000171
-0.046575 -0.046500 -0.046376  -0.000102
-0.082275 -0.082156 -0.082067  -0.000559
-0.109284 -0.109142 -0.109004  -0.001310
-0.125953 -0.125783 -0.125654  -0.002004
-0.007843 -0.007719 -0.007581  -0.000001
0.555978 0.556086 0.556205  0.171749
1.010567 1.010709 1.010803  1.031748
-0.977640 -0.977561 -0.977423  -0.934805
0.032072 0.032214 0.032357  0.000033
0.074566 0.117181 0.117310  0.000409
0.170104 0.170242 0.223445  -0.001300
0.286988 0.287126 0.287255  0.023605
0.073026 0.073110 0.073229  0.000388
0.081469 0.081544 0.081686  0.000538
0.090903 0.091041 0.091183  0.000748
-0.099806 -0.099715 -0.099596  -0.000998
-0.090608 -0.090485 -0.090356  -0.000747
-0.081492 -0.081368 -0.081268  -0.000543
-0.073072 -0.072935 -0.072797  -0.000392
-0.064136 -0.064017 -0.063880  -0.000266
-0.054403 -0.054266 -0.054133  -0.000162
-0.098276 -0.098163 -0.098030  -0.000953
-0.132017 -0.131900 -0.131762  -0.002308
-0.155216 -0.155083 -0.154935  -0.003750
-0.013075 -0.012933 -0.012786  -0.000002
0.550641 0.550755 0.550869  0.166853
1.004044 1.004144 1.004247  1.011868
-0.965015 -0.964868 -0.964768  -0.898955
0.043730 0.043821 0.043940  0.000083
0.096454 0.149320 0.149472  0.000887
0.211639 0.211768 0.274343  -0.001672
0.345685 0.345802 0.345907  0.041271
0.080277 0.080420 0.080518  0.000515
0.090560 0.090697 0.090826  0.000740
0.099687 0.099790 0.099895  0.000987
-0.090737 -0.090604 -0.090500  -0.000750
-0.081137 -0.081009 -0.080894  -0.000536
-0.071404 -0.071262 -0.071143  -0.000366
-0.062050 -0.061926 -0.061817  -0.000240
-0.052161 -0.052046 -0.051904  -0.000143
-0.043433 -0.043290 -0.043176  -0.000083
-0.077189 -0.077014 -0.076880  -0.000462
-0.101747 -0.101658 -0.101530  -0.001057
-0.116925 -0.116802 -0.116692  -0.001603
-0.006630 -0.006506 -0.006392  -0.000000
0.556911 0.557086 0.557214  0.172606
1.012059 1.012169 1.012254  1.036357
-0.976631 -0.976470 -0.976281  -0.932061
0.033579 0.033707 0.033836  0.000037
0.075790 0.118125 0.118230  0.000431
0.169354 0.169468 0.220977  -0.001066
0.281782 0.281892 0.281990  0.022350
0.069300 0.069438 0.069552  0.000331
0.078313 0.078436 0.078530  0.000479
0.086775 0.086917 0.087060  0.000650
0.095753 0.096029 0.096129  0.000875
-0.095007 -0.094888 -0.094774  -0.000861
-0.085644 -0.085511 -0.085396  -0.000631
-0.075521 -0.075383 -0.075289  -0.000432
-0.066092 -0.065954 -0.065845  -0.000290
-0.056037 -0.055936 -0.055817  -0.000177
-0.104707 -0.104611 -0.104455  -0.001153
-0.144075 -0.143951 -0.143813  -0.002999
-0.174297 -0.174198 -0.174065  -0.005307
-0.021007 -0.020865 -0.020755  -0.000009
0.540522 0.540641 0.540779  0.157800
0.987707 0.988272 0.988358  0.963319
-1.003655 -1.003568 -1.003507  -1.011188
0.002359 0.002425 0.002511  0.000000
0.018493 0.034706 0.034797  0.000006
0.056465 0.056526 0.078432  -0.000122
0.105698 0.105764 0.105850  0.001178
0.032763 0.032824 0.032915  0.000035
0.038811 0.038868 0.038958  0.000058
0.043839 0.043895 0.043986  0.000084
0.048942 0.049028 0.049094  0.000117
0.054217 0.054298 0.054368  0.000159
0.059335 0.059396 0.059487  0.000208
0.064211 0.064277 0.064363  0.000264
0.069257 0.069343 0.069409  0.000331
0.074579 0.074656 0.074726  0.000414
0.154111 0.154177 0.154263  0.003654
0.239054 0.239115 0.239201  0.013646
0.329424 0.329505 0.329571  0.035728
0.095416 0.095502 0.095563  0.000867
0.454527 0.454588 0.454679  0.093847
0.905055 0.905146 0.905207  0.741203
-1.087876 -1.087820 -1.087729  -1.287795
-0.082138 -0.082077 -0.081986  -0.000556
-0.158797 -0.235400 -0.235305  -0.004020
-0.305476 -0.305415 -0.375339  -0.004117
-0.439681 -0.439595 -0.439529  -0.085037
-0.058450 -0.058364 -0.058299  -0.000200
-0.052388 -0.052332 -0.052241  -0.000145
-0.046896 -0.046835 -0.046744  -0.000104
-0.041583 -0.041527 -0.041436  -0.000072
-0.036191 -0.036100 -0.036039  -0.000048
-0.030570 -0.030488 -0.030418  -0.000029
-0.025290 -0.025224 -0.025138  -0.000016
-0.019949 -0.019888 -0.019798  -0.000008
-0.014665 -0.014604 -0.014518  -0.000003
-0.023961 -0.023870 -0.023800  -0.000014
-0.027527 -0.027436 -0.027366  -0.000021
-0.025340 -0.025259 -0.025188  -0.000016
0.007272 0.007329 0.007419  0.000000
0.566358 0.566430 0.566505  0.181594
1.017281 1.017362 1.017432  1.052524
-0.975048 -0.974996 -0.974901  -0.927268
0.030495 0.030581 0.030642  0.000028
0.066379 0.102328 0.102414  0.000290
0.143581 0.143642 0.185042  -0.000412
0.231797 0.231878 0.231944  0.012444
0.052016 0.052077 0.052163  0.000140
0.057997 0.058058 0.058144  0.000194
0.063062 0.063143 0.063209  0.000250
0.068227 0.068309 0.068374  0.000317
0.073436 0.073507 0.073588  0.000395
0.078326 0.078387 0.078473  0.000479
0.083415 0.083492 0.083562  0.000579
0.088244 0.088321 0.088391  0.000686
0.093182 0.093243 0.093329  0.000807
0.191203 0.191264 0.191355  0.006980
0.094995 0.095076 0.095146  0.000855
0.004531 0.004608 0.004678  0.000000
-0.084088 -0.084032 -0.083941  -0.000596
0.475212 0.475268 0.475359  0.107254
0.925796 0.925878 0.925948  0.793318
-1.067044 -1.066974 -1.066892  -1.215196
-0.061511 -0.061425 -0.061364  -0.000233
-0.117861 -0.174125 -0.174059  -0.001643
-0.224731 -0.224674 -0.275128  -0.001865
-0.320056 -0.319980 -0.319909  -0.032807
-0.039004 -0.038943 -0.038857  -0.000060
-0.033245 -0.033189 -0.033098  -0.000037
-0.027521 -0.027444 -0.027374  -0.000021
-0.022199 -0.022118 -0.022052  -0.000011
-0.017146 -0.017081 -0.016999  -0.000005
-0.012025 -0.011939 -0.011868  -0.000002
-0.006654 -0.006589 -0.006502  -0.000000
-0.001033 -0.000977 -0.000907  -0.000000
0.005891 0.005957 0.006043  0.000000
0.017271 0.017336 0.017423  0.000005
0.034341 0.034402 0.034493  0.000040
0.057161 0.057218 0.057308  0.000186
0.027890 0.027971 0.028037  0.000022
0.587124 0.587185 0.587272  0.202302
1.037709 1.037800 1.037870  1.117218
-0.954260 -0.954183 -0.954113  -0.869152
0.051032 0.051118 0.051179  0.000132
0.107050 0.163149 0.163215  0.001222
0.224617 0.224688 0.286308  -0.000793
0.353411 0.353476 0.353558  0.044110
0.072610 0.072691 0.072761  0.000382
0.078226 0.078287 0.078373  0.000477
0.083363 0.083419 0.083515  0.000577
0.088461 0.088543 0.088613  0.000691
0.093612 0.093694 0.093764  0.000818
0.098546 0.098607 0.098698  0.000954
-0.096536 -0.096450 -0.096384  -0.000901
-0.090506 -0.090445 -0.090354  -0.000744
-0.085072 -0.084981 -0.084915  -0.000617
-0.164864 -0.164773 -0.164707  -0.004486
-0.238792 -0.238736 -0.238645  -0.013632
-0.306854 -0.306772 -0.306707  -0.028912
-0.062801 -0.062740 -0.062644  -0.000249
0.496133 0.496215 0.496285  0.122070
0.947023 0.947084 0.947170  0.849108
-1.045397 -1.045335 -1.045245  -1.142763
-0.040266 -0.040200 -0.040114  -0.000066
-0.074935 -0.109519 -0.109453  -0.000423
-0.138463 -0.138402 -0.167199  -0.000632
-0.190536 -0.190475 -0.190389  -0.006927
-0.093277 -0.093135 -0.093069  -0.000813
-0.087738 -0.087661 -0.087590  -0.000677
-0.082306 -0.082245 -0.082164  -0.000559
-0.077051 -0.076970 -0.076904  -0.000459
-0.071492 -0.071435 -0.071340  -0.000367
-0.066118 -0.066032 -0.065971  -0.000290
-0.060738 -0.060668 -0.060586  -0.000225
-0.055530 -0.055465 -0.055379  -0.000172
-0.050384 -0.050318 -0.050232  -0.000129
-0.095655 -0.095565 -0.095504  -0.000877
-0.135538 -0.135452 -0.135386  -0.002494
-0.169776 -0.169710 -0.169624  -0.004901
-0.028699 -0.028612 -0.028547  -0.000024
0.530303 0.530384 0.530455  0.149073
0.981202 0.981272 0.981349  0.944438
-1.011009 -1.010928 -1.010862  -1.033594
-0.005636 -0.005575 -0.005484  -0.000000
-0.005680 -0.005639 -0.005578  -0.000000
0.000156 0.000218 0.006165  -0.000000
0.017661 0.017742 0.017808  0.000005
0.016586 0.016643 0.016713  0.000005
0.022320 0.022397 0.022472  0.000011
0.027794 0.027880 0.027946  0.000021
0.033026 0.033092 0.033174  0.000036
0.038414 0.038471 0.038561  0.000056
0.043551 0.043608 0.043699  0.000082
0.048640 0.048721 0.048792  0.000115
0.053882 0.053948 0.054034  0.000156
0.058886 0.058947 0.059034  0.000203
0.122686 0.122777 0.122843  0.001844
0.192184 0.192265 0.192335  0.007090
0.267353 0.267414 0.267501  0.019091
0.080321 0.080382 0.080468  0.000517
0.639171 0.639241 0.639332  0.261015
1.089741 1.089818 1.089888  1.293855
-0.902730 -0.902669 -0.902578  -0.735876
-0.097723 -0.097641 -0.097571  -0.000935
-0.190100 -0.282401 -0.282325  -0.006888
-0.368531 -0.368449 -0.454432  -0.006226
-0.534790 -0.534734 -0.534643  -0.153028
-0.074367 -0.074291 -0.074220  -0.000412
-0.068940 -0.068879 -0.068789  -0.000329
-0.063420 -0.063334 -0.063268  -0.000256
-0.057879 -0.057818 -0.057727  -0.000195
-0.052975 -0.052904 -0.052823  -0.000149
-0.047800 -0.047739 -0.047653  -0.000110
-0.042065 -0.042004 -0.041918  -0.000075
-0.036658 -0.036582 -0.036511  -0.000050
-0.031075 -0.031023 -0.030928  -0.000030
-0.056809 -0.056743 -0.056657  -0.000184
-0.076961 -0.076885 -0.076810  -0.000457
-0.091596 -0.091535 -0.091444  -0.000771
-0.009199 -0.009138 -0.009047  -0.000001
0.549920 0.550006 0.550067  0.166247
1.000894 1.000980 1.001046  1.002488
-0.991203 -0.991121 -0.991051  -0.974047
0.013919 0.014000 0.014071  0.000003
0.033697 0.053531 0.053626  0.000037
0.078673 0.078738 0.104032  -0.000151
0.134657 0.134718 0.134809  0.002437
0.036003 0.036089 0.036151  0.000046
0.041587 0.041668 0.041734  0.000072
0.046743 0.046808 0.046895  0.000102
0.051899 0.051964 0.052046  0.000139
0.057088 0.057169 0.057239  0.000185
0.061935 0.062021 0.062087  0.000237
0.067049 0.067115 0.067201  0.000300
0.072513 0.072584 0.072670  0.000380
0.078043 0.078105 0.078195  0.000474
0.161367 0.161432 0.161523  0.004195
0.250110 0.250167 0.250257  0.015629
0.344480 0.344566 0.344631  0.040855
0.099939 0.100000 -0.099910  0.002995
0.459580 0.459641 0.459727  0.097015
0.910274 0.910351 0.910421  0.754077
-1.082729 -1.082648 -1.082582  -1.269517
-0.077816 -0.077750 -0.077669  -0.000473
-0.150044 -0.222210 -0.222119  -0.003391
-0.288305 -0.288249 -0.354197  -0.003478
-0.414411 -0.414334 -0.414264  -0.071206
-0.054341 -0.054280 -0.054194  -0.000161
-0.048858 -0.048802 -0.048706  -0.000117
-0.043641 -0.043560 -0.043489  -0.000084
-0.038333 -0.038257 -0.038181  -0.000057
-0.033210 -0.033149 -0.033058  -0.000037
-0.027974 -0.027888 -0.027823  -0.000022
-0.022548 -0.022491 -0.022400  -0.000012
-0.016917 -0.016826 -0.016770  -0.000005
-0.011425 -0.011339 -0.011273  -0.000002
-0.017451 -0.017380 -0.017294  -0.000005
-0.017620 -0.017549 -0.017458  -0.000006
-0.012205 -0.012144 -0.012058  -0.000002
0.010494 0.010585 0.010646  0.000001
0.569296 0.569367 0.569444  0.184434
1.020322 1.020404 1.020469  1.062009
-0.972088 -0.972011 -0.971941  -0.918778
0.033300 0.033366 0.033447  0.000037
0.072372 0.111511 0.111597  0.000376
0.155962 0.156048 0.200651  -0.000485
0.250685 0.250746 0.250837  0.015737
0.055237 0.055298 0.055384  0.000168
0.060977 0.061033 0.061124  0.000226
0.066009 0.066070 0.066161  0.000286
0.073916 0.074154 0.074243  0.000402
-0.013327 -0.013023 -0.012957  -0.000002
-0.005126 -0.005050 -0.004979  -0.000000
0.000855 0.000936 0.001002  0.000000
0.007643 0.007700 0.007790  0.000000
0.013577 0.013638 0.013709  0.000002
0.032414 0.032500 0.032565  0.000034
0.056796 0.056852 0.056948  0.000182
0.086339 0.086400 0.086466  0.000642
0.034571 0.034636 0.034722  0.000041
0.593425 0.593491 0.593577  0.208885
1.044014 1.044095 1.044161  1.137724
-0.948656 -0.948595 -0.948504  -0.853986
0.056323 0.056394 0.056480  0.000178
0.117925 0.179612 0.179673  0.001634
0.246535 0.246617 0.313692  -0.000885
0.386558 0.386635 0.386705  0.057731
0.078095 0.078156 0.078246  0.000475
0.083734 0.083795 0.083886  0.000585
0.088933 0.088998 0.089084  0.000701
0.093846 0.093923 0.093993  0.000825
0.098979 0.099055 0.099126  0.000968
-0.095789 -0.095718 -0.095637  -0.000881
-0.089969 -0.089908 -0.089817  -0.000730
-0.084367 -0.084306 -0.084236  -0.000602
-0.078984 -0.078928 -0.078837  -0.000494
