-0.240015 -0.008119 -0.007243 -0.006601  -0.013826
4.506922 4.751492 -0.007243 -0.006601  198.817519
9.651183 9.913745 -0.107241 -0.106357  1873.311017
12.731441 13.010687 -0.107241 -0.106357  4266.057153
16.165951 16.462252 -0.107241 -0.106357  8686.141571
19.792303 20.105900 -0.107241 -0.106357  15881.096681
23.410504 23.742468 -0.107241 -0.106357  26213.909595
26.831779 27.181433 -0.207164 -0.205966  39399.872415
30.533766 30.900749 -0.207164 -0.205966  57972.739197
34.062909 34.447581 -0.207164 -0.205966  80399.311203
37.138980 37.540360 -0.207164 -0.205966  104130.769213
38.926911 39.338242 -0.207164 -0.205966  119861.947065
41.743702 42.163233 -0.207164 -0.205966  147695.134647
45.168190 45.601766 -0.207164 -0.305708  186980.442673
48.576319 49.023644 -0.207164 -0.405624  232442.997374
52.093148 52.554702 -0.307158 -0.505319  286521.048043
55.626784 56.103611 -0.307158 -0.604958  348720.940377
