-0.837395 -0.670881 -0.670051 -0.669621  -0.288072
-2.891747 -2.160822 -0.769964 -4.954808  87.835857
-4.985103 -4.246047 -0.769964 -9.124903  559.844955
-6.257774 -5.512180 -0.769964 -11.726923  1186.210802
-7.858992 -7.103998 -0.769964 -14.946658  2495.798211
-8.974067 -8.211436 -0.769964 -17.343969  3903.982787
-10.270698 -9.499176 -0.769964 -19.844816  5875.702911
-12.403746 -11.620584 -0.769964 -24.088373  10500.097457
-14.524231 -13.729945 -0.769964 -28.405457  17267.781874
-16.456467 -15.657475 -0.769964 -32.357572  25584.126388
-16.863315 -16.059655 -0.769964 -33.261460  27861.198605
-18.829878 -18.017541 -0.769964 -37.325800  39375.462324
-20.200154 -19.380223 -0.769964 -40.047321  48709.882732
-21.823841 -20.996072 -0.769964 -43.274117  61387.636333
-23.658637 -22.821854 -0.769964 -47.021230  78835.271579
-25.695452 -24.848717 -0.769964 -51.171686  101684.746239
-27.853256 -27.001288 -0.769964 -55.572871  130334.199203
