-0.598647 -0.264007 -0.262395  -0.214877
0.516279 0.516351 0.516431  0.137547
0.516279 0.516351 0.516431  0.137547
0.516279 0.516351 0.516431  0.137547
0.516279 0.516351 0.516431  0.137547
0.516279 0.516351 0.516431  0.137547
0.516279 0.516351 0.516431  0.137547
0.788136 0.788212 0.788278  0.489434
0.788136 0.788212 0.788278  0.489434
0.788136 0.788212 0.788278  0.489434
0.788136 0.788212 0.788278  0.489434
0.869038 0.869089 0.869185  0.656104
1.052033 1.052089 1.052185  1.164045
1.341780 1.341852 1.341927  2.415299
1.341780 1.341852 1.341927  2.415299
1.341780 1.341852 1.341927  2.415299
1.341780 1.341852 1.341927  2.415299
