-0.562721 -0.410632 -0.409849 -0.409520  -0.045017
-0.562721 -0.410632 -0.409849 -0.409520  -0.045017
-0.562721 -0.410632 -0.409849 -0.409520  -0.045017
-0.562721 -0.410632 -0.570040 -0.409520  0.003609
-0.562721 -0.410632 -0.570040 -0.551249  0.042993
-0.562721 -0.410632 -0.570040 -0.551249  0.042993
-0.562721 -0.410632 -0.570040 -0.551249  0.042993
-0.562721 -0.410632 -0.659947 -0.551249  0.107986
-0.562721 -0.410632 -0.659947 -0.624626  0.152166
-0.562721 -0.410632 -0.659947 -0.624626  0.152166
-0.562721 -0.410632 -0.659947 -0.624626  0.152166
-0.562721 -0.410632 -0.684683 -0.624626  0.177453
-0.562721 -0.410632 -0.684683 -0.633366  0.184293
-0.555248 -0.410632 -0.684683 -0.633366  0.187941
-0.555248 -0.385941 -0.684683 -0.633366  0.191054
-0.555248 -0.385941 -0.684683 -0.633366  0.191054
-0.555248 -0.385941 -0.684683 -0.633366  0.191054
-0.480934 -0.385941 -0.684683 -0.633366  0.218101
-0.480934 -0.295023 -0.684683 -0.633366  0.224428
-0.480934 -0.295023 -0.684683 -0.633366  0.224428
-0.480934 -0.295023 -0.684683 -0.633366  0.224428
-0.341246 -0.295023 -0.684683 -0.633366  0.245530
-0.341246 -0.138422 -0.684683 -0.633366  0.247714
-0.341246 -0.138422 -0.684683 -0.633366  0.247714
-0.341246 -0.138422 -0.684683 -0.633366  0.247714
-0.136647 -0.138422 -0.684683 -0.633366  0.252294
-0.136647 0.082163 -0.684683 -0.633366  0.252349
-0.136647 0.082163 -0.684683 -0.633366  0.252349
-0.136647 0.082163 -0.684683 -0.879648  0.677102
-0.136647 0.082163 -0.684683 -0.879648  0.677102
-0.136647 0.082163 -0.684683 -0.879648  0.677102
-0.136647 0.082163 -0.881424 -0.879648  1.058649
-0.136647 0.082163 -0.881424 -1.057997  1.857600
-0.136647 0.082163 -0.881424 -1.057997  1.857600
-0.136647 0.082163 -0.881424 -1.057997  1.857600
-0.136647 0.082163 -1.007716 -1.057997  2.364765
-0.136647 0.082163 -1.007716 -1.167791  3.210964
-0.136647 0.082163 -1.007716 -1.167791  3.210964
-0.136647 0.082163 -1.007716 -1.167791  3.210964
-0.136647 0.082163 -1.067742 -1.167791  3.559600
-0.136647 0.082163 -1.067742 -1.209898  3.980427
-0.136647 0.082163 -1.067742 -1.209898  3.980427
-0.136647 0.082163 -1.067742 -1.209898  3.980427
-0.136647 0.082163 -1.067742 -1.209898  3.980427
-0.136647 0.082163 -1.067742 -1.209898  3.980427
-0.099994 0.082163 -1.067742 -1.209898  3.980465
-0.099994 0.136637 -1.067742 -1.209898  3.980508
-0.099994 0.136637 -1.067742 -1.209898  3.980508
-0.099994 0.136637 -1.067742 -1.209898  3.980508
0.003610 0.136637 -1.067742 -1.209898  3.980518
0.003610 0.258037 -1.067742 -1.209898  3.981615
0.003610 0.258037 -1.067742 -1.209898  3.981615
0.003610 0.258037 -1.067742 -1.209898  3.981615
0.200015 0.258037 -1.067742 -1.209898  3.981935
0.200015 0.470866 -1.067742 -1.209898  4.003938
0.200015 0.470866 -1.067742 -1.209898  4.003938
0.200015 0.470866 -1.067742 -1.209898  4.003938
0.200015 0.470866 -1.067742 -1.209898  4.003938
0.200015 0.470866 -1.067742 -1.209898  4.003938
0.200015 0.470866 -1.274267 -1.209898  5.975833
0.200015 0.470866 -1.274267 -1.400520  8.771413
0.200015 0.470866 -1.274267 -1.400520  8.771413
0.200015 0.470866 -1.274267 -1.400520  8.771413
0.200015 0.470866 -1.414256 -1.400520  11.069399
0.200015 0.470866 -1.414256 -1.522755  13.868633
0.200015 0.470866 -1.414256 -1.522755  13.868633
0.200015 0.470866 -1.414256 -1.522755  13.868633
0.200015 0.470866 -1.487411 -1.522755  15.491337
0.200015 0.470866 -1.487411 -1.579960  17.149203
0.200015 0.470866 -1.487411 -1.579960  17.149203
0.200015 0.470866 -1.487411 -1.579960  17.149203
0.200015 0.470866 -1.495479 -1.579960  17.348796
0.200015 0.470866 -1.495479 -1.579960  17.348796
0.224227 0.470866 -1.495479 -1.579960  17.349042
0.224227 0.511858 -1.495479 -1.579960  17.361031
0.224227 0.511858 -1.495479 -1.579960  17.361031
0.224227 0.511858 -1.495479 -1.579960  17.361031
0.313801 0.511858 -1.495479 -1.579960  17.363507
0.313801 0.617406 -1.495479 -1.579960  17.418084
0.313801 0.617406 -1.495479 -1.579960  17.418084
0.313801 0.617406 -1.495479 -1.579960  17.418084
0.466816 0.617406 -1.495479 -1.579960  17.437210
0.466816 0.787889 -1.495479 -1.579960  17.651114
0.466816 0.787889 -1.495479 -1.579960  17.651114
0.466816 0.787889 -1.495479 -1.810548  27.261638
0.466816 0.787889 -1.495479 -1.810548  27.261638
0.466816 0.787889 -1.495479 -1.810548  27.261638
0.466816 0.787889 -1.673415 -1.810548  32.904199
0.466816 0.787889 -1.673415 -1.972382  43.299058
0.466816 0.787889 -1.673415 -1.972382  43.299058
0.466816 0.787889 -1.673415 -1.972382  43.299058
0.466816 0.787889 -1.785481 -1.972382  48.322292
0.466816 0.787889 -1.785481 -2.068321  56.323657
0.466816 0.787889 -1.785481 -2.068321  56.323657
0.466816 0.787889 -1.785481 -2.068321  56.323657
0.466816 0.787889 -1.834024 -2.068321  58.928182
0.466816 0.787889 -1.834024 -2.101317  62.045327
0.466816 0.787889 -1.834024 -2.101317  62.045327
0.466816 0.787889 -1.834024 -2.101317  62.045327
0.466816 0.787889 -1.834024 -2.101317  62.045327
0.466816 0.787889 -1.834024 -2.101317  62.045327
0.513555 0.787889 -1.834024 -2.101317  62.058881
0.513555 0.850590 -1.834024 -2.101317  62.200512
0.513555 0.850590 -1.834024 -2.101317  62.200512
0.513555 0.850590 -1.834024 -2.101317  62.200512
0.626357 0.850590 -1.834024 -2.101317  62.261197
0.626357 0.979659 -1.834024 -2.101317  62.718298
0.626357 0.979659 -1.834024 -2.101317  62.718298
0.626357 0.979659 -1.834024 -2.101317  62.718298
0.804031 0.979659 -1.834024 -2.101317  62.957911
0.804031 1.174813 -1.834024 -2.101317  64.293482
0.804031 1.174813 -1.834024 -2.101317  64.293482
0.804031 1.174813 -1.834024 -2.101317  64.293482
1.047901 1.174813 -1.834024 -2.101317  65.221039
1.047901 1.174813 -1.834024 -2.101317  65.221039
1.047901 1.174813 -2.057663 -2.101317  81.357521
1.047901 1.174813 -2.057663 -2.308595  105.963348
1.047901 1.174813 -2.057663 -2.308595  105.963348
1.047901 1.174813 -2.057663 -2.308595  105.963348
1.047901 1.174813 -2.216488 -2.308595  122.573203
1.047901 1.174813 -2.216488 -2.451364  145.517672
1.047901 1.174813 -2.216488 -2.451364  145.517672
1.047901 1.174813 -2.216488 -2.451364  145.517672
1.047901 1.174813 -2.310968 -2.451364  157.933824
1.047901 1.174813 -2.310968 -2.529018  172.871193
1.047901 1.174813 -2.310968 -2.529018  172.871193
1.047901 1.174813 -2.310968 -2.529018  172.871193
1.047901 1.174813 -2.340290 -2.529018  177.160234
1.047901 1.174813 -2.340290 -2.541846  179.810808
1.051309 1.174813 -2.340290 -2.541846  179.831489
1.051309 1.195154 -2.340290 -2.541846  180.032046
1.051309 1.195154 -2.340290 -2.541846  180.032046
1.051309 1.195154 -2.340290 -2.541846  180.032046
1.120744 1.195154 -2.340290 -2.541846  180.515992
1.120744 1.281118 -2.340290 -2.541846  181.528520
1.120744 1.281118 -2.340290 -2.541846  181.528520
1.120744 1.281118 -2.340290 -2.541846  181.528520
1.255185 1.281118 -2.340290 -2.541846  182.875894
1.255185 1.432112 -2.340290 -2.541846  185.448880
1.255185 1.432112 -2.340290 -2.541846  185.448880
1.255185 1.432112 -2.340290 -2.541846  185.448880
1.453692 1.432112 -2.340290 -2.541846  188.825066
1.453692 1.647066 -2.340290 -2.541846  194.922545
1.453692 1.647066 -2.340290 -2.541846  194.922545
1.453692 1.647066 -2.340290 -2.541846  194.922545
1.453692 1.647066 -2.340290 -2.541846  194.922545
1.453692 1.647066 -2.340290 -2.541846  194.922545
1.453692 1.647066 -2.545362 -2.541846  231.564075
1.453692 1.647066 -2.545362 -2.730803  277.319526
1.453692 1.647066 -2.545362 -2.730803  277.319526
1.453692 1.647066 -2.545362 -2.730803  277.319526
1.453692 1.647066 -2.686152 -2.730803  310.322951
1.453692 1.647066 -2.686152 -2.855701  348.377008
1.453692 1.647066 -2.686152 -2.855701  348.377008
1.453692 1.647066 -2.686152 -2.855701  348.377008
1.453692 1.647066 -2.763395 -2.855701  369.674483
1.453692 1.647066 -2.763395 -2.917088  390.983808
1.453692 1.647066 -2.763395 -2.917088  390.983808
1.453692 1.647066 -2.763395 -2.917088  390.983808
1.453692 1.647066 -2.776877 -2.917088  394.953318
1.453692 1.647066 -2.776877 -2.917088  394.953318
1.471637 1.647066 -2.776877 -2.917088  395.364012
1.471637 1.680996 -2.776877 -2.917088  396.665051
1.471637 1.680996 -2.776877 -2.917088  396.665051
1.471637 1.680996 -2.776877 -2.917088  396.665051
1.552725 1.680996 -2.776877 -2.917088  398.788124
1.552725 1.680996 -2.776877 -2.917088  398.788124
1.552725 1.680996 -2.959053 -2.917088  460.537510
1.552725 1.680996 -2.959053 -3.082712  527.708307
1.552725 1.680996 -2.959053 -3.082712  527.708307
1.552725 1.680996 -2.959053 -3.082712  527.708307
1.552725 1.680996 -3.077030 -3.082712  576.685990
1.552725 1.680996 -3.077030 -3.183721  625.384662
1.552725 1.680996 -3.077030 -3.183721  625.384662
1.552725 1.680996 -3.077030 -3.183721  625.384662
1.552725 1.680996 -3.128623 -3.183721  649.298705
1.552725 1.680996 -3.128623 -3.219035  667.846669
1.552725 1.680996 -3.128623 -3.219035  667.846669
1.552725 1.680996 -3.128623 -3.219035  667.846669
1.552725 1.680996 -3.128623 -3.219035  667.846669
1.552725 1.680996 -3.128623 -3.219035  667.846669
1.596778 1.680996 -3.128623 -3.219035  669.201738
1.596778 1.741058 -3.128623 -3.219035  671.777241
1.596778 1.741058 -3.128623 -3.219035  671.777241
1.596778 1.741058 -3.128623 -3.219035  671.777241
1.704416 1.741058 -3.128623 -3.219035  675.780583
1.704416 1.865010 -3.128623 -3.219035  682.346043
1.704416 1.865010 -3.128623 -3.219035  682.346043
1.704416 1.865010 -3.128623 -3.219035  682.346043
1.876774 1.865010 -3.128623 -3.219035  691.246238
1.876774 2.053886 -3.128623 -3.219035  705.232281
1.876774 2.053886 -3.128623 -3.219035  705.232281
1.876774 2.053886 -3.128623 -3.219035  705.232281
2.114968 2.053886 -3.128623 -3.219035  724.265539
2.114968 2.053886 -3.128623 -3.219035  724.265539
2.114968 2.053886 -3.358686 -3.219035  851.922765
2.114968 2.053886 -3.358686 -3.432956  983.084412
2.114968 2.053886 -3.358686 -3.432956  983.084412
2.114968 2.053886 -3.358686 -3.432956  983.084412
2.114968 2.053886 -3.524772 -3.432956  1099.742443
2.114968 2.053886 -3.524772 -3.582227  1212.819452
2.114968 2.053886 -3.524772 -3.582227  1212.819452
2.114968 2.053886 -3.524772 -3.582227  1212.819452
2.114968 2.053886 -3.625222 -3.582227  1294.891272
2.114968 2.053886 -3.625222 -3.666339  1367.474440
2.114968 2.053886 -3.625222 -3.666339  1367.474440
2.114968 2.053886 -3.625222 -3.666339  1367.474440
2.114968 2.053886 -3.659848 -3.666339  1397.954188
2.114968 2.053886 -3.659848 -3.684354  1414.390342
2.114968 2.053886 -3.659848 -3.684354  1414.390342
2.114968 2.068601 -3.659848 -3.684354  1415.718526
2.114968 2.068601 -3.659848 -3.684354  1415.718526
2.114968 2.068601 -3.659848 -3.684354  1415.718526
2.178457 2.068601 -3.659848 -3.684354  1422.463082
2.178457 2.148572 -3.659848 -3.684354  1430.373181
2.178457 2.148572 -3.659848 -3.684354  1430.373181
2.178457 2.148572 -3.659848 -3.684354  1430.373181
2.306333 2.148572 -3.659848 -3.684354  1446.565714
2.306333 2.293123 -3.659848 -3.684354  1464.184812
2.306333 2.293123 -3.659848 -3.684354  1464.184812
2.306333 2.293123 -3.659848 -3.684354  1464.184812
2.499004 2.293123 -3.659848 -3.684354  1496.392257
2.499004 2.502323 -3.659848 -3.684354  1531.096164
2.499004 2.502323 -3.659848 -3.684354  1531.096164
2.499004 2.502323 -3.659848 -3.684354  1531.096164
2.499004 2.502323 -3.659848 -3.684354  1531.096164
2.499004 2.502323 -3.659848 -3.684354  1531.096164
2.499004 2.502323 -3.869680 -3.684354  1742.185816
2.499004 2.502323 -3.869680 -3.878189  1940.577685
2.499004 2.502323 -3.869680 -3.878189  1940.577685
2.499004 2.502323 -3.869680 -3.878189  1940.577685
2.499004 2.502323 -4.015171 -3.878189  2116.433698
2.499004 2.502323 -4.015171 -4.007730  2273.073462
2.499004 2.502323 -4.015171 -4.007730  2273.073462
2.499004 2.502323 -4.015171 -4.007730  2273.073462
2.499004 2.502323 -4.095027 -4.007730  2381.058998
2.499004 2.502323 -4.095027 -4.071162  2465.512785
2.499004 2.502323 -4.095027 -4.071162  2465.512785
2.499004 2.502323 -4.095027 -4.071162  2465.512785
2.499004 2.502323 -4.111145 -4.071162  2488.353908
2.499004 2.502323 -4.111145 -4.071166  2488.358247
2.516254 2.502323 -4.111145 -4.071166  2491.768796
2.516254 2.535797 -4.111145 -4.071166  2498.508983
2.516254 2.535797 -4.111145 -4.071166  2498.508983
2.516254 2.535797 -4.111145 -4.071166  2498.508983
2.597657 2.535797 -4.111145 -4.071166  2515.915917
2.597657 2.633373 -4.111145 -4.071166  2537.702338
2.597657 2.633373 -4.312736 -4.071166  2855.293464
2.597657 2.633373 -4.312736 -4.250702  3124.627324
2.597657 2.633373 -4.312736 -4.250702  3124.627324
2.597657 2.633373 -4.312736 -4.250702  3124.627324
2.597657 2.633373 -4.443797 -4.250702  3365.531538
2.597657 2.633373 -4.443797 -4.365590  3563.482340
2.597657 2.633373 -4.443797 -4.365590  3563.482340
2.597657 2.633373 -4.443797 -4.365590  3563.482340
2.597657 2.633373 -4.509092 -4.365590  3694.590853
2.597657 2.633373 -4.509092 -4.414876  3786.144419
2.597657 2.633373 -4.509092 -4.414876  3786.144419
2.597657 2.633373 -4.509092 -4.414876  3786.144419
2.597657 2.633373 -4.511565 -4.414876  3791.261639
2.597657 2.633373 -4.511565 -4.414876  3791.261639
2.626810 2.633373 -4.511565 -4.414876  3798.049504
2.626810 2.679259 -4.511565 -4.414876  3809.473947
2.626810 2.679259 -4.511565 -4.414876  3809.473947
2.626810 2.679259 -4.511565 -4.414876  3809.473947
2.722453 2.679259 -4.511565 -4.414876  3833.961941
2.722453 2.791290 -4.511565 -4.414876  3865.343516
2.722453 2.791290 -4.511565 -4.414876  3865.343516
2.722453 2.791290 -4.511565 -4.414876  3865.343516
2.883257 2.791290 -4.511565 -4.414876  3915.046815
2.883257 2.967970 -4.511565 -4.414876  3975.905410
2.883257 2.967970 -4.511565 -4.414876  3975.905410
2.883257 2.967970 -4.511565 -4.414876  3975.905410
3.109909 2.967970 -4.511565 -4.414876  4067.543310
3.109909 3.211793 -4.511565 -4.414876  4179.014337
3.109909 3.211793 -4.751675 -4.414876  4732.230008
3.109909 3.211793 -4.751675 -4.639427  5204.422104
3.109909 3.211793 -4.751675 -4.639427  5204.422104
3.109909 3.211793 -4.751675 -4.639427  5204.422104
3.109909 3.211793 -4.927737 -4.639427  5687.703637
3.109909 3.211793 -4.927737 -4.799246  6084.320285
3.109909 3.211793 -4.927737 -4.799246  6084.320285
3.109909 3.211793 -4.927737 -4.799246  6084.320285
3.109909 3.211793 -5.038641 -4.799246  6426.342856
3.109909 3.211793 -5.038641 -4.894462  6689.130057
3.109909 3.211793 -5.038641 -4.894462  6689.130057
3.109909 3.211793 -5.038641 -4.894462  6689.130057
3.109909 3.211793 -5.086058 -4.894462  6844.844267
3.109909 3.211793 -5.086058 -4.926214  6937.143446
3.109909 3.211793 -5.086058 -4.926214  6937.143446
3.109909 3.211793 -5.086058 -4.926214  6937.143446
3.109909 3.211793 -5.086058 -4.926214  6937.143446
3.109909 3.211793 -5.086058 -4.926214  6937.143446
3.157051 3.211793 -5.086058 -4.926214  6959.869860
3.157051 3.276059 -5.086058 -4.926214  6995.459040
3.157051 3.276059 -5.086058 -4.926214  6995.459040
3.157051 3.276059 -5.086058 -4.926214  6995.459040
3.271417 3.276059 -5.086058 -4.926214  7056.532461
3.271417 3.406504 -5.086058 -4.926214  7137.887053
3.271417 3.406504 -5.086058 -4.926214  7137.887053
3.271417 3.406504 -5.086058 -4.926214  7137.887053
3.450386 3.406504 -5.086058 -4.926214  7252.223853
3.450386 3.602206 -5.086058 -4.926214  7400.023642
3.450386 3.602206 -5.086058 -4.926214  7400.023642
3.450386 3.602206 -5.086058 -4.926214  7400.023642
3.694775 3.602206 -5.086058 -4.926214  7599.547965
3.694775 3.602206 -5.086058 -4.926214  7599.547965
3.694775 3.602206 -5.309142 -4.926214  8414.345674
3.694775 3.602206 -5.309142 -5.132757  9075.710198
3.694775 3.602206 -5.309142 -5.132757  9075.710198
3.694775 3.602206 -5.309142 -5.132757  9075.710198
3.694775 3.602206 -5.465702 -5.132757  9735.427511
3.694775 3.602206 -5.465702 -5.273273  10250.506750
3.694775 3.602206 -5.465702 -5.273273  10250.506750
3.694775 3.602206 -5.465702 -5.273273  10250.506750
3.694775 3.602206 -5.556853 -5.273273  10671.039796
3.694775 3.602206 -5.556853 -5.347785  10967.380433
3.694775 3.602206 -5.556853 -5.347785  10967.380433
3.694775 3.602206 -5.556853 -5.347785  10967.380433
3.694775 3.602206 -5.582403 -5.347785  11090.315914
