0.338624 0.338762 0.338871  0.038791
0.271627 0.271898 0.271968  0.020025
0.234319 0.234390 0.234451  0.012855
-0.032166 -0.032110 -0.032039  -0.000033
0.253164 0.253236 0.253307  0.016212
0.567578 0.567639 0.567715  0.182768
0.574055 0.574120 0.574186  0.189108
-0.010144 -0.010077 -0.010006  -0.000001
-0.013890 -0.017568 -0.017497  -0.000003
-0.015636 -0.015564 -0.013494  -0.000005
-0.006353 -0.006292 -0.006211  -0.000000
0.013435 0.013496 0.013578  0.000002
0.018989 0.019065 0.019126  0.000007
0.024231 0.024287 0.024369  0.000014
0.029340 0.029406 0.029471  0.000025
0.034562 0.034623 0.034699  0.000041
0.039680 0.039741 0.039811  0.000062
0.044694 0.044755 0.044836  0.000089
0.049565 0.049626 0.049707  0.000121
0.054611 0.054672 0.054754  0.000162
0.114070 0.114175 0.114250  0.001481
0.179178 0.179250 0.179320  0.005746
0.249850 0.249907 0.249988  0.015582
0.075803 0.075880 0.075951  0.000434
0.360609 0.360680 0.360745  0.046868
0.675035 0.675102 0.675173  0.307499
0.681276 0.681342 0.681403  0.316120
0.096888 0.096960 0.097030  0.000908
0.000630 -0.095563 -0.095486  -0.000002
-0.186129 -0.186057 -0.276482  0.008246
-0.361460 -0.361395 -0.361327  -0.047252
-0.079040 -0.078974 -0.078898  -0.000495
-0.073391 -0.073335 -0.073253  -0.000397
-0.068055 -0.067999 -0.067917  -0.000316
-0.062946 -0.062880 -0.062803  -0.000250
-0.057402 -0.057320 -0.057259  -0.000190
-0.051998 -0.051937 -0.051872  -0.000141
-0.046910 -0.046838 -0.046767  -0.000104
-0.041639 -0.041574 -0.041502  -0.000073
-0.036404 -0.036332 -0.036266  -0.000049
-0.067901 -0.067836 -0.067770  -0.000314
-0.093998 -0.093941 -0.093860  -0.000833
-0.114819 -0.114758 -0.114676  -0.001517
-0.015471 -0.015410 -0.015333  -0.000004
0.268779 0.268845 0.268922  0.019401
0.583319 0.583401 0.583462  0.198419
0.589720 0.589796 0.589862  0.205018
0.005100 0.005167 0.005237  0.000000
0.016481 0.027918 0.027989  0.000004
0.044379 0.044445 0.061052  -0.000052
0.083015 0.083096 0.083162  0.000571
0.026990 0.027057 0.027128  0.000020
0.032578 0.032639 0.032716  0.000034
0.037573 0.037639 0.037711  0.000053
0.042539 0.042601 0.042671  0.000077
0.047382 0.047444 0.047514  0.000106
0.052258 0.052319 0.052401  0.000142
0.057101 0.057153 0.057228  0.000185
0.062076 0.062152 0.062218  0.000238
0.066909 0.066981 0.067052  0.000299
0.138795 0.138876 0.138946  0.002670
0.216230 0.216291 0.216368  0.010099
0.298916 0.298993 0.299058  0.026691
0.087468 0.087529 0.087594  0.000668
0.371992 0.372057 0.372129  0.051446
0.686130 0.686195 0.686267  0.322910
0.492530 0.492597 0.492668  0.119429
-0.082229 -0.082129 -0.082063  -0.000557
-0.158661 -0.235026 -0.234951  -0.004006
-0.305810 -0.305743 -0.376388  -0.003857
-0.441546 -0.441474 -0.441404  -0.086126
-0.059584 -0.059528 -0.059446  -0.000212
-0.054409 -0.054343 -0.054262  -0.000162
-0.049372 -0.049305 -0.049234  -0.000121
-0.044482 -0.044405 -0.044344  -0.000088
-0.039240 -0.039179 -0.039098  -0.000061
-0.034075 -0.034014 -0.033937  -0.000040
-0.028961 -0.028895 -0.028829  -0.000024
-0.024043 -0.023991 -0.023905  -0.000014
-0.019148 -0.019076 -0.019006  -0.000007
