-0.989259 -0.825328 -0.824616 -0.824311  -0.568499
-0.803763 -0.825328 -0.824616 -0.824311  0.043478
-0.803763 -0.619307 -0.824616 -0.824311  0.335317
-0.803763 -0.619307 -0.824616 -0.824311  0.335317
-0.803763 -0.619307 -0.824616 -0.824311  0.335317
-0.803763 -0.619307 -0.824616 -0.824311  0.335317
-0.803763 -0.619307 -0.824616 -0.824311  0.335317
-0.803763 -0.619307 -1.035100 -0.824311  1.142283
-0.803763 -0.619307 -1.035100 -1.014591  1.836809
-0.803763 -0.619307 -1.035100 -1.014591  1.836809
-0.803763 -0.619307 -1.035100 -1.014591  1.836809
-0.803763 -0.619307 -1.170963 -1.014591  2.850035
-0.803763 -0.619307 -1.170963 -1.134136  3.651322
-0.803763 -0.619307 -1.170963 -1.134136  3.651322
-0.803763 -0.619307 -1.170963 -1.134136  3.651322
-0.803763 -0.619307 -1.239030 -1.134136  4.370017
-0.803763 -0.619307 -1.239030 -1.184570  4.826025
-0.803763 -0.619307 -1.239030 -1.184570  4.826025
-0.803763 -0.619307 -1.239030 -1.184570  4.826025
-0.803763 -0.619307 -1.239030 -1.184570  4.826025
-0.803763 -0.619307 -1.239030 -1.184570  4.826025
-0.769012 -0.619307 -1.239030 -1.184570  4.892539
-0.769012 -0.568058 -1.239030 -1.184570  4.924490
-0.769012 -0.568058 -1.239030 -1.184570  4.924490
-0.769012 -0.568058 -1.239030 -1.184570  4.924490
-0.667806 -0.568058 -1.239030 -1.184570  5.060619
-0.667806 -0.449110 -1.239030 -1.184570  5.101499
-0.667806 -0.449110 -1.239030 -1.184570  5.101499
-0.667806 -0.449110 -1.239030 -1.184570  5.101499
-0.499079 -0.449110 -1.239030 -1.184570  5.203353
-0.499079 -0.262656 -1.239030 -1.184570  5.220374
-0.499079 -0.262656 -1.239030 -1.184570  5.220374
-0.499079 -0.262656 -1.239030 -1.184570  5.220374
-0.262501 -0.262656 -1.239030 -1.184570  5.250091
-0.262501 -0.262656 -1.239030 -1.184570  5.250091
-0.262501 -0.262656 -1.470114 -1.184570  9.196715
-0.262501 -0.262656 -1.470114 -1.398995  12.223280
-0.262501 -0.262656 -1.470114 -1.398995  12.223280
-0.262501 -0.262656 -1.470114 -1.398995  12.223280
-0.262501 -0.262656 -1.633299 -1.398995  16.979768
-0.262501 -0.262656 -1.633299 -1.544462  20.408727
-0.262501 -0.262656 -1.633299 -1.544462  20.408727
-0.262501 -0.262656 -1.633299 -1.544462  20.408727
-0.262501 -0.262656 -1.728869 -1.544462  24.231252
-0.262501 -0.262656 -1.728869 -1.622294  26.680246
-0.262501 -0.262656 -1.728869 -1.622294  26.680246
-0.262501 -0.262656 -1.728869 -1.622294  26.680246
-0.262501 -0.262656 -1.756847 -1.622294  27.971115
-0.262501 -0.262656 -1.756847 -1.633077  28.349554
-0.256743 -0.262656 -1.756847 -1.633077  28.349685
-0.256743 -0.240200 -1.756847 -1.633077  28.350136
-0.256743 -0.240200 -1.756847 -1.633077  28.350136
-0.256743 -0.240200 -1.756847 -1.633077  28.350136
-0.157331 -0.240200 -1.756847 -1.633077  28.351155
-0.157331 -0.123284 -1.756847 -1.633077  28.351926
-0.157331 -0.123284 -1.756847 -1.633077  28.351926
-0.157331 -0.123284 -1.756847 -1.633077  28.351926
0.008559 -0.123284 -1.756847 -1.633077  28.352022
0.008559 0.060938 -1.756847 -1.633077  28.352052
0.008559 0.060938 -1.756847 -1.633077  28.352052
0.008559 0.060938 -1.756847 -1.633077  28.352052
0.242561 0.060938 -1.756847 -1.633077  28.352891
0.242561 0.060938 -1.756847 -1.633077  28.352891
0.242561 0.060938 -1.989617 -1.633077  42.794184
0.242561 0.060938 -1.989617 -1.849553  52.822631
0.242561 0.060938 -1.989617 -1.849553  52.822631
0.242561 0.060938 -1.989617 -1.849553  52.822631
0.242561 0.060938 -2.158709 -1.849553  68.522799
0.242561 0.060938 -2.158709 -2.003003  79.119975
0.242561 0.060938 -2.158709 -2.003003  79.119975
0.242561 0.060938 -2.158709 -2.003003  79.119975
0.242561 0.060938 -2.264880 -2.003003  91.839083
0.242561 0.060938 -2.264880 -2.092704  99.734558
0.242561 0.060938 -2.264880 -2.092704  99.734558
0.242561 0.060938 -2.264880 -2.092704  99.734558
0.242561 0.060938 -2.307079 -2.092704  105.497331
0.242561 0.060938 -2.307079 -2.118596  108.042517
0.242561 0.060938 -2.307079 -2.118596  108.042517
0.242561 0.068116 -2.307079 -2.118596  108.042518
0.242561 0.068116 -2.307079 -2.118596  108.042518
0.242561 0.068116 -2.307079 -2.118596  108.042518
0.300008 0.068116 -2.307079 -2.118596  108.044108
0.300008 0.278838 -2.307079 -2.118596  108.045793
0.300008 0.278838 -2.307079 -2.118596  108.045793
0.300008 0.278838 -2.307079 -2.365339  139.404164
0.300008 0.278838 -2.307079 -2.365339  139.404164
0.300008 0.278838 -2.307079 -2.365339  139.404164
0.300008 0.278838 -2.505677 -2.365339  172.814235
0.300008 0.278838 -2.505677 -2.547834  206.137452
0.300008 0.278838 -2.505677 -2.547834  206.137452
0.300008 0.278838 -2.505677 -2.547834  206.137452
0.300008 0.278838 -2.639234 -2.547834  235.420323
0.300008 0.278838 -2.639234 -2.665821  262.691019
0.300008 0.278838 -2.639234 -2.665821  262.691019
0.300008 0.278838 -2.639234 -2.665821  262.691019
0.300008 0.278838 -2.709265 -2.665821  280.605892
0.300008 0.278838 -2.709265 -2.719537  294.728073
0.300008 0.278838 -2.709265 -2.719537  294.728073
0.300008 0.278838 -2.709265 -2.719537  294.728073
0.300008 0.278838 -2.716794 -2.719537  296.767618
0.300008 0.278838 -2.716794 -2.719537  296.767618
0.323632 0.278838 -2.716794 -2.719537  296.768738
0.323632 0.319476 -2.716794 -2.719537  296.770380
0.323632 0.319476 -2.716794 -2.719537  296.770380
0.323632 0.319476 -2.716794 -2.719537  296.770380
0.414609 0.319476 -2.716794 -2.719537  296.779082
0.414609 0.426760 -2.716794 -2.719537  296.789909
0.414609 0.426760 -2.716794 -2.719537  296.789909
0.414609 0.426760 -2.716794 -2.719537  296.789909
0.571614 0.426760 -2.716794 -2.719537  296.838683
0.571614 0.600141 -2.716794 -2.719537  296.902380
0.571614 0.600141 -2.716794 -2.719537  296.902380
0.571614 0.600141 -2.716794 -2.719537  296.902380
0.793660 0.600141 -2.716794 -2.719537  297.156253
0.793660 0.838587 -2.716794 -2.719537  297.493108
0.793660 0.838587 -2.962042 -2.719537  377.496751
0.793660 0.838587 -2.962042 -2.948103  451.437057
0.793660 0.838587 -2.962042 -2.948103  451.437057
0.793660 0.838587 -2.962042 -2.948103  451.437057
0.793660 0.838587 -3.140636 -2.948103  528.980235
0.793660 0.838587 -3.140636 -3.110333  597.378453
0.793660 0.838587 -3.140636 -3.110333  597.378453
0.793660 0.838587 -3.140636 -3.110333  597.378453
0.793660 0.838587 -3.252801 -3.110333  655.980116
0.793660 0.838587 -3.252801 -3.206598  703.903248
0.793660 0.838587 -3.252801 -3.206598  703.903248
0.793660 0.838587 -3.252801 -3.206598  703.903248
0.793660 0.838587 -3.301560 -3.206598  732.027112
0.793660 0.838587 -3.301560 -3.238839  749.417010
0.793660 0.838587 -3.301560 -3.238839  749.417010
0.793660 0.839702 -3.301560 -3.238839  749.419773
0.793660 0.839702 -3.301560 -3.238839  749.419773
0.793660 0.839702 -3.301560 -3.238839  749.419773
0.843572 0.839702 -3.301560 -3.238839  749.532052
0.843572 0.905599 -3.301560 -3.238839  749.723669
0.843572 0.905599 -3.301560 -3.238839  749.723669
0.843572 0.905599 -3.301560 -3.238839  749.723669
0.957006 0.905599 -3.301560 -3.238839  750.099228
0.957006 1.034745 -3.301560 -3.238839  750.676364
0.957006 1.034745 -3.301560 -3.238839  750.676364
0.957006 1.034745 -3.301560 -3.238839  750.676364
1.135200 1.034745 -3.301560 -3.238839  751.758847
1.135200 1.230951 -3.301560 -3.238839  753.398831
1.135200 1.230951 -3.301560 -3.238839  753.398831
1.135200 1.230951 -3.301560 -3.238839  753.398831
1.380853 1.230951 -3.301560 -3.238839  756.534004
1.380853 1.230951 -3.301560 -3.238839  756.534004
1.380853 1.230951 -3.523842 -3.238839  907.607315
1.380853 1.230951 -3.523842 -3.445030  1036.449390
1.380853 1.230951 -3.523842 -3.445030  1036.449390
1.380853 1.230951 -3.523842 -3.445030  1036.449390
1.380853 1.230951 -3.678262 -3.445030  1166.403241
1.380853 1.230951 -3.678262 -3.582670  1271.401117
1.380853 1.230951 -3.678262 -3.582670  1271.401117
1.380853 1.230951 -3.678262 -3.582670  1271.401117
1.380853 1.230951 -3.768348 -3.582670  1357.992203
1.380853 1.230951 -3.768348 -3.656584  1421.443545
1.380853 1.230951 -3.768348 -3.656584  1421.443545
1.380853 1.230951 -3.768348 -3.656584  1421.443545
1.380853 1.230951 -3.794247 -3.656584  1447.917902
1.380853 1.230951 -3.794247 -3.666545  1456.869904
1.387410 1.230951 -3.794247 -3.666545  1456.990239
1.387410 1.254253 -3.794247 -3.666545  1457.268056
1.387410 1.254253 -3.794247 -3.666545  1457.268056
1.387410 1.254253 -3.794247 -3.900602  1697.555726
1.387410 1.254253 -3.794247 -3.900602  1697.555726
1.387410 1.254253 -3.794247 -3.900602  1697.555726
1.387410 1.254253 -3.977117 -3.900602  1906.225822
1.387410 1.254253 -3.977117 -4.067353  2116.451409
1.387410 1.254253 -3.977117 -4.067353  2116.451409
1.387410 1.254253 -3.977117 -4.067353  2116.451409
1.387410 1.254253 -4.094479 -4.067353  2272.191465
1.387410 1.254253 -4.094479 -4.168315  2417.380897
1.387410 1.254253 -4.094479 -4.168315  2417.380897
1.387410 1.254253 -4.094479 -4.168315  2417.380897
1.387410 1.254253 -4.147027 -4.168315  2493.146298
1.387410 1.254253 -4.147027 -4.204855  2549.275523
1.387410 1.254253 -4.147027 -4.204855  2549.275523
1.387410 1.254253 -4.147027 -4.204855  2549.275523
1.387410 1.254253 -4.147027 -4.204855  2549.275523
1.387410 1.254253 -4.147027 -4.204855  2549.275523
1.430892 1.254253 -4.147027 -4.204855  2550.133169
1.430892 1.314443 -4.147027 -4.204855  2550.952963
1.430892 1.314443 -4.147027 -4.204855  2550.952963
1.430892 1.314443 -4.147027 -4.204855  2550.952963
1.540326 1.314443 -4.147027 -4.204855  2553.625457
1.540326 1.440242 -4.147027 -4.204855  2555.898580
1.540326 1.440242 -4.147027 -4.204855  2555.898580
1.540326 1.440242 -4.147027 -4.204855  2555.898580
1.715337 1.440242 -4.147027 -4.204855  2562.078411
1.715337 1.631473 -4.147027 -4.204855  2567.439926
1.715337 1.631473 -4.147027 -4.204855  2567.439926
1.715337 1.631473 -4.147027 -4.204855  2567.439926
1.957146 1.631473 -4.147027 -4.204855  2581.304704
1.957146 1.631473 -4.147027 -4.204855  2581.304704
1.957146 1.631473 -4.372077 -4.204855  2952.250725
1.957146 1.631473 -4.372077 -4.413610  3312.594460
1.957146 1.631473 -4.372077 -4.413610  3312.594460
1.957146 1.631473 -4.372077 -4.413610  3312.594460
1.957146 1.631473 -4.531006 -4.413610  3624.836667
1.957146 1.631473 -4.531006 -4.555900  3912.787376
1.957146 1.631473 -4.531006 -4.555900  3912.787376
1.957146 1.631473 -4.531006 -4.555900  3912.787376
1.957146 1.631473 -4.623399 -4.555900  4115.601657
1.957146 1.631473 -4.623399 -4.631846  4284.743104
1.957146 1.631473 -4.623399 -4.631846  4284.743104
1.957146 1.631473 -4.623399 -4.631846  4284.743104
1.957146 1.631473 -4.651151 -4.631846  4348.909938
1.957146 1.631473 -4.651151 -4.643295  4375.388546
1.962442 1.631473 -4.651151 -4.643295  4375.779147
1.962442 1.653146 -4.651151 -4.643295  4376.567524
1.962442 1.653146 -4.651151 -4.643295  4376.567524
1.962442 1.653146 -4.651151 -4.643295  4376.567524
2.032684 1.653146 -4.651151 -4.643295  4382.163065
2.032684 1.739432 -4.651151 -4.643295  4385.739708
2.032684 1.739432 -4.651151 -4.643295  4385.739708
2.032684 1.739432 -4.651151 -4.643295  4385.739708
2.167330 1.739432 -4.651151 -4.643295  4398.859853
2.167330 1.890772 -4.651151 -4.643295  4407.101885
2.167330 1.890772 -4.651151 -4.643295  4407.101885
2.167330 1.890772 -4.651151 -4.643295  4407.101885
2.369056 1.890772 -4.651151 -4.643295  4433.903821
2.369056 2.108518 -4.651151 -4.643295  4451.414412
2.369056 2.108518 -4.651151 -4.643295  4451.414412
2.369056 2.108518 -4.651151 -4.643295  4451.414412
2.369056 2.108518 -4.651151 -4.643295  4451.414412
2.369056 2.108518 -4.651151 -4.643295  4451.414412
2.369056 2.108518 -4.854597 -4.643295  4970.981856
2.369056 2.108518 -4.854597 -4.831100  5444.246763
2.369056 2.108518 -4.854597 -4.831100  5444.246763
2.369056 2.108518 -4.854597 -4.831100  5444.246763
2.369056 2.108518 -4.994136 -4.831100  5854.681241
2.369056 2.108518 -4.994136 -4.954975  6209.828237
2.369056 2.108518 -4.994136 -4.954975  6209.828237
2.369056 2.108518 -4.994136 -4.954975  6209.828237
2.369056 2.108518 -5.070603 -4.954975  6455.064565
2.369056 2.108518 -5.070603 -5.015387  6641.635337
2.369056 2.108518 -5.070603 -5.015387  6641.635337
2.369056 2.108518 -5.070603 -5.015387  6641.635337
2.369056 2.108518 -5.081779 -5.015387  6678.736997
2.369056 2.108518 -5.081779 -5.015387  6678.736997
2.390325 2.108518 -5.081779 -5.015387  6682.147425
2.390325 2.146101 -5.081779 -5.015387  6685.996432
2.390325 2.146101 -5.081779 -5.015387  6685.996432
2.390325 2.146101 -5.081779 -5.015387  6685.996432
2.390325 2.146101 -5.081779 -5.015387  6685.996432
2.390325 2.146101 -5.081779 -5.015387  6685.996432
2.390325 2.146101 -5.277078 -5.015387  7389.242069
2.390325 2.146101 -5.277078 -5.194454  7997.670966
2.390325 2.146101 -5.277078 -5.194454  7997.670966
2.390325 2.146101 -5.277078 -5.194454  7997.670966
2.390325 2.146101 -5.407728 -5.194454  8529.969053
2.390325 2.146101 -5.407728 -5.309259  8966.773279
2.390325 2.146101 -5.407728 -5.309259  8966.773279
2.390325 2.146101 -5.407728 -5.309259  8966.773279
2.390325 2.146101 -5.475246 -5.309259  9262.775708
2.390325 2.146101 -5.475246 -5.360127  9468.776761
2.390325 2.146101 -5.475246 -5.360127  9468.776761
2.390325 2.146101 -5.475246 -5.360127  9468.776761
2.390325 2.146101 -5.478694 -5.360127  9484.288573
2.390325 2.146101 -5.478694 -5.360127  9484.288573
2.418230 2.146101 -5.478694 -5.360127  9488.951032
2.418230 2.190371 -5.478694 -5.360127  9493.844230
2.418230 2.190371 -5.478694 -5.360127  9493.844230
2.418230 2.190371 -5.478694 -5.360127  9493.844230
2.511805 2.190371 -5.478694 -5.360127  9511.131499
2.511805 2.299862 -5.478694 -5.360127  9525.057255
2.511805 2.299862 -5.478694 -5.360127  9525.057255
2.511805 2.299862 -5.478694 -5.360127  9525.057255
2.670164 2.299862 -5.478694 -5.360127  9560.807696
2.670164 2.474166 -5.478694 -5.360127  9589.177454
2.670164 2.474166 -5.478694 -5.360127  9589.177454
2.670164 2.474166 -5.478694 -5.360127  9589.177454
2.891356 2.474166 -5.478694 -5.360127  9655.516110
2.891356 2.711806 -5.478694 -5.360127  9709.456021
2.891356 2.711806 -5.725116 -5.360127  10923.997442
2.891356 2.711806 -5.725116 -5.589840  11956.920987
2.891356 2.711806 -5.725116 -5.589840  11956.920987
2.891356 2.711806 -5.725116 -5.589840  11956.920987
2.891356 2.711806 -5.904896 -5.589840  12985.222682
2.891356 2.711806 -5.904896 -5.753431  13831.952157
2.891356 2.711806 -5.904896 -5.753431  13831.952157
2.891356 2.711806 -5.904896 -5.753431  13831.952157
2.891356 2.711806 -6.021389 -5.753431  14568.585624
2.891356 2.711806 -6.021389 -5.853594  15136.789963
2.891356 2.711806 -6.021389 -5.853594  15136.789963
2.891356 2.711806 -6.021389 -5.853594  15136.789963
2.891356 2.711806 -6.074108 -5.853594  15489.429396
2.891356 2.711806 -6.074108 -5.890602  15709.440945
2.891356 2.711806 -6.074108 -5.890602  15709.440945
2.891356 2.711806 -6.074108 -5.890602  15709.440945
2.891356 2.711806 -6.074108 -5.890602  15709.440945
2.891356 2.711806 -6.074108 -5.890602  15709.440945
2.934037 2.711806 -6.074108 -5.890602  15724.802130
2.934037 2.771501 -6.074108 -5.890602  15741.669968
2.934037 2.771501 -6.074108 -5.890602  15741.669968
2.934037 2.771501 -6.074108 -5.890602  15741.669968
3.041723 2.771501 -6.074108 -5.890602  15784.610161
3.041723 2.895184 -6.074108 -5.890602  15824.502592
3.041723 2.895184 -6.074108 -5.890602  15824.502592
3.041723 2.895184 -6.074108 -5.890602  15824.502592
3.214736 2.895184 -6.074108 -5.890602  15907.469757
3.214736 3.084785 -6.074108 -5.890602  15983.390096
3.214736 3.084785 -6.074108 -5.890602  15983.390096
3.214736 3.084785 -6.074108 -5.890602  15983.390096
3.451768 3.084785 -6.074108 -5.890602  16130.062088
3.451768 3.084785 -6.074108 -5.890602  16130.062088
3.451768 3.084785 -6.304643 -5.890602  17822.822525
3.451768 3.084785 -6.304643 -6.104748  19209.226293
3.451768 3.084785 -6.304643 -6.104748  19209.226293
3.451768 3.084785 -6.304643 -6.104748  19209.226293
3.451768 3.084785 -6.471190 -6.104748  20596.270822
3.451768 3.084785 -6.471190 -6.255157  21693.537373
3.451768 3.084785 -6.471190 -6.255157  21693.537373
3.451768 3.084785 -6.471190 -6.255157  21693.537373
3.451768 3.084785 -6.573016 -6.255157  22614.907951
3.451768 3.084785 -6.573016 -6.341069  23290.841226
3.451768 3.084785 -6.573016 -6.341069  23290.841226
3.451768 3.084785 -6.573016 -6.341069  23290.841226
3.451768 3.084785 -6.609954 -6.341069  23639.486702
