-0.897796 -0.559141 -0.558311 -0.557904  -0.529648
-0.659833 -0.559141 -0.558311 -0.557904  -0.071429
-0.659833 -0.559141 -0.558311 -0.557904  -0.071429
-0.659833 -0.559141 -0.779155 -0.557904  0.161480
-0.659833 -0.559141 -0.779155 -0.752968  0.349467
-0.659833 -0.559141 -0.779155 -0.752968  0.349467
-0.659833 -0.559141 -0.779155 -0.752968  0.349467
-0.659833 -0.559141 -0.875606 -0.752968  0.576998
-0.659833 -0.559141 -0.875606 -0.818149  0.701535
-0.659833 -0.559141 -0.875606 -0.818149  0.701535
-0.659833 -0.559141 -0.875606 -0.818149  0.701535
-0.659833 -0.559141 -0.875606 -0.818149  0.701535
-0.659833 -0.559141 -0.875606 -0.818149  0.701535
-0.590319 -0.559141 -0.875606 -0.818149  0.754925
-0.590319 -0.465055 -0.875606 -0.818149  0.787824
-0.590319 -0.465055 -0.875606 -0.818149  0.787824
-0.590319 -0.465055 -0.875606 -0.818149  0.787824
-0.402329 -0.465055 -0.875606 -0.818149  0.848968
-0.402329 -0.259374 -0.875606 -0.818149  0.869547
-0.402329 -0.259374 -0.875606 -0.818149  0.869547
-0.402329 -0.259374 -0.875606 -0.818149  0.869547
-0.402329 -0.259374 -0.875606 -0.818149  0.869547
-0.402329 -0.259374 -0.875606 -0.818149  0.869547
-0.402329 -0.259374 -1.081318 -0.818149  1.833176
-0.402329 -0.259374 -1.081318 -1.000668  2.469944
-0.402329 -0.259374 -1.081318 -1.000668  2.469944
-0.402329 -0.259374 -1.081318 -1.000668  2.469944
-0.402329 -0.259374 -1.208532 -1.000668  3.569671
-0.402329 -0.259374 -1.208532 -1.109156  4.244995
-0.402329 -0.259374 -1.208532 -1.109156  4.244995
-0.402329 -0.259374 -1.208532 -1.109156  4.244995
-0.402329 -0.259374 -1.263078 -1.109156  4.881721
-0.402329 -0.259374 -1.263078 -1.145428  5.174744
-0.402329 -0.259374 -1.263078 -1.145428  5.174744
-0.402329 -0.259374 -1.263078 -1.145428  5.174744
-0.402329 -0.259374 -1.263078 -1.145428  5.174744
-0.402329 -0.259374 -1.263078 -1.145428  5.174744
-0.352334 -0.259374 -1.263078 -1.145428  5.179856
-0.352334 -0.191307 -1.263078 -1.145428  5.180773
-0.352334 -0.191307 -1.263078 -1.145428  5.180773
-0.352334 -0.191307 -1.263078 -1.145428  5.180773
-0.231772 -0.191307 -1.263078 -1.145428  5.185534
-0.231772 -0.053254 -1.263078 -1.145428  5.185790
-0.231772 -0.053254 -1.263078 -1.145428  5.185790
-0.231772 -0.053254 -1.263078 -1.145428  5.185790
-0.028545 -0.053254 -1.263078 -1.145428  5.186459
-0.028545 0.181396 -1.263078 -1.145428  5.186655
-0.028545 0.181396 -1.497337 -1.145428  9.498463
-0.028545 0.181396 -1.497337 -1.347967  11.977142
-0.028545 0.181396 -1.497337 -1.347967  11.977142
-0.028545 0.181396 -1.497337 -1.347967  11.977142
-0.028545 0.181396 -1.607380 -1.347967  15.180393
-0.028545 0.181396 -1.607380 -1.373912  15.625491
-0.018335 0.181396 -1.607380 -1.373912  15.625491
-0.018335 0.223979 -1.607380 -1.373912  15.625858
-0.018335 0.223979 -1.607380 -1.373912  15.625858
-0.018335 0.223979 -1.607380 -1.373912  15.625858
0.126358 0.223979 -1.607380 -1.373912  15.625890
0.126358 0.398992 -1.607380 -1.373912  15.635438
0.126358 0.398992 -1.607380 -1.373912  15.635438
0.126358 0.398992 -1.607380 -1.373912  15.635438
0.126358 0.398992 -1.607380 -1.373912  15.635438
0.126358 0.398992 -1.607380 -1.373912  15.635438
0.126358 0.398992 -1.804786 -1.373912  24.053818
0.126358 0.398992 -1.804786 -1.547588  28.035560
0.126358 0.398992 -1.804786 -1.547588  28.035560
0.126358 0.398992 -1.804786 -1.547588  28.035560
0.126358 0.398992 -1.893049 -1.547588  33.198692
0.126358 0.398992 -1.893049 -1.618989  35.444415
0.126358 0.398992 -1.893049 -1.618989  35.444415
0.126358 0.398992 -1.893049 -1.618989  35.444415
0.126358 0.398992 -1.914028 -1.618989  36.821760
0.126358 0.398992 -1.914028 -1.622903  36.956875
0.140241 0.398992 -1.914028 -1.622903  36.956897
0.140241 0.430496 -1.914028 -1.622903  36.961571
0.140241 0.430496 -1.914028 -1.622903  36.961571
0.140241 0.430496 -1.914028 -1.622903  36.961571
0.221599 0.430496 -1.914028 -1.622903  36.962051
0.221599 0.528383 -1.914028 -1.622903  36.988451
0.221599 0.528383 -1.914028 -1.622903  36.988451
0.221599 0.528383 -1.914028 -1.622903  36.988451
0.372646 0.528383 -1.914028 -1.622903  36.995103
0.372646 0.696884 -1.914028 -1.622903  37.118279
0.372646 0.696884 -2.114781 -1.622903  53.728305
0.372646 0.696884 -2.114781 -1.800901  61.413263
0.372646 0.696884 -2.114781 -1.800901  61.413263
0.372646 0.696884 -2.114781 -1.800901  61.413263
0.372646 0.696884 -2.240221 -1.800901  75.537276
0.372646 0.696884 -2.240221 -1.909052  81.950731
0.372646 0.696884 -2.240221 -1.909052  81.950731
0.372646 0.696884 -2.240221 -1.909052  81.950731
0.372646 0.696884 -2.297974 -1.909052  89.608451
0.372646 0.696884 -2.297974 -1.950444  92.479171
0.372646 0.696884 -2.297974 -1.950444  92.479171
0.372646 0.696884 -2.297974 -1.950444  92.479171
0.372646 0.696884 -2.297974 -1.950444  92.479171
0.372646 0.696884 -2.297974 -1.950444  92.479171
0.415364 0.696884 -2.297974 -1.950444  92.484349
0.415364 0.756749 -2.297974 -1.950444  92.568163
0.415364 0.756749 -2.297974 -1.950444  92.568163
0.415364 0.756749 -2.297974 -1.950444  92.568163
0.528531 0.756749 -2.297974 -1.950444  92.597042
0.528531 0.887255 -2.297974 -1.950444  92.898715
0.528531 0.887255 -2.297974 -1.950444  92.898715
0.528531 0.887255 -2.297974 -1.950444  92.898715
0.709932 0.887255 -2.297974 -1.950444  93.037808
0.709932 1.085542 -2.297974 -1.950444  93.995374
0.709932 1.085542 -2.297974 -1.950444  93.995374
0.709932 1.085542 -2.297974 -1.950444  93.995374
0.959575 1.085542 -2.297974 -1.950444  94.628607
0.959575 1.085542 -2.297974 -1.950444  94.628607
0.959575 1.085542 -2.428188 -1.950444  114.961643
0.959575 1.085542 -2.428188 -2.063346  124.133531
0.959575 1.085542 -2.428188 -2.063346  124.133531
0.959575 1.085542 -2.428188 -2.063346  124.133531
0.959575 1.085542 -2.492223 -2.063346  135.866750
0.959575 1.085542 -2.492223 -2.110320  140.322079
0.959575 1.085542 -2.492223 -2.110320  140.322079
0.959575 1.085542 -2.492223 -2.110320  140.322079
0.959575 1.085542 -2.492223 -2.110320  140.322079
0.959575 1.085542 -2.492223 -2.110320  140.322079
0.994212 1.085542 -2.492223 -2.110320  140.479900
0.994212 1.138237 -2.492223 -2.110320  140.883062
0.994212 1.138237 -2.492223 -2.110320  140.883062
0.994212 1.138237 -2.492223 -2.110320  140.883062
1.095536 1.138237 -2.492223 -2.110320  141.489770
1.095536 1.256745 -2.492223 -2.110320  142.714182
1.095536 1.256745 -2.492223 -2.110320  142.714182
1.095536 1.256745 -2.492223 -2.110320  142.714182
1.262035 1.256745 -2.492223 -2.110320  144.337615
1.262035 1.440012 -2.492223 -2.110320  147.394621
1.262035 1.440012 -2.492223 -2.110320  147.394621
1.262035 1.440012 -2.492223 -2.110320  147.394621
1.492249 1.440012 -2.492223 -2.110320  151.592657
1.492249 1.686743 -2.492223 -2.110320  159.054180
1.492249 1.686743 -2.728403 -2.110320  214.104275
1.492249 1.686743 -2.728403 -2.329806  240.893280
1.492249 1.686743 -2.728403 -2.329806  240.893280
1.492249 1.686743 -2.728403 -2.329806  240.893280
1.492249 1.686743 -2.898712 -2.329806  294.353058
1.492249 1.686743 -2.898712 -2.483441  320.174366
1.492249 1.686743 -2.898712 -2.483441  320.174366
1.492249 1.686743 -2.898712 -2.483441  320.174366
1.492249 1.686743 -3.003934 -2.483441  360.115235
1.492249 1.686743 -3.003934 -2.572901  378.400132
1.492249 1.686743 -3.003934 -2.572901  378.400132
1.492249 1.686743 -3.003934 -2.572901  378.400132
1.492249 1.686743 -3.044979 -2.572901  395.573776
1.492249 1.686743 -3.044979 -2.597698  401.112953
1.492249 1.686743 -3.044979 -2.597698  401.112953
1.492249 1.693842 -3.044979 -2.597698  401.402685
1.492249 1.693842 -3.044979 -2.597698  401.402685
1.492249 1.693842 -3.044979 -2.597698  401.402685
1.548145 1.693842 -3.044979 -2.597698  402.896319
1.548145 1.765747 -3.044979 -2.597698  406.117990
1.548145 1.765747 -3.044979 -2.597698  406.117990
1.548145 1.765747 -3.044979 -2.597698  406.117990
1.667673 1.765747 -3.044979 -2.597698  410.123754
1.667673 1.901554 -3.044979 -2.597698  417.821232
1.667673 1.901554 -3.044979 -2.597698  417.821232
1.667673 1.901554 -3.044979 -2.597698  417.821232
1.852395 1.901554 -3.044979 -2.597698  426.732904
1.852395 2.102390 -3.044979 -2.597698  442.944475
1.852395 2.102390 -3.044979 -2.597698  442.944475
1.852395 2.102390 -3.044979 -2.597698  442.944475
1.852395 2.102390 -3.044979 -2.597698  442.944475
1.852395 2.102390 -3.044979 -2.597698  442.944475
1.852395 2.102390 -3.046490 -2.597698  443.594618
1.852395 2.102390 -3.046490 -2.597698  443.594618
1.884205 2.102390 -3.046490 -2.597698  445.532734
1.884205 2.151160 -3.046490 -2.597698  450.522943
1.884205 2.151160 -3.046490 -2.597698  450.522943
1.884205 2.151160 -3.046490 -2.597698  450.522943
1.981236 2.151160 -3.046490 -2.597698  457.300961
1.981236 2.265491 -3.046490 -2.597698  470.914397
1.981236 2.265491 -3.046490 -2.597698  470.914397
1.981236 2.265491 -3.046490 -2.597698  470.914397
2.144552 2.265491 -3.046490 -2.597698  485.748662
2.144552 2.445289 -3.046490 -2.597698  513.499189
2.144552 2.445289 -3.046490 -2.597698  513.499189
2.144552 2.445289 -3.046490 -2.597698  513.499189
2.372851 2.445289 -3.046490 -2.597698  543.361387
2.372851 2.689918 -3.046490 -2.597698  596.763155
2.372851 2.689918 -3.285912 -2.597698  717.413142
2.372851 2.689918 -3.285912 -2.820649  777.668435
2.372851 2.689918 -3.285912 -2.820649  777.668435
2.372851 2.689918 -3.285912 -2.820649  777.668435
2.372851 2.689918 -3.460457 -2.820649  890.809020
2.372851 2.689918 -3.460457 -2.978833  946.812478
2.372851 2.689918 -3.460457 -2.978833  946.812478
2.372851 2.689918 -3.460457 -2.978833  946.812478
2.372851 2.689918 -3.570532 -2.978833  1030.916691
2.372851 2.689918 -3.570532 -3.071616  1069.791845
2.372851 2.689918 -3.570532 -3.071616  1069.791845
2.372851 2.689918 -3.570532 -3.071616  1069.791845
2.372851 2.689918 -3.614153 -3.071616  1106.117470
2.372851 2.689918 -3.614153 -3.098469  1118.280208
2.372851 2.689918 -3.614153 -3.098469  1118.280208
2.372851 2.696088 -3.614153 -3.098469  1119.902756
2.372851 2.696088 -3.614153 -3.098469  1119.902756
2.372851 2.696088 -3.614153 -3.098469  1119.902756
2.427153 2.696088 -3.614153 -3.098469  1128.913148
2.427153 2.766637 -3.614153 -3.098469  1148.552480
2.427153 2.766637 -3.614153 -3.098469  1148.552480
2.427153 2.766637 -3.614153 -3.098469  1148.552480
2.546594 2.766637 -3.614153 -3.098469  1171.421019
2.546594 2.902016 -3.614153 -3.098469  1215.154824
2.546594 2.902016 -3.614153 -3.098469  1215.154824
2.546594 2.902016 -3.614153 -3.098469  1215.154824
2.729855 2.902016 -3.614153 -3.098469  1259.652122
2.729855 3.101369 -3.614153 -3.098469  1340.750550
2.729855 3.101369 -3.614153 -3.098469  1340.750550
2.729855 3.101369 -3.614153 -3.098469  1340.750550
2.976889 3.101369 -3.614153 -3.098469  1422.934220
2.976889 3.101369 -3.614153 -3.098469  1422.934220
2.976889 3.101369 -3.834878 -3.098469  1635.680959
2.976889 3.101369 -3.834878 -3.303197  1743.349018
2.976889 3.101369 -3.834878 -3.303197  1743.349018
2.976889 3.101369 -3.834878 -3.303197  1743.349018
2.976889 3.101369 -3.991224 -3.303197  1926.776079
2.976889 3.101369 -3.991224 -3.443381  2017.611917
2.976889 3.101369 -3.991224 -3.443381  2017.611917
2.976889 3.101369 -3.991224 -3.443381  2017.611917
2.976889 3.101369 -4.083170 -3.443381  2139.773668
2.976889 3.101369 -4.083170 -3.518677  2195.066742
2.976889 3.101369 -4.083170 -3.518677  2195.066742
2.976889 3.101369 -4.083170 -3.518677  2195.066742
2.976889 3.101369 -4.109586 -3.518677  2232.258216
2.976889 3.101369 -4.109586 -3.528978  2240.200118
2.982158 3.101369 -4.109586 -3.528978  2242.276478
2.982158 3.122373 -4.109586 -3.528978  2252.124997
2.982158 3.122373 -4.109586 -3.528978  2252.124997
2.982158 3.122373 -4.109586 -3.528978  2252.124997
3.050774 3.122373 -4.109586 -3.528978  2280.536919
3.050774 3.206817 -4.109586 -3.528978  2322.898233
3.050774 3.206817 -4.109586 -3.528978  2322.898233
3.050774 3.206817 -4.109586 -3.528978  2322.898233
3.184407 3.206817 -4.109586 -3.528978  2386.075414
3.184407 3.356448 -4.109586 -3.528978  2472.931705
3.184407 3.356448 -4.109586 -3.528978  2472.931705
3.184407 3.356448 -4.109586 -3.528978  2472.931705
3.382049 3.356448 -4.109586 -3.528978  2587.968912
3.382049 3.570098 -4.109586 -3.528978  2741.942383
3.382049 3.570098 -4.109586 -3.528978  2741.942383
3.382049 3.570098 -4.109586 -3.528978  2741.942383
3.382049 3.570098 -4.109586 -3.528978  2741.942383
3.382049 3.570098 -4.109586 -3.528978  2741.942383
3.382049 3.570098 -4.138495 -3.528978  2783.755098
3.382049 3.570098 -4.138495 -3.542054  2793.970943
3.384860 3.570098 -4.138495 -3.542054  2795.812918
3.384860 3.589227 -4.138495 -3.542054  2811.517910
3.384860 3.589227 -4.138495 -3.542054  2811.517910
3.384860 3.589227 -4.138495 -3.542054  2811.517910
3.452986 3.589227 -4.138495 -3.542054  2858.068636
3.452986 3.673957 -4.138495 -3.542054  2931.776175
3.452986 3.673957 -4.138495 -3.542054  2931.776175
3.452986 3.673957 -4.138495 -3.542054  2931.776175
3.585323 3.673957 -4.138495 -3.542054  3033.333965
3.585323 3.822741 -4.138495 -3.542054  3180.304458
3.585323 3.822741 -4.138495 -3.542054  3180.304458
3.585323 3.822741 -4.138495 -3.542054  3180.304458
3.783273 3.822741 -4.138495 -3.542054  3362.933888
3.783273 4.036508 -4.138495 -3.542054  3618.178788
3.783273 4.036508 -4.138495 -3.542054  3618.178788
3.783273 4.036508 -4.138495 -3.542054  3618.178788
3.783273 4.036508 -4.138495 -3.542054  3618.178788
3.783273 4.036508 -4.138495 -3.542054  3618.178788
3.783273 4.036508 -4.345963 -3.542054  3954.549076
3.783273 4.036508 -4.345963 -3.733232  4122.154298
3.783273 4.036508 -4.345963 -3.733232  4122.154298
3.783273 4.036508 -4.345963 -3.733232  4122.154298
3.783273 4.036508 -4.488700 -3.733232  4394.030967
3.783273 4.036508 -4.488700 -3.858903  4524.581758
3.783273 4.036508 -4.488700 -3.858903  4524.581758
3.783273 4.036508 -4.488700 -3.858903  4524.581758
3.783273 4.036508 -4.566442 -3.858903  4687.944698
3.783273 4.036508 -4.566442 -3.920543  4758.504962
3.783273 4.036508 -4.566442 -3.920543  4758.504962
3.783273 4.036508 -4.566442 -3.920543  4758.504962
3.783273 4.036508 -4.580815 -3.920543  4789.949435
3.783273 4.036508 -4.580815 -3.920543  4789.949435
3.801048 4.036508 -4.580815 -3.920543  4808.328243
3.801048 4.070789 -4.580815 -3.920543  4854.610415
3.801048 4.070789 -4.580815 -3.920543  4854.610415
3.801048 4.070789 -4.580815 -3.920543  4854.610415
3.883640 4.070789 -4.580815 -3.920543  4944.642120
3.883640 4.170290 -4.580815 -3.920543  5088.105645
3.883640 4.170290 -4.580815 -3.920543  5088.105645
3.883640 4.170290 -4.580815 -3.920543  5088.105645
4.033089 4.170290 -4.580815 -3.920543  5271.690204
4.033089 4.336116 -4.580815 -3.920543  5543.219414
4.033089 4.336116 -4.580815 -3.920543  5543.219414
4.033089 4.336116 -4.580815 -3.920543  5543.219414
4.248918 4.336116 -4.580815 -3.920543  5860.973240
4.248918 4.568869 -4.580815 -3.920543  6318.979137
4.248918 4.568869 -4.580815 -3.920543  6318.979137
4.248918 4.568869 -4.580815 -4.156238  6632.952430
4.248918 4.568869 -4.580815 -4.156238  6632.952430
4.248918 4.568869 -4.580815 -4.156238  6632.952430
4.248918 4.568869 -4.767427 -4.156238  7078.665013
4.248918 4.568869 -4.767427 -4.326853  7354.999047
4.248918 4.568869 -4.767427 -4.326853  7354.999047
4.248918 4.568869 -4.767427 -4.326853  7354.999047
4.248918 4.568869 -4.891310 -4.326853  7692.043892
4.248918 4.568869 -4.891310 -4.434477  7890.274774
4.248918 4.568869 -4.891310 -4.434477  7890.274774
4.248918 4.568869 -4.891310 -4.434477  7890.274774
4.248918 4.568869 -4.950340 -4.434477  8063.347269
4.248918 4.568869 -4.950340 -4.477487  8148.134539
4.248918 4.568869 -4.950340 -4.477487  8148.134539
4.248918 4.568869 -4.950340 -4.477487  8148.134539
4.248918 4.568869 -4.950340 -4.477487  8148.134539
4.248918 4.568869 -4.950340 -4.477487  8148.134539
4.285119 4.568869 -4.950340 -4.477487  8208.141758
4.285119 4.621008 -4.950340 -4.477487  8324.362138
4.285119 4.621008 -4.950340 -4.477487  8324.362138
4.285119 4.621008 -4.950340 -4.477487  8324.362138
4.385116 4.621008 -4.950340 -4.477487  8500.997908
4.385116 4.737242 -4.950340 -4.477487  8779.669994
4.385116 4.737242 -4.950340 -4.477487  8779.669994
