-0.065884 -0.889713 -0.889009 -0.888641  0.699786
-0.062085 -0.889713 -0.889009 -0.888641  0.699833
-0.062085 -0.878646 -0.889009 -0.888641  0.725788
-0.062085 -0.878646 -0.871543 -0.888641  0.685186
-0.062085 -0.878646 -0.871543 -0.838466  0.572904
-0.005322 -0.878646 -0.871543 -0.838466  0.573143
-0.005322 -0.815249 -0.871543 -0.838466  0.709634
-0.005322 -0.815249 -0.801371 -0.838466  0.562259
-0.005322 -0.815249 -0.801371 -0.761686  0.414701
0.077929 -0.815249 -0.801371 -0.761686  0.415174
0.077929 -0.725390 -0.801371 -0.761686  0.575321
0.077929 -0.725390 -0.704528 -0.761686  0.410382
0.077929 -0.725390 -0.704528 -0.858056  0.600232
-0.011937 -0.725390 -0.704528 -0.858056  0.599757
-0.011937 -0.807913 -0.704528 -0.858056  0.454108
-0.011937 -0.807913 -0.780331 -0.858056  0.579565
-0.011937 -0.807913 -0.780331 -0.927451  0.745573
-0.074944 -0.807913 -0.780331 -0.927451  0.745154
-0.074944 -0.864359 -0.780331 -0.927451  0.626719
-0.074944 -0.864359 -0.830169 -0.927451  0.723700
-0.074944 -0.864359 -0.830169 -0.970471  0.839942
-0.111164 -0.864359 -0.830169 -0.970471  0.838989
-0.111164 -0.894093 -0.830169 -0.970471  0.770026
-0.111164 -0.894093 -0.853642 -0.970471  0.819942
-0.111164 -0.894093 -0.853642 -0.987722  0.869555
-0.122257 -0.894093 -0.853642 -0.987722  0.869101
-0.122257 -0.898642 -0.853642 -0.987722  0.858137
-0.122257 -0.898642 -0.851944 -0.987722  0.854432
-0.122257 -0.898642 -0.851944 -0.979602  0.830859
-0.107436 -0.898642 -0.851944 -0.979602  0.831447
-0.107436 -0.877359 -0.851944 -0.979602  0.881797
-0.107436 -0.877359 -0.824115 -0.979602  0.823159
-0.107436 -0.877359 -0.824115 -0.945140  0.727400
-0.065892 -0.877359 -0.824115 -0.945140  0.728354
-0.065892 -0.829177 -0.824115 -0.945140  0.833621
-0.065892 -0.829177 -0.769510 -0.945140  0.729574
-0.065892 -0.829177 -0.769510 -0.883893  0.575845
0.002360 -0.829177 -0.769510 -0.883893  0.576131
0.002360 -0.753623 -0.769510 -0.883893  0.718201
0.002360 -0.753623 -0.687474 -0.883893  0.587453
0.002360 -0.753623 -0.687474 -0.795322  0.399967
0.097354 -0.753623 -0.687474 -0.795322  0.400890
0.097354 -0.851772 -0.687474 -0.795322  0.210934
0.097354 -0.851772 -0.779015 -0.795322  0.358776
0.097354 -0.851772 -0.779015 -0.880675  0.538747
0.018423 -0.851772 -0.779015 -0.880675  0.537830
0.018423 -0.924035 -0.779015 -0.880675  0.366826
0.018423 -0.924035 -0.844954 -0.880675  0.497322
0.018423 -0.924035 -0.844954 -0.917505  0.586650
-0.011739 -0.924035 -0.844954 -0.917505  0.586642
-0.011739 -0.947696 -0.844954 -0.917505  0.524469
-0.011739 -0.947696 -0.862183 -0.917505  0.562129
-0.011739 -0.947696 -0.862183 -0.916395  0.559330
-0.003679 -0.947696 -0.862183 -0.916395  0.559332
-0.003679 -0.932890 -0.862183 -0.916395  0.598604
-0.003679 -0.932890 -0.840613 -0.916395  0.551693
-0.003679 -0.932890 -0.840613 -0.888001  0.482353
0.031372 -0.932890 -0.840613 -0.888001  0.482384
0.031372 -0.891323 -0.840613 -0.888001  0.586145
0.031372 -0.891323 -0.792471 -0.888001  0.489824
0.031372 -0.891323 -0.792471 -0.833237  0.368098
0.092588 -0.891323 -0.792471 -0.833237  0.368861
0.092588 -0.823836 -0.792471 -0.833237  0.517835
0.092588 -0.823836 -0.718832 -0.833237  0.391588
0.092588 -0.823836 -0.718832 -0.753086  0.240189
0.179244 -0.823836 -0.718832 -0.753086  0.245154
0.179244 -0.730562 -0.718832 -0.753086  0.414381
0.179244 -0.730562 -0.619218 -0.753086  0.280374
0.179244 -0.730562 -0.619218 -0.812693  0.390028
0.125492 -0.730562 -0.619218 -0.812693  0.386246
0.125492 -0.778347 -0.619218 -0.812693  0.304620
0.125492 -0.778347 -0.660798 -0.812693  0.355733
0.125492 -0.778347 -0.660798 -0.848577  0.430021
0.095285 -0.778347 -0.660798 -0.848577  0.428910
0.095285 -0.802345 -0.660798 -0.848577  0.383936
0.095285 -0.802345 -0.678825 -0.848577  0.408200
0.095285 -0.802345 -0.678825 -0.860779  0.434939
0.088799 -0.802345 -0.678825 -0.860779  0.434775
0.088799 -0.802873 -0.678825 -0.860779  0.433754
0.088799 -0.802873 -0.673372 -0.860779  0.426276
0.088799 -0.802873 -0.673372 -0.849420  0.401360
0.106267 -0.802873 -0.673372 -0.849420  0.401860
0.106267 -0.779287 -0.673372 -0.849420  0.446145
0.106267 -0.779287 -0.601689 -0.849420  0.358648
0.106267 -0.779287 -0.601689 -0.771040  0.204164
0.190614 -0.779287 -0.601689 -0.771040  0.209890
0.190614 -0.688732 -0.601689 -0.771040  0.356440
0.190614 -0.688732 -0.505271 -0.771040  0.267605
0.190614 -0.688732 -0.505271 -0.868830  0.465070
0.098725 -0.688732 -0.505271 -0.868830  0.459106
0.098725 -0.774635 -0.505271 -0.868830  0.320980
0.098725 -0.774635 -0.585107 -0.868830  0.392297
0.098725 -0.774635 -0.585107 -0.942919  0.574792
0.030500 -0.774635 -0.585107 -0.942919  0.573858
0.030500 -0.836737 -0.585107 -0.942919  0.452862
0.030500 -0.836737 -0.641266 -0.942919  0.516252
0.030500 -0.836737 -0.641266 -0.993353  0.658098
-0.014033 -0.836737 -0.641266 -0.993353  0.658067
-0.014033 -0.875079 -0.641266 -0.993353  0.573786
-0.014033 -0.875079 -0.673552 -0.993353  0.615656
-0.014033 -0.875079 -0.673552 -1.019661  0.695617
-0.033232 -0.875079 -0.673552 -1.019661  0.695583
-0.033232 -0.887709 -0.673552 -1.019661  0.666148
-0.033232 -0.887709 -0.679727 -1.019661  0.674629
-0.033232 -0.887709 -0.679727 -1.019864  0.675262
-0.027719 -0.887709 -0.679727 -1.019864  0.675278
-0.027719 -0.876437 -0.679727 -1.019864  0.701589
-0.027719 -0.876437 -0.662616 -1.019864  0.678464
-0.027719 -0.876437 -0.662616 -0.996867  0.608310
0.001510 -0.876437 -0.662616 -0.996867  0.608331
0.001510 -0.841288 -0.662616 -0.996867  0.686124
0.001510 -0.841288 -0.621704 -0.996867  0.635494
0.001510 -0.841288 -0.621704 -0.950082  0.502461
0.053991 -0.841288 -0.621704 -0.950082  0.502618
0.053991 -0.783200 -0.621704 -0.950082  0.617636
0.053991 -0.783200 -0.557843 -0.950082  0.550932
0.053991 -0.783200 -0.557843 -0.880430  0.375806
0.129652 -0.783200 -0.557843 -0.880430  0.377828
0.129652 -0.701554 -0.557843 -0.880430  0.512957
0.129652 -0.701554 -0.470410 -0.880430  0.443457
0.129652 -0.701554 -0.470410 -0.786939  0.248315
0.229162 -0.701554 -0.470410 -0.786939  0.258170
0.229162 -0.796091 -0.470410 -0.786939  0.098927
0.229162 -0.796091 -0.558719 -0.786939  0.169246
0.229162 -0.796091 -0.558719 -0.869551  0.339400
0.152587 -0.796091 -0.558719 -0.869551  0.330918
0.152587 -0.866594 -0.558719 -0.869551  0.184650
0.152587 -0.866594 -0.623104 -0.869551  0.252161
0.152587 -0.866594 -0.623104 -0.928129  0.394191
0.099805 -0.866594 -0.623104 -0.928129  0.391632
0.099805 -0.913424 -0.623104 -0.928129  0.280323
0.099805 -0.913424 -0.664189 -0.928129  0.331403
0.099805 -0.913424 -0.664189 -0.963651  0.426760
0.070051 -0.913424 -0.664189 -0.963651  0.426109
0.070051 -0.937172 -0.664189 -0.963651  0.365108
0.070051 -0.937172 -0.682028 -0.963651  0.389357
0.070051 -0.937172 -0.682028 -0.975538  0.422881
0.064151 -0.937172 -0.682028 -0.975538  0.422802
0.064151 -0.937081 -0.682028 -0.975538  0.423041
0.064151 -0.937081 -0.676188 -0.975538  0.414961
0.064151 -0.937081 -0.676188 -0.963930  0.382212
0.081584 -0.937081 -0.676188 -0.963930  0.382491
0.081584 -0.913938 -0.676188 -0.963930  0.441964
0.081584 -0.913938 -0.647267 -0.963930  0.403967
0.081584 -0.913938 -0.647267 -0.928975  0.310023
0.122354 -0.913938 -0.647267 -0.928975  0.311312
0.122354 -0.867326 -0.647267 -0.928975  0.422260
0.122354 -0.867326 -0.594906 -0.928975  0.361628
0.122354 -0.867326 -0.594906 -0.870817  0.220288
0.186521 -0.867326 -0.594906 -0.870817  0.224945
0.186521 -0.797447 -0.594906 -0.870817  0.370280
0.186521 -0.797447 -0.519203 -0.870817  0.299698
0.186521 -0.797447 -0.519203 -0.789166  0.130817
0.274120 -0.797447 -0.519203 -0.789166  0.144926
0.274120 -0.703886 -0.519203 -0.789166  0.303296
0.274120 -0.703886 -0.419978 -0.789166  0.237410
0.274120 -0.703886 -0.419978 -0.883940  0.436598
0.185132 -0.703886 -0.419978 -0.883940  0.422345
0.185132 -0.786803 -0.419978 -0.883940  0.284012
0.185132 -0.786803 -0.496871 -0.883940  0.332603
0.185132 -0.786803 -0.496871 -0.954952  0.512789
0.120017 -0.786803 -0.496871 -0.954952  0.508172
0.120017 -0.845980 -0.496871 -0.954952  0.389797
0.120017 -0.845980 -0.550052 -0.954952  0.433552
0.120017 -0.845980 -0.550052 -1.002214  0.569356
0.078874 -0.845980 -0.550052 -1.002214  0.568118
0.078874 -0.880818 -0.550052 -1.002214  0.490196
0.078874 -0.880818 -0.498431 -1.002214  0.447601
0.078874 -0.880818 -0.498431 -0.944208  0.282733
0.142884 -0.880818 -0.498431 -0.944208  0.285159
0.142884 -0.811002 -0.498431 -0.944208  0.435117
0.142884 -0.811002 -0.422971 -0.944208  0.386962
0.142884 -0.811002 -0.422971 -0.862875  0.187629
0.230088 -0.811002 -0.422971 -0.862875  0.196893
0.230088 -0.718048 -0.422971 -0.862875  0.360088
0.230088 -0.718048 -0.324287 -0.862875  0.318519
0.230088 -0.718048 -0.324287 -0.958277  0.556044
0.140356 -0.718048 -0.324287 -0.958277  0.546628
0.140356 -0.801929 -0.324287 -0.958277  0.401137
0.140356 -0.801929 -0.402329 -0.958277  0.432159
0.140356 -0.801929 -0.402329 -1.030670  0.647038
0.074215 -0.801929 -0.402329 -1.030670  0.644682
0.074215 -0.862183 -0.402329 -1.030670  0.519482
0.074215 -0.862183 -0.456796 -1.030670  0.549674
0.074215 -0.862183 -0.456796 -1.079378  0.712352
0.031207 -0.862183 -0.456796 -1.079378  0.711974
0.031207 -0.899270 -0.456796 -1.079378  0.625656
0.031207 -0.899270 -0.487831 -1.079378  0.646433
0.031207 -0.899270 -0.487831 -1.104575  0.736571
0.011968 -0.899270 -0.487831 -1.104575  0.736543
0.011968 -0.912358 -0.487831 -1.104575  0.704327
0.011968 -0.912358 -0.495188 -1.104575  0.709659
0.011968 -0.912358 -0.495188 -1.106084  0.715191
0.016241 -0.912358 -0.495188 -1.106084  0.715193
0.016241 -0.902212 -0.495188 -1.106084  0.740249
0.016241 -0.902212 -0.479332 -1.106084  0.728954
0.016241 -0.902212 -0.479332 -1.084133  0.649976
0.044121 -0.902212 -0.479332 -1.084133  0.650058
0.044121 -0.868393 -0.479332 -1.084133  0.729585
0.044121 -0.868393 -0.439750 -1.084133  0.704493
0.044121 -0.868393 -0.439750 -1.038546  0.550417
0.095670 -0.868393 -0.439750 -1.038546  0.551207
0.095670 -0.810702 -0.439750 -1.038546  0.673244
0.095670 -0.810702 -0.376237 -1.038546  0.641463
0.095670 -0.810702 -0.376237 -0.969139  0.431555
0.171116 -0.810702 -0.376237 -0.969139  0.435690
0.171116 -0.729228 -0.376237 -0.969139  0.580729
0.171116 -0.729228 -0.289014 -0.969139  0.551612
0.171116 -0.729228 -0.289014 -0.875973  0.313526
0.270160 -0.729228 -0.289014 -0.875973  0.328233
0.270160 -0.824374 -0.289014 -0.875973  0.155779
0.270160 -0.824374 -0.378322 -0.875973  0.185786
0.270160 -0.824374 -0.378322 -0.959608  0.397279
0.192307 -0.824374 -0.378322 -0.959608  0.384673
0.192307 -0.896221 -0.378322 -0.959608  0.225057
0.192307 -0.896221 -0.444215 -0.959608  0.258564
0.192307 -0.896221 -0.444215 -1.019677  0.435113
0.138029 -0.896221 -0.444215 -1.019677  0.430631
0.138029 -0.944579 -0.444215 -1.019677  0.307705
0.138029 -0.944579 -0.486845 -1.019677  0.335440
0.138029 -0.944579 -0.486845 -1.056434  0.454274
0.107158 -0.944579 -0.486845 -1.056434  0.452875
0.107158 -0.969502 -0.486845 -1.056434  0.384388
0.107158 -0.969502 -0.505733 -1.056434  0.398347
0.107158 -0.969502 -0.505733 -1.069402  0.442304
0.100123 -0.969502 -0.505733 -1.069402  0.442077
0.100123 -0.970532 -0.505733 -1.069402  0.439168
0.100123 -0.970532 -0.500659 -1.069402  0.435314
0.100123 -0.970532 -0.500659 -1.058423  0.398029
0.117302 -0.970532 -0.500659 -1.058423  0.398639
0.117302 -0.947074 -0.500659 -1.058423  0.463338
0.117302 -0.947074 -0.471223 -1.058423  0.442479
0.117302 -0.947074 -0.471223 -1.023125  0.327763
0.158447 -0.947074 -0.471223 -1.023125  0.330127
0.158447 -0.900340 -0.471223 -1.023125  0.449777
0.158447 -0.900340 -0.418607 -1.023125  0.418494
0.158447 -0.900340 -0.418607 -0.964731  0.245385
0.222693 -0.900340 -0.418607 -0.964731  0.252451
0.222693 -0.830417 -0.418607 -0.964731  0.409629
0.222693 -0.830417 -0.343058 -0.964731  0.376650
0.222693 -0.830417 -0.343058 -0.883305  0.167947
0.309858 -0.830417 -0.343058 -0.883305  0.186653
0.309858 -0.737393 -0.343058 -0.883305  0.358345
0.309858 -0.737393 -0.244409 -0.883305  0.332571
0.309858 -0.737393 -0.244409 -0.978964  0.581603
0.219976 -0.737393 -0.244409 -0.978964  0.562498
0.219976 -0.821475 -0.244409 -0.978964  0.409107
0.219976 -0.821475 -0.322685 -0.978964  0.428107
0.219976 -0.821475 -0.322685 -1.051310  0.651860
0.153825 -0.821475 -0.322685 -1.051310  0.644856
0.153825 -0.813081 -0.322685 -1.051310  0.661676
0.153825 -0.813081 -0.308006 -1.051310  0.657296
0.153825 -0.813081 -0.308006 -1.030789  0.590571
0.180281 -0.813081 -0.308006 -1.030789  0.592791
0.180281 -0.780663 -0.308006 -1.030789  0.654555
0.180281 -0.780663 -0.269683 -1.030789  0.644949
0.180281 -0.780663 -0.269683 -0.986436  0.509567
0.230733 -0.780663 -0.269683 -0.986436  0.515991
0.230733 -0.724173 -0.269683 -0.986436  0.611979
0.230733 -0.724173 -0.207420 -0.986436  0.601289
0.230733 -0.724173 -0.207420 -0.918310  0.415836
0.304939 -0.724173 -0.207420 -0.918310  0.431908
0.304939 -0.644085 -0.207420 -0.918310  0.544488
0.304939 -0.644085 -0.121485 -0.918310  0.537357
0.304939 -0.644085 -0.121485 -0.826335  0.327199
0.402605 -0.644085 -0.121485 -0.826335  0.364102
0.402605 -0.740680 -0.121485 -0.826335  0.224957
0.402605 -0.740680 -0.212259 -0.826335  0.232727
0.402605 -0.740680 -0.212259 -0.911356  0.425424
0.323547 -0.740680 -0.212259 -0.911356  0.394035
0.323547 -0.813577 -0.212259 -0.911356  0.261864
0.323547 -0.813577 -0.279155 -0.911356  0.274055
0.323547 -0.813577 -0.279155 -0.972460  0.436746
0.268337 -0.813577 -0.279155 -0.972460  0.422198
0.268337 -0.862977 -0.279155 -0.972460  0.318028
0.268337 -0.862977 -0.322768 -0.972460  0.329900
0.268337 -0.862977 -0.322768 -1.010172  0.441092
0.236517 -0.862977 -0.322768 -1.010172  0.435001
0.236517 -0.888911 -0.322768 -1.010172  0.375300
0.236517 -0.888911 -0.342683 -1.010172  0.381916
0.236517 -0.888911 -0.342683 -1.024129  0.425236
0.228375 -0.888911 -0.342683 -1.024129  0.423916
0.228375 -0.891243 -0.342683 -1.024129  0.418374
0.228375 -0.891243 -0.339151 -1.024129  0.417143
0.228375 -0.891243 -0.339151 -1.014726  0.387827
0.243602 -0.891243 -0.339151 -1.014726  0.390371
0.243602 -0.870143 -0.339151 -1.014726  0.439471
0.243602 -0.870143 -0.312112 -1.014726  0.430865
0.243602 -0.870143 -0.312112 -0.981739  0.332245
0.282626 -0.870143 -0.312112 -0.981739  0.340364
0.282626 -0.825374 -0.312112 -0.981739  0.436912
0.282626 -0.825374 -0.261547 -0.981739  0.424400
0.282626 -0.825374 -0.261547 -0.925254  0.270294
0.345059 -0.825374 -0.261547 -0.925254  0.288803
0.345059 -0.757206 -0.261547 -0.925254  0.416930
0.345059 -0.757206 -0.187484 -0.925254  0.405629
0.345059 -0.757206 -0.187484 -0.845285  0.217486
0.430810 -0.757206 -0.187484 -0.845285  0.256358
0.430810 -0.665493 -0.187484 -0.845285  0.395776
0.430810 -0.665493 -0.089842 -0.845285  0.389911
0.430810 -0.665493 -0.089842 -0.941611  0.620809
0.340339 -0.665493 -0.089842 -0.941611  0.580274
0.340339 -0.750167 -0.089842 -0.941611  0.452850
0.340339 -0.750167 -0.168697 -0.941611  0.456926
0.340339 -0.750167 -0.168697 -1.014964  0.667632
0.272873 -0.750167 -0.168697 -1.014964  0.648528
0.272873 -0.811615 -0.168697 -1.014964  0.536059
0.272873 -0.811615 -0.224187 -1.014964  0.542526
0.272873 -0.811615 -0.224187 -1.064411  0.702904
0.229498 -0.811615 -0.224187 -1.064411  0.694674
0.229498 -0.848958 -0.224187 -1.064411  0.617432
0.229498 -0.848958 -0.255582 -1.064411  0.622859
0.229498 -0.848958 -0.255582 -1.090084  0.712242
0.209668 -0.848958 -0.255582 -1.090084  0.709372
0.209668 -0.862910 -0.255582 -1.090084  0.678705
0.209668 -0.862910 -0.263539 -1.090084  0.680314
0.209668 -0.862910 -0.263539 -1.092150  0.687693
0.213583 -0.862910 -0.263539 -1.092150  0.688219
0.213583 -0.853276 -0.263539 -1.092150  0.709501
0.213583 -0.853276 -0.248298 -1.092150  0.706506
0.213583 -0.853276 -0.248298 -1.071003  0.632289
0.240729 -0.853276 -0.248298 -1.071003  0.636497
0.240729 -0.820261 -0.248298 -1.071003  0.705855
0.240729 -0.820261 -0.209416 -1.071003  0.699731
0.240729 -0.820261 -0.209416 -1.026031  0.551383
0.291745 -0.820261 -0.209416 -1.026031  0.562264
0.291745 -0.763463 -0.209416 -1.026031  0.669154
0.291745 -0.763463 -0.146960 -1.026031  0.663144
0.291745 -0.763463 -0.146960 -0.957631  0.461205
0.366035 -0.763463 -0.146960 -0.957631  0.485414
0.366035 -0.683235 -0.146960 -0.957631  0.611478
0.366035 -0.683235 -0.061011 -0.957631  0.608531
0.366035 -0.683235 -0.061011 -0.865811  0.379364
0.463728 -0.683235 -0.061011 -0.865811  0.430044
0.463728 -0.714317 -0.061011 -0.865811  0.384506
0.463728 -0.714317 -0.086026 -0.865811  0.384916
0.463728 -0.714317 -0.086026 -0.884916  0.428837
0.450467 -0.714317 -0.086026 -0.884916  0.420525
0.450467 -0.721331 -0.086026 -0.884916  0.409682
0.450467 -0.721331 -0.087106 -0.884916  0.409706
0.450467 -0.721331 -0.087106 -0.880244  0.398788
0.461131 -0.721331 -0.087106 -0.880244  0.405435
0.461131 -0.705036 -0.087106 -0.880244  0.430299
0.461131 -0.705036 -0.065010 -0.880244  0.429913
0.461131 -0.705036 -0.065010 -0.851946  0.366226
0.495583 -0.705036 -0.065010 -0.851946  0.389886
0.495583 -0.664524 -0.065010 -0.851946  0.446894
0.495583 -0.664524 -0.018587 -0.851946  0.446626
0.495583 -0.664524 -0.018587 -0.799608  0.339521
0.554025 -0.664524 -0.018587 -0.799608  0.387860
0.554025 -0.600028 -0.018587 -0.799608  0.465278
0.554025 -0.600028 0.051628 -0.799608  0.465134
0.554025 -0.600028 0.051628 -0.723326  0.332331
0.636174 -0.600028 0.051628 -0.723326  0.419746
0.636174 -0.512131 0.051628 -0.723326  0.501457
0.636174 -0.512131 0.145359 -0.723326  0.498523
0.636174 -0.512131 0.145359 -0.623784  0.362797
0.541622 -0.512131 0.145359 -0.623784  0.264213
0.541622 -0.600815 0.145359 -0.623784  0.181653
0.541622 -0.600815 0.062495 -0.623784  0.184480
0.541622 -0.600815 0.062495 -0.700795  0.285933
0.470567 -0.600815 0.062495 -0.700795  0.231245
0.470567 -0.666063 0.062495 -0.700795  0.152633
0.470567 -0.666063 0.003299 -0.700795  0.152877
0.470567 -0.666063 0.003299 -0.753863  0.237135
0.423202 -0.666063 0.003299 -0.753863  0.208731
0.423202 -0.707770 0.003299 -0.753863  0.149673
0.423202 -0.707770 -0.032479 -0.753863  0.149708
0.423202 -0.707770 -0.032479 -0.783604  0.202440
0.399575 -0.707770 -0.032479 -0.783604  0.190441
0.399575 -0.725235 -0.032479 -0.783604  0.163543
0.399575 -0.725235 -0.043967 -0.783604  0.163593
0.399575 -0.725235 -0.043967 -0.788959  0.173526
0.399988 -0.725235 -0.043967 -0.788959  0.173724
0.399988 -0.719063 -0.043967 -0.788959  0.183379
0.399988 -0.719063 -0.032052 -0.788959  0.183327
0.399988 -0.719063 -0.032052 -0.771244  0.150983
0.423794 -0.719063 -0.032052 -0.771244  0.163103
0.423794 -0.689555 -0.032052 -0.771244  0.207022
0.423794 -0.689555 0.003091 -0.771244  0.206989
0.423794 -0.689555 0.003091 -0.730063  0.137358
0.471147 -0.689555 0.003091 -0.730063  0.165829
0.471147 -0.636388 0.003091 -0.730063  0.235973
0.471147 -0.636388 0.061968 -0.730063  0.235735
0.471147 -0.636388 0.061968 -0.665166  0.140916
0.542149 -0.636388 0.061968 -0.665166  0.195682
0.542149 -0.559694 0.061968 -0.665166  0.278084
0.542149 -0.559694 0.144421 -0.665166  0.275310
0.542149 -0.559694 0.144421 -0.576899  0.173009
0.636382 -0.559694 0.144421 -0.576899  0.271382
0.636382 -0.459730 0.144421 -0.576899  0.349546
0.636382 -0.459730 0.050181 -0.576899  0.352432
0.636382 -0.459730 0.050181 -0.665318  0.454935
0.553854 -0.459730 0.050181 -0.665318  0.367109
0.553854 -0.536319 0.050181 -0.665318  0.310007
0.553854 -0.536319 -0.020390 -0.665318  0.310142
0.553854 -0.536319 -0.020390 -0.729656  0.404108
0.495539 -0.536319 -0.020390 -0.729656  0.355895
0.495539 -0.588681 -0.020390 -0.729656  0.306156
0.495539 -0.588681 -0.066870 -0.729656  0.306446
0.495539 -0.588681 -0.066870 -0.770440  0.375295
0.460577 -0.588681 -0.066870 -0.770440  0.351313
0.460577 -0.617436 -0.066870 -0.770440  0.319935
0.460577 -0.617436 -0.089539 -0.770440  0.320353
0.460577 -0.617436 -0.089539 -0.787133  0.350727
0.449876 -0.617436 -0.089539 -0.787133  0.344074
0.449876 -0.622189 -0.089539 -0.787133  0.338597
0.449876 -0.622189 -0.088320 -0.787133  0.338568
0.449876 -0.622189 -0.088320 -0.779819  0.325099
0.463227 -0.622189 -0.088320 -0.779819  0.333449
0.463227 -0.602666 -0.088320 -0.779819  0.355418
0.463227 -0.602666 -0.063082 -0.779819  0.354980
0.463227 -0.602666 -0.063082 -0.748619  0.300307
0.500371 -0.602666 -0.063082 -0.748619  0.326186
0.500371 -0.559783 -0.063082 -0.748619  0.369666
0.500371 -0.559783 -0.014407 -0.748619  0.369418
0.500371 -0.559783 -0.014407 -0.693896  0.283975
0.561117 -0.559783 -0.014407 -0.693896  0.335365
0.561117 -0.627665 -0.014407 -0.693896  0.263500
0.561117 -0.627665 -0.075786 -0.693896  0.263933
0.561117 -0.627665 -0.075786 -0.749550  0.350944
0.511273 -0.627665 -0.075786 -0.749550  0.307922
0.511273 -0.671460 -0.075786 -0.749550  0.252464
0.511273 -0.671460 -0.113311 -0.749550  0.253484
0.511273 -0.671460 -0.113311 -0.781232  0.309172
0.485520 -0.671460 -0.113311 -0.781232  0.289977
0.485520 -0.690871 -0.113311 -0.781232  0.262957
0.485520 -0.690871 -0.126735 -0.781232  0.263538
0.485520 -0.690871 -0.126735 -0.788667  0.277280
0.484139 -0.690871 -0.126735 -0.788667  0.276306
0.484139 -0.686381 -0.126735 -0.788667  0.282693
0.484139 -0.686381 -0.116557 -0.788667  0.282241
0.484139 -0.686381 -0.116557 -0.772622  0.252907
0.506103 -0.686381 -0.116557 -0.772622  0.269063
0.506103 -0.658739 -0.116557 -0.772622  0.306578
0.506103 -0.658739 -0.083194 -0.772622  0.305571
0.506103 -0.658739 -0.083194 -0.733383  0.238809
0.551353 -0.658739 -0.083194 -0.733383  0.276781
0.551353 -0.607765 -0.083194 -0.733383  0.338137
0.551353 -0.607765 -0.026467 -0.733383  0.337579
0.551353 -0.607765 -0.026467 -0.670611  0.244716
0.620157 -0.607765 -0.026467 -0.670611  0.315620
0.620157 -0.533079 -0.026467 -0.670611  0.388628
0.620157 -0.533079 0.054081 -0.670611  0.388451
0.620157 -0.533079 0.054081 -0.584039  0.286080
0.712924 -0.533079 0.054081 -0.584039  0.409922
0.712924 -0.434568 0.054081 -0.584039  0.479341
0.712924 -0.434568 -0.041749 -0.584039  0.479572
0.712924 -0.434568 -0.041749 -0.674196  0.586805
0.628672 -0.434568 -0.041749 -0.674196  0.472923
0.628672 -0.512696 -0.041749 -0.674196  0.420225
0.628672 -0.512696 -0.113691 -0.674196  0.421622
0.628672 -0.512696 -0.113691 -0.740419  0.521086
0.568270 -0.512696 -0.113691 -0.740419  0.456129
0.568270 -0.567278 -0.113691 -0.740419  0.408342
0.568270 -0.567278 -0.162402 -0.740419  0.411155
0.568270 -0.567278 -0.162402 -0.783491  0.486194
0.530857 -0.567278 -0.162402 -0.783491  0.452282
0.530857 -0.598918 -0.162402 -0.783491  0.420001
0.530857 -0.598918 -0.188340 -0.783491  0.422399
0.530857 -0.598918 -0.188340 -0.803803  0.460783
0.516322 -0.598918 -0.188340 -0.803803  0.448829
0.516322 -0.607610 -0.188340 -0.803803  0.439339
0.516322 -0.607610 -0.190852 -0.803803  0.439610
0.516322 -0.607610 -0.190852 -0.800442  0.433122
0.525512 -0.607610 -0.190852 -0.800442  0.440604
0.525512 -0.592789 -0.190852 -0.800442  0.456622
0.525512 -0.592789 -0.170448 -0.800442  0.454622
0.525512 -0.592789 -0.170448 -0.774185  0.405791
0.557859 -0.592789 -0.170448 -0.774185  0.434274
0.557859 -0.554887 -0.170448 -0.774185  0.471730
0.557859 -0.554887 -0.127030 -0.774185  0.468828
0.557859 -0.554887 -0.127030 -0.725085  0.386022
0.612641 -0.554887 -0.127030 -0.725085  0.442355
0.612641 -0.494508 -0.127030 -0.725085  0.492279
0.612641 -0.494508 -0.061035 -0.725085  0.490456
0.612641 -0.494508 -0.061035 -0.653413  0.388216
0.690234 -0.494508 -0.061035 -0.653413  0.487117
0.690234 -0.411129 -0.061035 -0.653413  0.538552
0.690234 -0.411129 0.028169 -0.653413  0.538302
0.690234 -0.411129 0.028169 -0.558065  0.433131
0.591756 -0.411129 0.028169 -0.558065  0.311506
0.591756 -0.503221 0.028169 -0.558065  0.253566
0.591756 -0.503221 -0.058218 -0.558065  0.253786
0.591756 -0.503221 -0.058218 -0.638846  0.340712
0.516748 -0.503221 -0.058218 -0.638846  0.271481
0.516748 -0.572068 -0.058218 -0.638846  0.211696
0.516748 -0.572068 -0.120984 -0.638846  0.213269
0.516748 -0.572068 -0.120984 -0.695953  0.289627
0.465329 -0.572068 -0.120984 -0.695953  0.252398
0.465329 -0.617464 -0.120984 -0.695953  0.204199
0.465329 -0.617464 -0.160299 -0.695953  0.206547
0.465329 -0.617464 -0.160299 -0.729453  0.257605
0.437698 -0.617464 -0.160299 -0.729453  0.240700
0.437698 -0.638972 -0.160299 -0.729453  0.215232
0.437698 -0.638972 -0.175982 -0.729453  0.216563
0.437698 -0.638972 -0.175982 -0.739426  0.232703
0.433550 -0.638972 -0.175982 -0.739426  0.230342
0.433550 -0.637059 -0.175982 -0.739426  0.232678
0.433550 -0.637059 -0.168316 -0.739426  0.231996
0.433550 -0.637059 -0.168316 -0.725749  0.209974
0.453307 -0.637059 -0.168316 -0.725749  0.221630
0.453307 -0.546258 -0.168316 -0.725749  0.317176
0.453307 -0.546258 -0.071860 -0.725749  0.312778
0.453307 -0.546258 -0.071860 -0.823250  0.488468
0.361850 -0.546258 -0.071860 -0.823250  0.442698
0.361850 -0.631606 -0.071860 -0.823250  0.353736
0.361850 -0.631606 -0.151033 -0.823250  0.356810
0.361850 -0.631606 -0.151033 -0.896466  0.519305
0.294502 -0.631606 -0.151033 -0.896466  0.497469
0.294502 -0.692825 -0.151033 -0.896466  0.416872
0.294502 -0.692825 -0.206319 -0.896466  0.422209
0.294502 -0.692825 -0.206319 -0.945969  0.548272
0.250804 -0.692825 -0.206319 -0.945969  0.538505
0.250804 -0.730638 -0.206319 -0.945969  0.481029
0.250804 -0.730638 -0.238326 -0.945969  0.485783
0.250804 -0.730638 -0.238326 -0.972274  0.558381
0.230324 -0.730638 -0.238326 -0.972274  0.554823
0.230324 -0.745046 -0.238326 -0.972274  0.531290
0.230324 -0.745046 -0.246554 -0.972274  0.532741
0.230324 -0.745046 -0.246554 -0.974449  0.538926
0.234054 -0.745046 -0.246554 -0.974449  0.539529
0.234054 -0.735648 -0.246554 -0.974449  0.554983
0.234054 -0.735648 -0.231508 -0.974449  0.552403
0.234054 -0.735648 -0.231508 -0.953658  0.494430
0.260873 -0.735648 -0.231508 -0.953658  0.499362
0.260873 -0.703227 -0.231508 -0.953658  0.549713
0.260873 -0.703227 -0.193323 -0.953658  0.544531
0.260873 -0.703227 -0.193323 -0.909450  0.429419
0.311504 -0.703227 -0.193323 -0.909450  0.441892
0.311504 -0.646810 -0.193323 -0.909450  0.519056
0.311504 -0.646810 -0.131005 -0.909450  0.514079
0.311504 -0.646810 -0.131005 -0.840927  0.356542
0.386468 -0.646810 -0.131005 -0.840927  0.384037
0.386468 -0.565935 -0.131005 -0.840927  0.473379
0.386468 -0.565935 -0.044495 -0.840927  0.471219
0.386468 -0.565935 -0.044495 -0.748532  0.295953
0.484792 -0.565935 -0.044495 -0.748532  0.352169
0.484792 -0.662037 -0.044495 -0.748532  0.243262
0.484792 -0.662037 -0.134749 -0.748532  0.245620
0.484792 -0.662037 -0.134749 -0.833023  0.404275
0.406064 -0.662037 -0.134749 -0.833023  0.357293
0.406064 -0.734756 -0.134749 -0.833023  0.250790
0.406064 -0.734756 -0.200993 -0.833023  0.256463
0.406064 -0.734756 -0.200993 -0.893495  0.391711
0.351423 -0.734756 -0.200993 -0.893495  0.368156
0.351423 -0.783506 -0.200993 -0.893495  0.283845
0.351423 -0.783506 -0.243815 -0.893495  0.290219
0.351423 -0.783506 -0.243815 -0.930728  0.383161
0.319877 -0.783506 -0.243815 -0.930728  0.372491
0.319877 -0.809332 -0.243815 -0.930728  0.323344
0.319877 -0.809332 -0.263968 -0.930728  0.327243
0.319877 -0.809332 -0.263968 -0.945071  0.365094
0.311363 -0.809332 -0.263968 -0.945071  0.362550
0.311363 -0.811884 -0.263968 -0.945071  0.357520
0.311363 -0.811884 -0.260675 -0.945071  0.356840
0.311363 -0.811884 -0.260675 -0.936054  0.332908
0.326234 -0.811884 -0.260675 -0.936054  0.337443
0.326234 -0.791321 -0.260675 -0.936054  0.377084
0.326234 -0.791321 -0.234529 -0.936054  0.372271
0.326234 -0.791321 -0.234529 -0.904249  0.291478
0.363720 -0.791321 -0.234529 -0.904249  0.304875
0.363720 -0.748072 -0.234529 -0.904249  0.381763
0.363720 -0.748072 -0.185607 -0.904249  0.375257
0.363720 -0.748072 -0.185607 -0.849468  0.248856
0.424781 -0.748072 -0.185607 -0.849468  0.277385
0.424781 -0.681399 -0.185607 -0.849468  0.379638
0.424781 -0.681399 -0.113519 -0.849468  0.374706
0.424781 -0.681399 -0.113519 -0.771565  0.221055
0.508392 -0.681399 -0.113519 -0.771565  0.275808
0.508392 -0.591864 -0.113519 -0.771565  0.384853
0.508392 -0.591864 -0.018264 -0.771565  0.383396
0.508392 -0.591864 -0.018264 -0.870248  0.583141
0.415675 -0.591864 -0.018264 -0.870248  0.523564
0.415675 -0.678614 -0.018264 -0.870248  0.418383
0.415675 -0.678614 -0.099251 -0.870248  0.419354
0.415675 -0.678614 -0.099251 -0.945368  0.605182
0.346258 -0.678614 -0.099251 -0.945368  0.574874
0.346258 -0.742064 -0.099251 -0.945368  0.478762
0.346258 -0.742064 -0.156648 -0.945368  0.481628
0.346258 -0.742064 -0.156648 -0.996894  0.627445
0.300495 -0.742064 -0.156648 -0.996894  0.613064
0.300495 -0.782003 -0.156648 -0.996894  0.543472
0.300495 -0.782003 -0.190742 -0.996894  0.546568
0.300495 -0.782003 -0.190742 -1.025325  0.633771
0.341605 -0.782003 -0.190742 -1.025325  0.646500
0.341605 -0.732910 -0.190742 -1.025325  0.731029
0.341605 -0.732910 -0.135615 -1.025325  0.726584
0.341605 -0.732910 -0.135615 -0.964128  0.544867
0.408826 -0.732910 -0.135615 -0.964128  0.573335
0.408826 -0.659983 -0.135615 -0.964128  0.679549
0.408826 -0.659983 -0.056934 -0.964128  0.677239
0.408826 -0.659983 -0.056934 -0.879471  0.461284
0.499579 -0.659983 -0.056934 -0.879471  0.517638
0.499579 -0.563353 -0.056934 -0.879471  0.626322
0.499579 -0.563353 -0.154410 -0.879471  0.629819
0.499579 -0.563353 -0.154410 -0.971068  0.865268
0.413995 -0.563353 -0.154410 -0.971068  0.811539
0.413995 -0.643078 -0.154410 -0.971068  0.724384
0.413995 -0.643078 -0.228210 -0.971068  0.732588
0.413995 -0.643078 -0.228210 -1.039082  0.938783
0.351787 -0.643078 -0.228210 -1.039082  0.911363
0.351787 -0.699324 -0.228210 -1.039082  0.835300
0.351787 -0.699324 -0.278304 -1.039082  0.844971
0.351787 -0.699324 -0.278304 -1.083460  0.994941
0.313513 -0.699324 -0.278304 -1.083460  0.982221
0.313513 -0.731537 -0.278304 -1.083460  0.932750
0.313513 -0.731537 -0.304317 -1.083460  0.939377
0.313513 -0.731537 -0.304317 -1.103653  1.011823
0.299629 -0.731537 -0.304317 -1.103653  1.007907
0.299629 -0.739203 -0.304317 -1.103653  0.995470
0.299629 -0.739203 -0.305841 -1.103653  0.995896
0.299629 -0.739203 -0.305841 -1.099507  0.980804
0.309826 -0.739203 -0.305841 -1.099507  0.983645
0.309826 -0.723205 -0.305841 -1.099507  1.009306
0.309826 -0.723205 -0.283823 -1.099507  1.003562
0.309826 -0.723205 -0.283823 -1.071338  0.903994
0.343962 -0.723205 -0.283823 -1.071338  0.914947
0.343962 -0.683324 -0.283823 -1.071338  0.974136
0.343962 -0.683324 -0.238293 -1.071338  0.964803
0.343962 -0.683324 -0.238293 -1.019799  0.795740
0.401582 -0.683324 -0.238293 -1.019799  0.819808
0.401582 -0.619822 -0.238293 -1.019799  0.900751
0.401582 -0.619822 -0.168866 -1.019799  0.892036
0.401582 -0.619822 -0.168866 -0.944482  0.673977
0.482790 -0.619822 -0.168866 -0.944482  0.721746
0.482790 -0.532647 -0.168866 -0.944482  0.808751
0.482790 -0.532647 -0.075881 -0.944482  0.804372
0.482790 -0.532647 -0.075881 -0.845292  0.565826
0.388151 -0.532647 -0.075881 -0.845292  0.511774
0.388151 -0.621148 -0.075881 -0.845292  0.423237
0.388151 -0.621148 -0.158229 -0.845292  0.426762
0.388151 -0.621148 -0.158229 -0.921825  0.606118
0.317295 -0.621148 -0.158229 -0.921825  0.579583
0.317295 -0.686237 -0.158229 -0.921825  0.496074
0.317295 -0.686237 -0.217435 -0.921825  0.502393
0.317295 -0.686237 -0.217435 -0.975302  0.646783
0.269766 -0.686237 -0.217435 -0.975302  0.634471
0.269766 -0.727851 -0.217435 -0.975302  0.572043
0.269766 -0.727851 -0.253139 -0.975302  0.577984
0.269766 -0.727851 -0.253139 -1.005106  0.665659
0.245702 -0.727851 -0.253139 -1.005106  0.660860
0.245702 -0.745985 -0.253139 -1.005106  0.631314
0.245702 -0.745985 -0.265363 -1.005106  0.633780
0.245702 -0.745985 -0.265363 -1.011539  0.653401
0.244965 -0.745985 -0.265363 -1.011539  0.653268
0.244965 -0.740907 -0.265363 -1.011539  0.661688
0.244965 -0.740907 -0.254479 -1.011539  0.659482
0.244965 -0.740907 -0.254479 -0.995058  0.609711
0.267205 -0.740907 -0.254479 -0.995058  0.614089
0.267205 -0.712995 -0.254479 -0.995058  0.658346
0.267205 -0.712995 -0.220757 -0.995058  0.652624
0.267205 -0.712995 -0.220757 -0.955343  0.539301
0.312781 -0.712995 -0.220757 -0.955343  0.550823
0.312781 -0.661531 -0.220757 -0.955343  0.623780
0.312781 -0.661531 -0.163350 -0.955343  0.617381
0.312781 -0.661531 -0.163350 -0.892079  0.455378
0.382040 -0.661531 -0.163350 -0.892079  0.480539
0.382040 -0.586262 -0.163350 -0.892079  0.568541
0.382040 -0.586262 -0.082127 -0.892079  0.564736
0.382040 -0.586262 -0.082127 -0.804890  0.376261
0.475428 -0.586262 -0.082127 -0.804890  0.427962
0.475428 -0.486798 -0.082127 -0.804890  0.514105
0.475428 -0.486798 -0.176549 -0.804890  0.519054
0.475428 -0.486798 -0.176549 -0.893472  0.710859
0.392542 -0.486798 -0.176549 -0.893472  0.663884
0.392542 -0.563810 -0.176549 -0.893472  0.600016
0.392542 -0.563810 -0.247667 -0.893472  0.609704
0.392542 -0.563810 -0.247667 -0.958855  0.778026
0.397767 -0.563810 -0.247667 -0.958855  0.780474
0.397767 -0.552723 -0.247667 -0.958855  0.790841
0.397767 -0.552723 -0.230973 -0.958855  0.787971
0.397767 -0.552723 -0.230973 -0.936222  0.727008
0.426528 -0.552723 -0.230973 -0.936222  0.741670
0.426528 -0.518181 -0.230973 -0.936222  0.771391
0.426528 -0.518181 -0.190616 -0.936222  0.765995
0.426528 -0.518181 -0.190616 -0.889863  0.650029
0.478914 -0.518181 -0.190616 -0.889863  0.682276
0.478914 -0.459979 -0.190616 -0.889863  0.724091
0.478914 -0.459979 -0.126864 -0.889863  0.719207
0.478914 -0.459979 -0.126864 -0.820362  0.566661
0.554178 -0.459979 -0.126864 -0.820362  0.627013
0.554178 -0.379179 -0.126864 -0.820362  0.669818
0.554178 -0.379179 -0.040478 -0.820362  0.667843
0.554178 -0.379179 -0.040478 -0.728103  0.501736
0.652319 -0.379179 -0.040478 -0.728103  0.609116
0.652319 -0.475480 -0.040478 -0.728103  0.556136
0.652319 -0.475480 -0.130778 -0.728103  0.558307
0.652319 -0.475480 -0.130778 -0.812792  0.709270
0.573445 -0.475480 -0.130778 -0.812792  0.620266
0.573445 -0.548420 -0.130778 -0.812792  0.562818
0.573445 -0.548420 -0.197794 -0.812792  0.568320
0.573445 -0.548420 -0.197794 -0.873869  0.698692
0.518049 -0.548420 -0.197794 -0.873869  0.649153
0.518049 -0.597501 -0.197794 -0.873869  0.600786
0.518049 -0.597501 -0.241179 -0.873869  0.607076
0.518049 -0.597501 -0.241179 -0.911577  0.697243
0.486276 -0.597501 -0.241179 -0.911577  0.673199
0.486276 -0.623273 -0.241179 -0.911577  0.644388
0.486276 -0.623273 -0.261103 -0.911577  0.648160
0.486276 -0.623273 -0.261103 -0.925834  0.684259
0.477621 -0.623273 -0.261103 -0.925834  0.678229
0.477621 -0.626008 -0.261103 -0.925834  0.675028
0.477621 -0.626008 -0.257995 -0.925834  0.674399
0.477621 -0.626008 -0.257995 -0.916758  0.651290
0.492750 -0.626008 -0.257995 -0.916758  0.661975
0.492750 -0.604857 -0.257995 -0.916758  0.686011
0.492750 -0.604857 -0.230919 -0.916758  0.681152
0.492750 -0.604857 -0.230919 -0.883909  0.601261
0.531575 -0.604857 -0.230919 -0.883909  0.631828
0.531575 -0.560415 -0.230919 -0.883909  0.677109
0.531575 -0.560415 -0.180728 -0.883909  0.670699
0.531575 -0.560415 -0.180728 -0.827937  0.547638
0.593444 -0.560415 -0.180728 -0.827937  0.606426
0.593444 -0.492699 -0.180728 -0.827937  0.662829
0.593444 -0.492699 -0.106931 -0.827937  0.658149
0.593444 -0.492699 -0.106931 -0.748125  0.509335
0.679245 -0.492699 -0.106931 -0.748125  0.613725
0.679245 -0.401066 -0.106931 -0.748125  0.668815
0.679245 -0.401066 -0.009469 -0.748125  0.667594
0.679245 -0.401066 -0.009469 -0.844777  0.851747
0.588437 -0.401066 -0.009469 -0.844777  0.742112
0.588437 -0.486022 -0.009469 -0.844777  0.691818
0.588437 -0.486022 -0.088519 -0.844777  0.692511
0.588437 -0.486022 -0.088519 -0.918016  0.863300
0.521160 -0.486022 -0.088519 -0.918016  0.801099
0.521160 -0.547137 -0.088519 -0.918016  0.752116
0.521160 -0.547137 -0.143534 -0.918016  0.754380
0.521160 -0.547137 -0.143534 -0.967078  0.885169
0.478055 -0.547137 -0.143534 -0.967078  0.852871
0.478055 -0.584303 -0.143534 -0.967078  0.817175
0.478055 -0.584303 -0.174904 -0.967078  0.819568
0.478055 -0.584303 -0.174904 -0.992638  0.893194
0.458376 -0.584303 -0.174904 -0.992638  0.880249
0.458376 -0.598137 -0.174904 -0.992638  0.865742
0.458376 -0.598137 -0.182895 -0.992638  0.866509
0.458376 -0.598137 -0.182895 -0.994805  0.872928
0.462010 -0.598137 -0.182895 -0.994805  0.875237
0.462010 -0.588569 -0.182895 -0.994805  0.885343
0.462010 -0.588569 -0.167458 -0.994805  0.883921
0.462010 -0.588569 -0.167458 -0.973298  0.821441
0.489593 -0.588569 -0.167458 -0.973298  0.840179
0.489593 -0.555146 -0.167458 -0.973298  0.872978
0.489593 -0.555146 -0.128283 -0.973298  0.870394
0.489593 -0.555146 -0.128283 -0.928350  0.748463
0.540452 -0.555146 -0.128283 -0.928350  0.788966
0.540452 -0.498269 -0.128283 -0.928350  0.836349
0.540452 -0.498269 -0.065737 -0.928350  0.834522
0.540452 -0.498269 -0.065737 -0.859771  0.669986
0.614864 -0.498269 -0.065737 -0.859771  0.744581
0.614864 -0.418021 -0.065737 -0.859771  0.795242
0.614864 -0.418021 0.020312 -0.859771  0.794949
0.614864 -0.418021 0.020312 -0.767599  0.611676
0.577441 -0.418021 0.020312 -0.767599  0.571763
0.577441 -0.449435 0.020312 -0.767599  0.554026
0.577441 -0.449435 -0.005334 -0.767599  0.554035
0.577441 -0.449435 -0.005334 -0.787353  0.589859
0.563444 -0.449435 -0.005334 -0.787353  0.576194
0.563444 -0.457631 -0.005334 -0.787353  0.571136
0.563444 -0.457631 -0.007870 -0.787353  0.571137
0.563444 -0.457631 -0.007870 -0.783801  0.564560
0.573026 -0.457631 -0.007870 -0.783801  0.573842
0.573026 -0.442443 -0.007870 -0.783801  0.583071
0.573026 -0.442443 0.013195 -0.783801  0.583068
0.573026 -0.442443 0.013195 -0.756882  0.535140
0.605940 -0.442443 0.013195 -0.756882  0.569461
0.605940 -0.403646 0.013195 -0.756882  0.590305
0.605940 -0.403646 0.057787 -0.756882  0.590115
0.605940 -0.403646 0.057787 -0.706385  0.508992
0.662380 -0.403646 0.057787 -0.706385  0.577130
0.662380 -0.341296 0.057787 -0.706385  0.603141
0.662380 -0.341296 0.126100 -0.706385  0.601329
0.662380 -0.341296 0.126100 -0.631807  0.501061
0.743130 -0.341296 0.126100 -0.631807  0.620832
0.743130 -0.254455 0.126100 -0.631807  0.644112
0.743130 -0.254455 0.218893 -0.631807  0.635629
0.743130 -0.254455 0.218893 -0.533042  0.534880
0.648009 -0.254455 0.218893 -0.533042  0.396601
0.648009 -0.343691 0.218893 -0.533042  0.372478
0.648009 -0.343691 0.135610 -0.533042  0.380472
0.648009 -0.343691 0.135610 -0.610447  0.456498
0.576575 -0.343691 0.135610 -0.610447  0.376065
0.576575 -0.409109 0.135610 -0.610447  0.348190
0.576575 -0.409109 0.076386 -0.610447  0.350238
0.576575 -0.409109 0.076386 -0.663775  0.415216
0.529384 -0.409109 0.076386 -0.663775  0.371898
0.529384 -0.450527 0.076386 -0.663775  0.348925
0.529384 -0.450527 0.040673 -0.663775  0.349304
0.529384 -0.450527 0.040673 -0.693762  0.390758
0.505250 -0.450527 0.040673 -0.693762  0.371378
0.505250 -0.468595 0.040673 -0.693762  0.359929
0.505250 -0.468595 0.028720 -0.693762  0.359973
0.505250 -0.468595 0.028720 -0.699681  0.368593
0.505349 -0.468595 0.028720 -0.699681  0.368669
0.505349 -0.462538 0.028720 -0.699681  0.372607
0.505349 -0.462538 0.040839 -0.699681  0.372563
0.505349 -0.462538 0.040839 -0.681406  0.346418
0.529725 -0.462538 0.040839 -0.681406  0.366008
0.529725 -0.432182 0.040839 -0.681406  0.384240
0.529725 -0.432182 0.077224 -0.681406  0.383848
0.529725 -0.432182 0.077224 -0.638850  0.328195
0.578490 -0.432182 0.077224 -0.638850  0.373142
0.578490 -0.377289 0.077224 -0.638850  0.400160
0.578490 -0.377289 0.138264 -0.638850  0.397977
0.578490 -0.377289 0.138264 -0.571671  0.324070
0.651916 -0.377289 0.138264 -0.571671  0.407538
0.651916 -0.298005 0.138264 -0.571671  0.434779
0.651916 -0.298005 0.223349 -0.571671  0.426281
0.651916 -0.298005 0.223349 -0.480677  0.350514
0.748906 -0.298005 0.223349 -0.480677  0.493485
0.748906 -0.395191 0.223349 -0.480677  0.458230
0.748906 -0.395191 0.132050 -0.480677  0.467069
0.748906 -0.395191 0.132050 -0.566350  0.537667
0.669005 -0.395191 0.132050 -0.566350  0.417061
0.669005 -0.469001 0.132050 -0.566350  0.375618
0.669005 -0.469001 0.064253 -0.566350  0.377655
0.669005 -0.469001 0.064253 -0.628161  0.443861
0.613261 -0.469001 0.064253 -0.628161  0.375077
0.613261 -0.518872 0.064253 -0.628161  0.338544
0.613261 -0.518872 0.020198 -0.628161  0.338801
0.613261 -0.518872 0.020198 -0.666478  0.386983
0.580770 -0.518872 0.020198 -0.666478  0.352232
0.580770 -0.545298 0.020198 -0.666478  0.329782
0.580770 -0.545298 -0.000227 -0.666478  0.329791
0.580770 -0.545298 -0.000227 -0.680784  0.349267
0.572218 -0.545298 -0.000227 -0.680784  0.340740
0.572218 -0.547960 -0.000227 -0.680784  0.338353
0.572218 -0.547960 0.002960 -0.680784  0.338353
0.572218 -0.547960 0.002960 -0.671483  0.325597
0.587276 -0.547960 0.002960 -0.671483  0.340781
0.587276 -0.527090 0.002960 -0.671483  0.358874
0.587276 -0.527090 0.029640 -0.671483  0.358848
0.587276 -0.527090 0.029640 -0.638808  0.316765
0.626028 -0.527090 0.029640 -0.638808  0.359564
0.626028 -0.482390 0.029640 -0.638808  0.393750
0.626028 -0.482390 0.080354 -0.638808  0.393257
0.626028 -0.482390 0.080354 -0.582226  0.329943
0.688406 -0.482390 0.080354 -0.582226  0.410833
0.688406 -0.549053 0.080354 -0.582226  0.357568
0.688406 -0.549053 0.019478 -0.582226  0.358079
0.688406 -0.549053 0.019478 -0.637381  0.419652
0.638795 -0.549053 0.019478 -0.637381  0.354080
0.638795 -0.592840 0.019478 -0.637381  0.311238
0.638795 -0.592840 -0.018394 -0.637381  0.311252
0.638795 -0.592840 -0.018394 -0.669414  0.352287
0.612625 -0.592840 -0.018394 -0.669414  0.321546
0.612625 -0.613157 -0.018394 -0.669414  0.299381
0.612625 -0.613157 -0.033039 -0.669414  0.299411
0.612625 -0.613157 -0.033039 -0.678504  0.311797
0.609351 -0.613157 -0.033039 -0.678504  0.308130
0.609351 -0.610498 -0.033039 -0.678504  0.311117
0.609351 -0.610498 -0.024583 -0.678504  0.311095
0.609351 -0.610498 -0.024583 -0.664317  0.291910
0.629494 -0.610498 -0.024583 -0.664317  0.315098
0.629494 -0.584733 -0.024583 -0.664317  0.342707
0.629494 -0.584733 0.006915 -0.664317  0.342692
0.629494 -0.584733 0.006915 -0.626795  0.295767
0.672993 -0.584733 0.006915 -0.626795  0.351134
0.672993 -0.535400 0.006915 -0.626795  0.397587
0.672993 -0.535400 0.062130 -0.626795  0.397348
0.672993 -0.535400 0.062130 -0.565337  0.331783
0.740252 -0.535400 0.062130 -0.565337  0.432609
0.740252 -0.462152 0.062130 -0.565337  0.487375
0.740252 -0.462152 0.141294 -0.565337  0.484794
0.740252 -0.462152 0.141294 -0.480354  0.414945
0.831193 -0.462152 0.141294 -0.480354  0.583563
0.831193 -0.365429 0.141294 -0.480354  0.633473
0.831193 -0.365429 0.043538 -0.480354  0.636211
0.831193 -0.365429 0.043538 -0.572332  0.712850
0.745106 -0.365429 0.043538 -0.572332  0.552264
0.745106 -0.445748 0.043538 -0.572332  0.512497
0.745106 -0.445748 -0.030975 -0.572332  0.512609
0.745106 -0.445748 -0.030975 -0.641183  0.588733
0.682075 -0.445748 -0.030975 -0.641183  0.492383
0.682075 -0.502877 -0.030975 -0.641183  0.453779
0.682075 -0.502877 -0.082161 -0.641183  0.454304
0.682075 -0.502877 -0.082161 -0.686217  0.513839
0.643035 -0.502877 -0.082161 -0.686217  0.462412
0.643035 -0.536034 -0.082161 -0.686217  0.435562
0.643035 -0.536034 -0.109499 -0.686217  0.436320
0.643035 -0.536034 -0.109499 -0.707730  0.467674
0.627304 -0.536034 -0.109499 -0.707730  0.448633
0.627304 -0.545745 -0.109499 -0.707730  0.440110
0.627304 -0.545745 -0.113428 -0.707730  0.440256
0.627304 -0.545745 -0.113428 -0.705996  0.437657
0.634839 -0.545745 -0.113428 -0.705996  0.446659
0.634839 -0.532442 -0.113428 -0.705996  0.458259
0.634839 -0.532442 -0.094352 -0.705996  0.457639
0.634839 -0.532442 -0.094352 -0.681187  0.421830
0.665735 -0.532442 -0.094352 -0.681187  0.461032
0.665735 -0.495798 -0.094352 -0.681187  0.490102
0.665735 -0.495798 -0.051760 -0.681187  0.489400
0.665735 -0.495798 -0.051760 -0.632476  0.426325
0.720422 -0.495798 -0.051760 -0.632476  0.505175
0.720422 -0.435480 -0.051760 -0.632476  0.544464
0.720422 -0.435480 0.014492 -0.632476  0.544322
0.720422 -0.435480 0.014492 -0.560328  0.467240
0.798451 -0.435480 0.014492 -0.560328  0.602367
0.798451 -0.351688 0.014492 -0.560328  0.641454
0.798451 -0.351688 0.103971 -0.560328  0.640333
0.798451 -0.351688 0.103971 -0.464962  0.564929
0.699571 -0.351688 0.103971 -0.464962  0.398267
0.699571 -0.444858 0.103971 -0.464962  0.353728
0.699571 -0.444858 0.016616 -0.464962  0.354847
0.699571 -0.444858 0.016616 -0.546406  0.417463
0.623798 -0.444858 0.016616 -0.546406  0.317829
0.623798 -0.514678 0.016616 -0.546406  0.269531
0.623798 -0.514678 -0.047359 -0.546406  0.269642
0.623798 -0.514678 -0.047359 -0.604634  0.327550
0.571601 -0.514678 -0.047359 -0.604634  0.271572
0.571601 -0.560818 -0.047359 -0.604634  0.231521
0.571601 -0.560818 -0.087429 -0.604634  0.232083
0.571601 -0.560818 -0.087429 -0.638807  0.271720
0.543504 -0.560818 -0.087429 -0.638807  0.245512
0.543504 -0.583114 -0.087429 -0.638807  0.223627
0.543504 -0.583114 -0.103971 -0.638807  0.224082
0.543504 -0.583114 -0.103971 -0.649468  0.237353
0.538757 -0.583114 -0.103971 -0.649468  0.233184
0.538757 -0.581940 -0.103971 -0.649468  0.234379
0.538757 -0.581940 -0.097020 -0.649468  0.234168
0.538757 -0.581940 -0.097020 -0.636375  0.217931
0.558116 -0.581940 -0.097020 -0.636375  0.235402
0.558116 -0.491712 -0.097020 -0.636375  0.313592
0.558116 -0.491712 -0.000669 -0.636375  0.312679
0.558116 -0.491712 -0.000669 -0.733933  0.450302
0.466388 -0.491712 -0.000669 -0.733933  0.377900
0.466388 -0.577360 -0.000669 -0.733933  0.304327
0.466388 -0.577360 -0.080420 -0.733933  0.304847
0.466388 -0.577360 -0.080420 -0.807633  0.436304
0.398750 -0.577360 -0.080420 -0.807633  0.398258
0.398750 -0.638846 -0.080420 -0.807633  0.329990
0.398750 -0.638846 -0.135701 -0.807633  0.331968
0.398750 -0.638846 -0.135701 -0.857100  0.434815
0.355563 -0.638846 -0.135701 -0.857100  0.416365
0.355563 -0.675900 -0.135701 -0.857100  0.368315
0.355563 -0.675900 -0.166597 -0.857100  0.370440
0.355563 -0.675900 -0.166597 -0.881821  0.426508
0.336914 -0.675900 -0.166597 -0.881821  0.419800
0.336914 -0.688335 -0.166597 -0.881821  0.402441
0.336914 -0.688335 -0.173047 -0.881821  0.403000
0.336914 -0.688335 -0.173047 -0.882194  0.403870
0.342412 -0.688335 -0.173047 -0.882194  0.405773
0.342412 -0.677368 -0.173047 -0.882194  0.421115
0.342412 -0.677368 -0.156473 -0.882194  0.419765
0.342412 -0.677368 -0.156473 -0.859924  0.369070
0.370450 -0.677368 -0.156473 -0.859924  0.379762
0.370450 -0.643727 -0.156473 -0.859924  0.423805
0.370450 -0.643727 -0.116990 -0.859924  0.421575
0.370450 -0.643727 -0.116990 -0.814378  0.325793
0.422105 -0.643727 -0.116990 -0.814378  0.350163
0.422105 -0.586262 -0.116990 -0.814378  0.415414
0.422105 -0.586262 -0.053827 -0.814378  0.413968
0.422105 -0.586262 -0.053827 -0.745386  0.288000
0.497321 -0.586262 -0.053827 -0.745386  0.335794
0.497321 -0.505290 -0.053827 -0.745386  0.408285
0.497321 -0.505290 0.033185 -0.745386  0.408092
0.497321 -0.505290 0.033185 -0.652133  0.271292
0.596840 -0.505290 0.033185 -0.652133  0.360896
0.596840 -0.599713 0.033185 -0.652133  0.274216
0.596840 -0.599713 -0.055243 -0.652133  0.274421
0.596840 -0.599713 -0.055243 -0.734627  0.393544
0.520257 -0.599713 -0.055243 -0.734627  0.321755
0.520257 -0.670348 -0.055243 -0.734627  0.236213
0.520257 -0.670348 -0.119917 -0.734627  0.237769
0.520257 -0.670348 -0.119917 -0.793508  0.340946
0.467318 -0.670348 -0.119917 -0.793508  0.302185
0.467318 -0.717633 -0.119917 -0.793508  0.233838
0.467318 -0.717633 -0.161424 -0.793508  0.236320
0.467318 -0.717633 -0.161424 -0.829182  0.306781
0.437298 -0.717633 -0.161424 -0.829182  0.288350
0.437298 -0.742008 -0.161424 -0.829182  0.249397
0.437298 -0.742008 -0.180031 -0.829182  0.251025
0.437298 -0.742008 -0.180031 -0.841998  0.277870
0.430340 -0.742008 -0.180031 -0.841998  0.273941
0.430340 -0.742823 -0.180031 -0.841998  0.272594
0.430340 -0.742823 -0.174917 -0.841998  0.272111
0.430340 -0.742823 -0.174917 -0.830907  0.248832
0.447624 -0.742823 -0.174917 -0.830907  0.258825
0.447624 -0.719899 -0.174917 -0.830907  0.295614
0.447624 -0.719899 -0.146276 -0.830907  0.293392
0.447624 -0.719899 -0.146276 -0.796391  0.224829
0.488009 -0.719899 -0.146276 -0.796391  0.251361
0.488009 -0.673760 -0.146276 -0.796391  0.318596
0.488009 -0.673760 -0.094219 -0.796391  0.316303
0.488009 -0.673760 -0.094219 -0.738262  0.213577
0.552223 -0.673760 -0.094219 -0.738262  0.265757
0.552223 -0.603507 -0.094219 -0.738262  0.351803
0.552223 -0.603507 -0.018109 -0.738262  0.350972
0.552223 -0.603507 -0.018109 -0.656170  0.231118
0.640519 -0.603507 -0.018109 -0.656170  0.325500
0.640519 -0.509064 -0.018109 -0.656170  0.413387
0.640519 -0.509064 -0.117704 -0.656170  0.415012
0.640519 -0.509064 -0.117704 -0.749939  0.554264
0.552489 -0.509064 -0.117704 -0.749939  0.460125
0.552489 -0.591208 -0.117704 -0.749939  0.385405
0.552489 -0.591208 -0.193918 -0.749939  0.391066
0.552489 -0.591208 -0.193918 -0.820486  0.521642
0.487895 -0.591208 -0.193918 -0.820486  0.469137
0.487895 -0.649730 -0.193918 -0.820486  0.401498
0.487895 -0.649730 -0.246516 -0.820486  0.409186
0.487895 -0.649730 -0.246516 -0.867273  0.509168
0.446984 -0.649730 -0.246516 -0.867273  0.482334
0.446984 -0.684602 -0.246516 -0.867273  0.435757
0.446984 -0.684602 -0.275503 -0.867273  0.441687
0.446984 -0.684602 -0.275503 -0.890354  0.495168
0.429884 -0.684602 -0.275503 -0.890354  0.485305
0.429884 -0.629642 -0.275503 -0.890354  0.556544
0.429884 -0.629642 -0.214751 -0.890354  0.545537
0.429884 -0.629642 -0.214751 -0.823750  0.398693
0.502464 -0.629642 -0.214751 -0.823750  0.446107
0.502464 -0.551312 -0.214751 -0.823750  0.528160
0.502464 -0.551312 -0.130435 -0.823750  0.520475
0.502464 -0.551312 -0.130435 -0.733468  0.356095
0.598757 -0.551312 -0.130435 -0.733468  0.443898
0.598757 -0.649171 -0.130435 -0.733468  0.337891
0.598757 -0.649171 -0.222237 -0.733468  0.346648
0.598757 -0.649171 -0.222237 -0.819492  0.502404
0.518590 -0.649171 -0.222237 -0.819492  0.427211
0.518590 -0.723353 -0.222237 -0.819492  0.322301
0.518590 -0.723353 -0.290550 -0.819492  0.335853
0.518590 -0.723353 -0.290550 -0.881880  0.471359
0.462325 -0.723353 -0.290550 -0.881880  0.430711
0.462325 -0.773560 -0.290550 -0.881880  0.346303
0.462325 -0.773560 -0.334877 -0.881880  0.359328
0.462325 -0.773560 -0.334877 -0.920420  0.453235
0.429838 -0.773560 -0.334877 -0.920420  0.433832
0.429838 -0.800104 -0.334877 -0.920420  0.384528
0.429838 -0.800104 -0.355482 -0.920420  0.391895
0.429838 -0.800104 -0.355482 -0.935178  0.430005
0.420914 -0.800104 -0.355482 -0.935178  0.425161
0.420914 -0.803241 -0.355482 -0.935178  0.419114
0.420914 -0.803241 -0.352694 -0.935178  0.418065
0.420914 -0.803241 -0.352694 -0.926318  0.395040
0.436021 -0.803241 -0.352694 -0.926318  0.403361
0.436021 -0.782267 -0.352694 -0.926318  0.442906
0.436021 -0.782267 -0.326133 -0.926318  0.433721
0.436021 -0.782267 -0.326133 -0.893951  0.353280
0.474336 -0.782267 -0.326133 -0.893951  0.377109
0.474336 -0.738369 -0.326133 -0.893951  0.453261
0.474336 -0.738369 -0.276529 -0.893951  0.439718
0.474336 -0.738369 -0.276529 -0.838346  0.314528
0.535817 -0.738369 -0.276529 -0.838346  0.361638
0.535817 -0.671064 -0.276529 -0.838346  0.461991
0.535817 -0.671064 -0.203365 -0.838346  0.449256
0.535817 -0.671064 -0.203365 -0.759258  0.297736
0.620828 -0.671064 -0.203365 -0.759258  0.383188
0.620828 -0.580203 -0.203365 -0.759258  0.490070
0.620828 -0.580203 -0.106675 -0.759258  0.482873
0.620828 -0.580203 -0.106675 -0.856601  0.673725
0.529192 -0.580203 -0.106675 -0.856601  0.582638
0.529192 -0.666052 -0.106675 -0.856601  0.482477
0.529192 -0.666052 -0.186714 -0.856601  0.487773
0.529192 -0.666052 -0.186714 -0.931048  0.666310
0.460613 -0.666052 -0.186714 -0.931048  0.615838
0.460613 -0.728693 -0.186714 -0.931048  0.524384
0.460613 -0.728693 -0.243601 -0.931048  0.532331
0.460613 -0.728693 -0.243601 -0.982087  0.672469
0.415422 -0.728693 -0.243601 -0.982087  0.646435
0.415422 -0.768044 -0.243601 -0.982087  0.580304
0.415422 -0.768044 -0.277246 -0.982087  0.587159
0.415422 -0.768044 -0.277246 -1.009890  0.669904
0.393530 -0.768044 -0.277246 -1.009890  0.659157
0.393530 -0.783803 -0.277246 -1.009890  0.630692
0.393530 -0.783803 -0.286768 -1.009890  0.632964
0.393530 -0.783803 -0.286768 -1.013349  0.643584
0.396128 -0.783803 -0.286768 -1.013349  0.644800
0.396128 -0.775077 -0.286768 -1.013349  0.660704
0.396128 -0.775077 -0.272203 -1.013349  0.657290
0.396128 -0.775077 -0.272203 -0.992869  0.595466
0.422504 -0.775077 -0.272203 -0.992869  0.608728
0.422504 -0.742972 -0.272203 -0.992869  0.664225
0.422504 -0.742972 -0.234421 -0.992869  0.656938
0.422504 -0.742972 -0.234421 -0.949333  0.533748
0.471813 -0.742972 -0.234421 -0.949333  0.563357
0.471813 -0.688194 -0.234421 -0.949333  0.647547
0.471813 -0.688194 -0.173975 -0.949333  0.639930
0.471813 -0.688194 -0.173975 -0.883047  0.472935
0.543800 -0.688194 -0.173975 -0.883047  0.528717
0.543800 -0.610292 -0.173975 -0.883047  0.627346
0.543800 -0.610292 -0.090452 -0.883047  0.622821
0.543800 -0.610292 -0.090452 -0.793415  0.433706
0.639498 -0.610292 -0.090452 -0.793415  0.534421
0.639498 -0.708768 -0.090452 -0.793415  0.405676
0.639498 -0.708768 -0.182957 -0.793415  0.411061
0.639498 -0.708768 -0.182957 -0.880156  0.593436
0.558642 -0.708768 -0.182957 -0.880156  0.506250
0.558642 -0.783833 -0.182957 -0.880156  0.380719
0.558642 -0.783833 -0.252291 -0.880156  0.390653
0.558642 -0.783833 -0.252291 -0.943856  0.549664
0.566590 -0.783833 -0.252291 -0.943856  0.557212
0.566590 -0.769472 -0.252291 -0.943856  0.583200
0.566590 -0.769472 -0.232078 -0.943856  0.579641
0.566590 -0.769472 -0.232078 -0.917879  0.512109
0.598396 -0.769472 -0.232078 -0.917879  0.544492
0.598396 -0.732101 -0.232078 -0.917879  0.607700
0.598396 -0.732101 -0.189049 -0.917879  0.601957
0.598396 -0.732101 -0.189049 -0.869168  0.485258
0.652989 -0.732101 -0.189049 -0.869168  0.549417
0.652989 -0.671983 -0.189049 -0.869168  0.638362
0.652989 -0.671983 -0.123499 -0.869168  0.633489
0.652989 -0.671983 -0.123499 -0.797950  0.484947
0.730188 -0.671983 -0.123499 -0.797950  0.595834
0.730188 -0.589182 -0.123499 -0.797950  0.694749
0.730188 -0.589182 -0.035095 -0.797950  0.692909
0.730188 -0.589182 -0.035095 -0.703813  0.533471
0.830125 -0.589182 -0.035095 -0.703813  0.716200
0.830125 -0.683291 -0.035095 -0.703813  0.601705
0.830125 -0.683291 -0.123218 -0.703813  0.603533
0.830125 -0.683291 -0.123218 -0.786291  0.741025
0.753376 -0.683291 -0.123218 -0.786291  0.596577
0.753376 -0.754382 -0.123218 -0.786291  0.486284
0.753376 -0.754382 -0.188644 -0.786291  0.491126
0.753376 -0.754382 -0.188644 -0.846159  0.610835
0.699139 -0.754382 -0.188644 -0.846159  0.524973
0.699139 -0.802795 -0.188644 -0.846159  0.436901
0.699139 -0.802795 -0.231114 -0.846159  0.442532
0.699139 -0.802795 -0.231114 -0.882775  0.524633
0.668394 -0.802795 -0.231114 -0.882775  0.481504
0.668394 -0.827748 -0.231114 -0.882775  0.431744
0.668394 -0.827748 -0.250289 -0.882775  0.435079
0.668394 -0.827748 -0.250289 -0.896273  0.467120
0.660697 -0.827748 -0.250289 -0.896273  0.456923
0.660697 -0.829686 -0.250289 -0.896273  0.452929
0.660697 -0.829686 -0.246422 -0.896273  0.452213
0.660697 -0.829686 -0.246422 -0.886556  0.429050
0.676528 -0.829686 -0.246422 -0.886556  0.450282
0.676528 -0.807994 -0.246422 -0.886556  0.493919
0.676528 -0.807994 -0.218989 -0.886556  0.489457
0.676528 -0.807994 -0.218989 -0.853238  0.413811
0.715642 -0.807994 -0.218989 -0.853238  0.470682
0.715642 -0.762993 -0.218989 -0.853238  0.554001
0.715642 -0.762993 -0.168116 -0.853238  0.548251
0.715642 -0.762993 -0.168116 -0.796360  0.432123
0.778363 -0.762993 -0.168116 -0.796360  0.537183
0.778363 -0.694608 -0.168116 -0.796360  0.646230
0.778363 -0.694608 -0.093825 -0.796360  0.642305
0.778363 -0.694608 -0.093825 -0.716126  0.504518
0.864403 -0.694608 -0.093825 -0.716126  0.678822
0.864403 -0.602976 -0.093825 -0.716126  0.794726
0.864403 -0.602976 0.003713 -0.716126  0.793900
0.864403 -0.602976 0.003713 -0.812479  0.962980
0.773959 -0.602976 0.003713 -0.812479  0.780716
0.773959 -0.687765 0.003713 -0.812479  0.674619
0.773959 -0.687765 -0.075324 -0.812479  0.675047
0.773959 -0.687765 -0.075324 -0.885827  0.833811
0.706325 -0.687765 -0.075324 -0.885827  0.722583
0.706325 -0.749422 -0.075324 -0.885827  0.627009
0.706325 -0.749422 -0.131023 -0.885827  0.628831
0.706325 -0.749422 -0.131023 -0.935862  0.753395
0.662038 -0.749422 -0.131023 -0.935862  0.691180
0.662038 -0.787771 -0.131023 -0.935862  0.623204
0.662038 -0.787771 -0.163527 -0.935862  0.625328
0.662038 -0.787771 -0.163527 -0.962731  0.697972
0.640865 -0.787771 -0.163527 -0.962731  0.671014
0.640865 -0.802981 -0.163527 -0.962731  0.642145
0.640865 -0.802981 -0.172809 -0.962731  0.642932
0.640865 -0.802981 -0.172809 -0.966287  0.652856
0.643186 -0.802981 -0.172809 -0.966287  0.655725
0.643186 -0.794641 -0.172809 -0.966287  0.671691
0.643186 -0.794641 -0.158569 -0.966287  0.670518
0.643186 -0.794641 -0.158569 -0.945952  0.614747
0.669242 -0.794641 -0.158569 -0.945952  0.648412
0.669242 -0.763159 -0.158569 -0.945952  0.705718
0.669242 -0.763159 -0.121551 -0.945952  0.703526
0.669242 -0.763159 -0.121551 -0.903200  0.593870
0.717976 -0.763159 -0.121551 -0.903200  0.664235
0.717976 -0.708531 -0.121551 -0.903200  0.753015
0.717976 -0.708531 -0.061140 -0.903200  0.751448
0.717976 -0.708531 -0.061140 -0.836662  0.600308
0.790534 -0.708531 -0.061140 -0.836662  0.724240
0.790534 -0.629972 -0.061140 -0.836662  0.829920
0.790534 -0.629972 0.023301 -0.836662  0.829679
0.790534 -0.629972 0.023301 -0.746291  0.659661
0.753111 -0.629972 0.023301 -0.746291  0.592767
0.753111 -0.661320 0.023301 -0.746291  0.553557
0.753111 -0.661320 -0.002208 -0.746291  0.553570
0.753111 -0.661320 -0.002208 -0.765591  0.586657
0.740033 -0.661320 -0.002208 -0.765591  0.564790
0.740033 -0.668277 -0.002208 -0.765591  0.555565
0.740033 -0.668277 -0.003355 -0.765591  0.555565
0.740033 -0.668277 -0.003355 -0.761046  0.547622
0.750530 -0.668277 -0.003355 -0.761046  0.565114
0.750530 -0.652026 -0.003355 -0.761046  0.586362
0.750530 -0.652026 0.018645 -0.761046  0.586355
0.750530 -0.652026 0.018645 -0.733032  0.539448
0.784583 -0.652026 0.018645 -0.733032  0.599644
0.784583 -0.612382 0.018645 -0.733032  0.647195
0.784583 -0.612382 0.063791 -0.733032  0.646942
0.784583 -0.612382 0.063791 -0.681862  0.570078
0.841735 -0.612382 0.063791 -0.681862  0.683496
0.841735 -0.549401 0.063791 -0.681862  0.747314
0.841735 -0.549401 0.132549 -0.681862  0.745245
0.841735 -0.549401 0.132549 -0.606950  0.651817
0.922726 -0.549401 0.132549 -0.606950  0.841062
0.922726 -0.462428 0.132549 -0.606950  0.908009
0.922726 -0.462428 0.225228 -0.606950  0.898912
0.922726 -0.462428 0.225228 -0.508338  0.806677
0.827120 -0.462428 0.225228 -0.508338  0.586904
0.827120 -0.551943 0.225228 -0.508338  0.517645
0.827120 -0.551943 0.141680 -0.508338  0.526226
0.827120 -0.551943 0.141680 -0.585800  0.595892
0.755758 -0.551943 0.141680 -0.585800  0.461702
0.755758 -0.617277 0.141680 -0.585800  0.394645
0.755758 -0.617277 0.082289 -0.585800  0.396932
0.755758 -0.617277 0.082289 -0.639498  0.457435
0.707784 -0.617277 0.082289 -0.639498  0.380339
0.707784 -0.659303 0.082289 -0.639498  0.328955
0.707784 -0.659303 0.046234 -0.639498  0.329413
0.707784 -0.659303 0.046234 -0.669656  0.368186
0.683551 -0.659303 0.046234 -0.669656  0.332998
0.683551 -0.677551 0.046234 -0.669656  0.308538
0.683551 -0.677551 0.033883 -0.669656  0.308598
0.683551 -0.677551 0.033883 -0.676316  0.317647
0.682773 -0.677551 0.033883 -0.676316  0.316558
0.682773 -0.672708 0.033883 -0.676316  0.323180
0.682773 -0.672708 0.044436 -0.676316  0.323132
0.682773 -0.672708 0.044436 -0.659904  0.301153
0.705000 -0.672708 0.044436 -0.659904  0.333261
0.705000 -0.644481 0.044436 -0.659904  0.369996
0.705000 -0.644481 0.078819 -0.659904  0.369595
0.705000 -0.644481 0.078819 -0.619459  0.319928
0.751488 -0.644481 0.078819 -0.619459  0.393918
0.751488 -0.592168 0.078819 -0.619459  0.453956
0.751488 -0.592168 0.136928 -0.619459  0.451878
0.751488 -0.592168 0.136928 -0.555383  0.385481
0.821347 -0.592168 0.136928 -0.555383  0.515178
0.821347 -0.516537 0.136928 -0.555383  0.585012
0.821347 -0.516537 0.218180 -0.555383  0.577194
0.821347 -0.516537 0.218180 -0.468316  0.508597
0.914584 -0.516537 0.218180 -0.468316  0.719524
0.914584 -0.417284 0.218180 -0.468316  0.784681
0.914584 -0.417284 0.123348 -0.468316  0.793190
0.914584 -0.417284 0.123348 -0.557235  0.863507
0.831438 -0.417284 0.123348 -0.557235  0.673254
0.831438 -0.494562 0.123348 -0.557235  0.624949
0.831438 -0.494562 0.051838 -0.557235  0.626686
0.831438 -0.494562 0.051838 -0.623001  0.695465
0.771359 -0.494562 0.051838 -0.623001  0.579656
0.771359 -0.548674 0.051838 -0.623001  0.535448
0.771359 -0.548674 0.003708 -0.623001  0.535587
0.771359 -0.548674 0.003708 -0.665378  0.588363
0.734655 -0.548674 0.003708 -0.665378  0.525914
0.734655 -0.579563 0.003708 -0.665378  0.496417
0.734655 -0.579563 -0.021404 -0.665378  0.496427
0.734655 -0.579563 -0.021404 -0.684732  0.522886
0.721051 -0.579563 -0.021404 -0.684732  0.501265
0.721051 -0.587163 -0.021404 -0.684732  0.493506
0.721051 -0.587163 -0.023065 -0.684732  0.493509
0.721051 -0.587163 -0.023065 -0.680696  0.487866
0.730945 -0.587163 -0.023065 -0.680696  0.503511
0.730945 -0.571458 -0.023065 -0.680696  0.519323
0.730945 -0.571458 -0.001660 -0.680696  0.519311
0.730945 -0.571458 -0.001660 -0.653491  0.482985
0.764204 -0.571458 -0.001660 -0.653491  0.538756
0.764204 -0.532338 -0.001660 -0.653491  0.574518
0.764204 -0.532338 0.043214 -0.653491  0.574438
0.764204 -0.532338 0.043214 -0.602535  0.514114
0.821065 -0.532338 0.043214 -0.602535  0.621333
0.821065 -0.603497 0.043214 -0.602535  0.552390
0.821065 -0.603497 -0.021840 -0.602535  0.552481
0.821065 -0.603497 -0.021840 -0.661681  0.623429
0.767930 -0.603497 -0.021840 -0.661681  0.522771
0.767930 -0.650642 -0.021840 -0.661681  0.467130
0.767930 -0.650642 -0.062890 -0.661681  0.467368
0.767930 -0.650642 -0.062890 -0.696754  0.515921
0.738961 -0.650642 -0.062890 -0.696754  0.466580
0.738961 -0.673455 -0.062890 -0.696754  0.436580
0.738961 -0.673455 -0.079720 -0.696754  0.436838
0.738961 -0.673455 -0.079720 -0.707732  0.453079
0.733761 -0.673455 -0.079720 -0.707732  0.444620
0.733761 -0.672730 -0.079720 -0.707732  0.445604
0.733761 -0.672730 -0.073048 -0.707732  0.445487
0.733761 -0.672730 -0.073048 -0.695032  0.426744
0.752358 -0.672730 -0.073048 -0.695032  0.457549
0.752358 -0.648375 -0.073048 -0.695032  0.489433
0.752358 -0.648375 -0.042883 -0.695032  0.489122
0.752358 -0.648375 -0.042883 -0.658838  0.439355
0.794429 -0.648375 -0.042883 -0.658838  0.514866
0.794429 -0.600347 -0.042883 -0.658838  0.571062
0.794429 -0.600347 0.010867 -0.658838  0.570982
0.794429 -0.600347 0.010867 -0.599113  0.500044
0.860044 -0.600347 0.010867 -0.599113  0.634822
0.860044 -0.528986 0.010867 -0.599113  0.703172
0.860044 -0.528986 0.087977 -0.599113  0.702492
0.860044 -0.528986 0.087977 -0.516150  0.624957
0.949074 -0.528986 0.087977 -0.516150  0.843672
0.949074 -0.434114 0.087977 -0.516150  0.909886
0.949074 -0.434114 -0.011359 -0.516150  0.910568
0.949074 -0.434114 -0.011359 -0.609319  0.999282
0.862099 -0.434114 -0.011359 -0.609319  0.785136
0.862099 -0.515235 -0.011359 -0.609319  0.730169
0.862099 -0.515235 -0.086845 -0.609319  0.730823
0.862099 -0.515235 -0.086845 -0.679180  0.817896
0.798128 -0.515235 -0.086845 -0.679180  0.685587
0.798128 -0.573248 -0.086845 -0.679180  0.633988
0.798128 -0.573248 -0.138843 -0.679180  0.636010
0.798128 -0.573248 -0.138843 -0.725187  0.704087
0.757922 -0.573248 -0.138843 -0.725187  0.631058
0.757922 -0.607567 -0.138843 -0.725187  0.595158
0.757922 -0.607567 -0.167347 -0.725187  0.597168
0.757922 -0.607567 -0.167347 -0.748056  0.634399
0.740664 -0.607567 -0.167347 -0.748056  0.605330
0.740664 -0.618891 -0.167347 -0.748056  0.592554
0.740664 -0.618891 -0.172676 -0.748056  0.593016
0.740664 -0.618891 -0.172676 -0.747631  0.592303
0.746942 -0.618891 -0.172676 -0.747631  0.602723
0.746942 -0.606897 -0.172676 -0.747631  0.616239
0.746942 -0.606897 -0.155082 -0.747631  0.614820
0.746942 -0.606897 -0.155082 -0.724154  0.576676
0.776320 -0.606897 -0.155082 -0.724154  0.627807
0.776320 -0.571581 -0.155082 -0.724154  0.664604
0.776320 -0.571581 -0.113779 -0.724154  0.662347
0.776320 -0.571581 -0.113779 -0.676743  0.592537
0.829807 -0.571581 -0.113779 -0.676743  0.696060
0.829807 -0.512102 -0.113779 -0.676743  0.748499
0.829807 -0.512102 -0.048601 -0.676743  0.747141
0.829807 -0.512102 -0.048601 -0.605602  0.659312
0.907053 -0.512102 -0.048601 -0.605602  0.834197
0.907053 -0.428998 -0.048601 -0.605602  0.889542
0.907053 -0.428998 0.040323 -0.605602  0.889362
0.907053 -0.428998 0.040323 -0.510891  0.800603
0.807707 -0.428998 0.040323 -0.510891  0.581270
0.807707 -0.522386 0.040323 -0.510891  0.517670
0.807707 -0.522386 -0.047079 -0.510891  0.517840
0.807707 -0.522386 -0.047079 -0.592425  0.592415
0.732063 -0.522386 -0.047079 -0.592425  0.457798
0.732063 -0.592130 -0.047079 -0.592425  0.392740
0.732063 -0.592130 -0.110727 -0.592425  0.393993
0.732063 -0.592130 -0.110727 -0.650144  0.460879
0.680154 -0.592130 -0.110727 -0.650144  0.383201
0.680154 -0.638123 -0.110727 -0.650144  0.330967
0.680154 -0.638123 -0.151001 -0.650144  0.333053
0.680154 -0.638123 -0.151001 -0.684650  0.379172
0.651478 -0.638123 -0.151001 -0.684650  0.341028
0.651478 -0.660656 -0.151001 -0.684650  0.312518
0.651478 -0.660656 -0.167516 -0.684650  0.313776
0.651478 -0.660656 -0.167516 -0.695226  0.328879
0.646693 -0.660656 -0.167516 -0.695226  0.322832
0.646693 -0.659441 -0.167516 -0.695226  0.324420
0.646693 -0.659441 -0.160385 -0.695226  0.323845
0.646693 -0.659441 -0.160385 -0.682271  0.305408
0.665288 -0.659441 -0.160385 -0.682271  0.329414
0.665288 -0.569867 -0.160385 -0.682271  0.431117
0.665288 -0.569867 -0.064864 -0.682271  0.427264
0.665288 -0.569867 -0.064864 -0.780935  0.585931
0.572525 -0.569867 -0.064864 -0.780935  0.479135
0.572525 -0.656682 -0.064864 -0.780935  0.381017
0.572525 -0.656682 -0.145698 -0.780935  0.383837
0.572525 -0.656682 -0.145698 -0.856119  0.535061
0.503099 -0.656682 -0.145698 -0.856119  0.474735
0.503099 -0.720354 -0.145698 -0.856119  0.384118
0.503099 -0.720354 -0.203669 -0.856119  0.389473
0.503099 -0.720354 -0.203669 -0.908351  0.511470
0.456531 -0.720354 -0.203669 -0.908351  0.479282
0.456531 -0.761245 -0.203669 -0.908351  0.411944
0.456531 -0.761245 -0.239004 -0.908351  0.417148
0.456531 -0.761245 -0.239004 -0.938119  0.493274
0.432559 -0.761245 -0.239004 -0.938119  0.479059
0.432559 -0.779619 -0.239004 -0.938119  0.446338
0.432559 -0.779619 -0.251678 -0.938119  0.448627
0.432559 -0.779619 -0.251678 -0.945132  0.467283
0.431375 -0.779619 -0.251678 -0.945132  0.466620
0.431375 -0.774699 -0.251678 -0.945132  0.475535
0.431375 -0.774699 -0.241085 -0.945132  0.473605
0.431375 -0.774699 -0.241085 -0.928692  0.430310
0.453532 -0.774699 -0.241085 -0.928692  0.443325
0.453532 -0.746860 -0.241085 -0.928692  0.491669
0.453532 -0.746860 -0.207407 -0.928692  0.486578
0.453532 -0.746860 -0.207407 -0.889147  0.388553
0.498950 -0.746860 -0.207407 -0.889147  0.419480
0.498950 -0.695542 -0.207407 -0.889147  0.499590
0.498950 -0.695542 -0.150340 -0.889147  0.494066
0.498950 -0.695542 -0.150340 -0.826174  0.355038
0.568032 -0.695542 -0.150340 -0.826174  0.414106
0.568032 -0.620722 -0.150340 -0.826174  0.511433
0.568032 -0.620722 -0.069737 -0.826174  0.508374
0.568032 -0.620722 -0.069737 -0.739722  0.349226
0.660304 -0.620722 -0.069737 -0.739722  0.453838
0.660304 -0.522668 -0.069737 -0.739722  0.550216
0.660304 -0.522668 -0.165920 -0.739722  0.554444
0.660304 -0.522668 -0.165920 -0.830147  0.721769
0.575746 -0.522668 -0.165920 -0.830147  0.624726
0.575746 -0.601074 -0.165920 -0.830147  0.550348
0.575746 -0.601074 -0.238301 -0.830147  0.559312
0.575746 -0.601074 -0.238301 -0.896728  0.708298
0.514881 -0.601074 -0.238301 -0.896728  0.653944
0.514881 -0.656120 -0.238301 -0.896728  0.588650
0.514881 -0.656120 -0.287341 -0.896728  0.598842
0.514881 -0.656120 -0.287341 -0.940044  0.708464
0.477494 -0.656120 -0.287341 -0.940044  0.680837
0.477494 -0.687696 -0.287341 -0.940044  0.638063
0.477494 -0.687696 -0.313253 -0.940044  0.645077
0.477494 -0.687696 -0.313253 -0.960189  0.699635
0.463117 -0.687696 -0.313253 -0.960189  0.690095
0.463117 -0.696135 -0.313253 -0.960189  0.677975
0.463117 -0.696135 -0.315871 -0.960189  0.678752
0.463117 -0.696135 -0.315871 -0.956981  0.669911
0.472348 -0.696135 -0.315871 -0.956981  0.675969
0.472348 -0.681164 -0.315871 -0.956981  0.697269
0.472348 -0.681164 -0.295247 -0.956981  0.691490
0.472348 -0.681164 -0.295247 -0.930556  0.620875
0.504611 -0.681164 -0.295247 -0.930556  0.643979
0.504611 -0.643147 -0.295247 -0.930556  0.693999
0.504611 -0.643147 -0.251595 -0.930556  0.684187
0.504611 -0.643147 -0.251595 -0.880913  0.561983
0.560321 -0.643147 -0.251595 -0.880913  0.609410
0.560321 -0.581541 -0.251595 -0.880913  0.678769
0.560321 -0.581541 -0.184293 -0.880913  0.669103
0.560321 -0.581541 -0.184293 -0.807810  0.512649
0.639439 -0.581541 -0.184293 -0.807810  0.598187
0.639439 -0.496390 -0.184293 -0.807810  0.672546
0.639439 -0.496390 -0.093298 -0.807810  0.667099
0.639439 -0.496390 -0.093298 -0.710716  0.498951
0.542577 -0.496390 -0.093298 -0.710716  0.397225
0.542577 -0.587314 -0.093298 -0.710716  0.316950
0.542577 -0.587314 -0.178340 -0.710716  0.321810
0.542577 -0.587314 -0.178340 -0.790020  0.455891
0.469051 -0.587314 -0.178340 -0.790020  0.399357
0.469051 -0.654716 -0.178340 -0.790020  0.321297
0.469051 -0.654716 -0.239685 -0.790020  0.329395
0.469051 -0.654716 -0.239685 -0.845477  0.440693
0.419469 -0.654716 -0.239685 -0.845477  0.411306
0.419469 -0.698312 -0.239685 -0.845477  0.351427
0.419469 -0.698312 -0.277485 -0.845477  0.359023
0.419469 -0.698312 -0.277485 -0.877542  0.430426
0.456964 -0.698312 -0.277485 -0.877542  0.452040
0.456964 -0.653204 -0.277485 -0.877542  0.513859
0.456964 -0.653204 -0.226751 -0.877542  0.504152
0.456964 -0.653204 -0.226751 -0.820861  0.381480
0.519588 -0.653204 -0.226751 -0.820861  0.426333
0.519588 -0.584835 -0.226751 -0.820861  0.505007
0.519588 -0.584835 -0.152401 -0.820861  0.496888
0.519588 -0.584835 -0.152401 -0.740828  0.350369
0.605426 -0.584835 -0.152401 -0.740828  0.432008
0.605426 -0.493428 -0.152401 -0.740828  0.511904
0.605426 -0.493428 -0.055108 -0.740828  0.508532
0.605426 -0.493428 -0.055108 -0.837558  0.689496
0.514521 -0.493428 -0.055108 -0.837558  0.603792
0.514521 -0.578233 -0.055108 -0.837558  0.530593
0.514521 -0.578233 -0.134104 -0.837558  0.532838
0.514521 -0.578233 -0.134104 -0.910843  0.700955
0.446948 -0.578233 -0.134104 -0.910843  0.654028
0.446948 -0.640120 -0.134104 -0.910843  0.585071
0.446948 -0.640120 -0.190103 -0.910843  0.589530
0.446948 -0.640120 -0.190103 -0.960995  0.721352
0.402459 -0.640120 -0.190103 -0.960995  0.697256
0.402459 -0.678670 -0.190103 -0.960995  0.646957
0.402459 -0.678670 -0.222766 -0.960995  0.651142
0.402459 -0.678670 -0.222766 -0.987967  0.727985
0.381251 -0.678670 -0.222766 -0.987967  0.718213
0.381251 -0.694054 -0.222766 -0.987967  0.696470
0.381251 -0.694054 -0.232179 -0.987967  0.697931
0.381251 -0.694054 -0.232179 -0.991630  0.708698
0.383612 -0.694054 -0.232179 -0.991630  0.709734
0.383612 -0.685688 -0.232179 -0.991630  0.721679
0.383612 -0.685688 -0.218021 -0.991630  0.719526
0.383612 -0.685688 -0.218021 -0.971424  0.661126
0.409722 -0.685688 -0.218021 -0.971424  0.673455
0.409722 -0.653866 -0.218021 -0.971424  0.716288
0.409722 -0.653866 -0.180399 -0.971424  0.711796
0.409722 -0.653866 -0.180399 -0.928092  0.594513
0.458823 -0.653866 -0.180399 -0.928092  0.622322
0.458823 -0.598988 -0.180399 -0.928092  0.686968
0.458823 -0.598988 -0.119867 -0.928092  0.682819
0.458823 -0.598988 -0.119867 -0.861635  0.523095
0.531143 -0.598988 -0.119867 -0.861635  0.576346
0.531143 -0.520902 -0.119867 -0.861635  0.649915
0.531143 -0.520902 -0.035931 -0.861635  0.648239
0.531143 -0.520902 -0.035931 -0.771719  0.468144
0.626917 -0.520902 -0.035931 -0.771719  0.564696
0.626917 -0.619454 -0.035931 -0.771719  0.468338
0.626917 -0.619454 -0.128745 -0.771719  0.470425
0.626917 -0.619454 -0.128745 -0.859049  0.644777
0.545335 -0.619454 -0.128745 -0.859049  0.560561
0.545335 -0.695139 -0.128745 -0.859049  0.462357
0.545335 -0.695139 -0.198549 -0.859049  0.468050
0.545335 -0.695139 -0.198549 -0.922842  0.620029
0.487380 -0.695139 -0.198549 -0.922842  0.573624
0.487380 -0.747108 -0.198549 -0.922842  0.492514
0.487380 -0.747108 -0.244598 -0.922842  0.499320
0.487380 -0.747108 -0.244598 -0.962830  0.605975
0.453355 -0.747108 -0.244598 -0.962830  0.583381
0.453355 -0.775047 -0.244598 -0.962830  0.534825
0.453355 -0.775047 -0.266741 -0.962830  0.539170
0.453355 -0.775047 -0.266741 -0.979267  0.585670
0.442557 -0.775047 -0.266741 -0.979267  0.579170
0.442557 -0.779925 -0.266741 -0.979267  0.570324
0.442557 -0.779925 -0.265823 -0.979267  0.570128
0.442557 -0.779925 -0.265823 -0.972738  0.551468
0.454944 -0.779925 -0.265823 -0.972738  0.558952
0.454944 -0.761860 -0.265823 -0.972738  0.591161
0.454944 -0.761860 -0.241730 -0.972738  0.586503
0.454944 -0.761860 -0.241730 -0.942619  0.503627
0.490810 -0.761860 -0.241730 -0.942619  0.527699
0.490810 -0.720050 -0.241730 -0.942619  0.596579
0.490810 -0.720050 -0.193905 -0.942619  0.589745
0.490810 -0.720050 -0.193905 -0.888919  0.454600
0.550655 -0.720050 -0.193905 -0.888919  0.503337
0.550655 -0.654325 -0.193905 -0.888919  0.596519
0.550655 -0.654325 -0.122227 -0.888919  0.591055
0.550655 -0.654325 -0.122227 -0.811221  0.422499
0.634261 -0.654325 -0.122227 -0.811221  0.510685
0.634261 -0.564850 -0.122227 -0.811221  0.610610
0.634261 -0.564850 -0.026785 -0.811221  0.608803
0.634261 -0.564850 -0.026785 -0.909836  0.828119
0.541520 -0.564850 -0.026785 -0.909836  0.731760
0.541520 -0.651445 -0.026785 -0.909836  0.635518
0.541520 -0.651445 -0.107266 -0.909836  0.636733
0.541520 -0.651445 -0.107266 -0.984602  0.838084
0.498766 -0.651445 -0.107266 -0.984602  0.803363
0.498766 -0.688265 -0.107266 -0.984602  0.753788
0.498766 -0.688265 -0.138304 -0.984602  0.755199
0.498766 -0.688265 -0.138304 -1.009815  0.830420
0.479824 -0.688265 -0.138304 -1.009815  0.816813
0.479824 -0.701041 -0.138304 -1.009815  0.798317
0.479824 -0.701041 -0.145132 -1.009815  0.798728
0.479824 -0.701041 -0.145132 -1.010756  0.801612
0.484702 -0.701041 -0.145132 -1.010756  0.805015
0.484702 -0.690253 -0.145132 -1.010756  0.820678
0.484702 -0.690253 -0.128681 -1.010756  0.819752
0.484702 -0.690253 -0.128681 -0.988471  0.752945
0.512993 -0.690253 -0.128681 -0.988471  0.774071
0.512993 -0.655999 -0.128681 -0.988471  0.820642
0.512993 -0.655999 -0.088631 -0.988471  0.819207
0.512993 -0.655999 -0.088631 -0.942506  0.690642
0.564735 -0.655999 -0.088631 -0.942506  0.735751
0.564735 -0.598585 -0.088631 -0.942506  0.803575
0.564735 -0.598585 -0.025534 -0.942506  0.802896
0.564735 -0.598585 -0.025534 -0.873594  0.632349
0.639663 -0.598585 -0.025534 -0.873594  0.713970
0.639663 -0.517861 -0.025534 -0.873594  0.789565
0.639663 -0.517861 0.060890 -0.873594  0.789322
0.639663 -0.517861 0.060890 -0.781189  0.599350
0.738097 -0.517861 0.060890 -0.781189  0.739726
0.738097 -0.613707 0.060890 -0.781189  0.647462
0.738097 -0.613707 -0.029240 -0.781189  0.647712
0.738097 -0.613707 -0.029240 -0.865694  0.819759
0.659427 -0.613707 -0.029240 -0.865694  0.704400
0.659427 -0.686273 -0.029240 -0.865694  0.612330
0.659427 -0.686273 -0.095825 -0.865694  0.613185
0.659427 -0.686273 -0.095825 -0.926576  0.759918
0.604151 -0.686273 -0.095825 -0.926576  0.693685
0.604151 -0.735687 -0.095825 -0.926576  0.618720
0.604151 -0.735687 -0.139267 -0.926576  0.620541
0.604151 -0.735687 -0.139267 -0.964398  0.721985
0.572292 -0.735687 -0.139267 -0.964398  0.688907
0.572292 -0.761622 -0.139267 -0.964398  0.645295
0.572292 -0.761622 -0.159485 -0.964398  0.646650
0.572292 -0.761622 -0.159485 -0.978901  0.687729
0.563414 -0.761622 -0.159485 -0.978901  0.679141
0.563414 -0.764617 -0.159485 -0.978901  0.673908
0.563414 -0.764617 -0.156439 -0.978901  0.673680
0.563414 -0.764617 -0.156439 -0.969996  0.648312
0.578124 -0.764617 -0.156439 -0.969996  0.662690
0.578124 -0.744049 -0.156439 -0.969996  0.697803
0.578124 -0.744049 -0.130012 -0.969996  0.696172
0.578124 -0.744049 -0.130012 -0.937749  0.608143
0.616058 -0.744049 -0.130012 -0.937749  0.648728
0.616058 -0.700362 -0.130012 -0.937749  0.717108
0.616058 -0.700362 -0.080737 -0.937749  0.715436
0.616058 -0.700362 -0.080737 -0.882783  0.578762
0.676863 -0.700362 -0.080737 -0.882783  0.655051
0.676863 -0.633808 -0.080737 -0.882783  0.743975
0.676863 -0.633808 -0.008240 -0.882783  0.743449
0.676863 -0.633808 -0.008240 -0.804370  0.575928
0.761313 -0.633808 -0.008240 -0.804370  0.707083
0.761313 -0.543651 -0.008240 -0.804370  0.801012
0.761313 -0.543651 0.087613 -0.804370  0.800339
0.761313 -0.543651 0.087613 -0.902569  1.015163
0.669134 -0.543651 0.087613 -0.902569  0.873506
0.669134 -0.629769 0.087613 -0.902569  0.784414
0.669134 -0.629769 0.007511 -0.902569  0.785086
0.669134 -0.629769 0.007511 -0.976710  0.981569
0.601182 -0.629769 0.007511 -0.976710  0.899251
0.601182 -0.691899 0.007511 -0.976710  0.817793
0.601182 -0.691899 -0.048877 -0.976710  0.817910
0.601182 -0.691899 -0.048877 -1.027229  0.970098
0.556753 -0.691899 -0.048877 -1.027229  0.925398
0.556753 -0.730438 -0.048877 -1.027229  0.866910
0.556753 -0.730438 -0.081419 -1.027229  0.867333
0.556753 -0.730438 -0.081419 -1.054033  0.954415
0.535827 -0.730438 -0.081419 -1.054033  0.935678
0.535827 -0.745502 -0.081419 -1.054033  0.911065
0.535827 -0.745502 -0.090624 -1.054033  0.911270
0.535827 -0.745502 -0.090624 -1.057285  0.922144
0.538408 -0.745502 -0.090624 -1.057285  0.924378
0.538408 -0.736973 -0.090624 -1.057285  0.938437
0.538408 -0.736973 -0.076090 -1.057285  0.938133
0.538408 -0.736973 -0.076090 -1.036608  0.870138
0.565375 -0.736973 -0.076090 -1.036608  0.894784
0.565375 -0.704310 -0.076090 -1.036608  0.945680
0.565375 -0.704310 -0.037494 -1.036608  0.945292
0.565375 -0.704310 -0.037494 -0.991850  0.807149
0.642520 -0.704310 -0.037494 -0.991850  0.891680
0.642520 -0.620804 -0.037494 -0.991850  1.001798
0.642520 -0.620804 0.052392 -0.991850  1.001602
0.642520 -0.620804 0.052392 -0.895495  0.743960
0.544856 -0.620804 0.052392 -0.895495  0.640457
0.544856 -0.712714 0.052392 -0.895495  0.517683
0.544856 -0.712714 -0.034002 -0.895495  0.517866
0.544856 -0.712714 -0.034002 -0.976362  0.730507
0.469823 -0.712714 -0.034002 -0.976362  0.672463
0.469823 -0.782023 -0.034002 -0.976362  0.556240
0.469823 -0.782023 -0.097291 -0.976362  0.557121
0.469823 -0.782023 -0.097291 -1.033860  0.731429
0.418250 -0.782023 -0.097291 -1.033860  0.700889
0.418250 -0.827487 -0.097291 -1.033860  0.612534
0.418250 -0.827487 -0.136589 -1.033860  0.614162
0.418250 -0.827487 -0.136589 -1.067095  0.724198
0.390990 -0.827487 -0.136589 -1.067095  0.710804
0.390990 -0.848570 -0.136589 -1.067095  0.666383
0.390990 -0.848570 -0.151511 -1.067095  0.667313
0.390990 -0.848570 -0.151511 -1.075945  0.697797
0.388126 -0.848570 -0.151511 -1.075945  0.696493
0.388126 -0.845486 -0.151511 -1.075945  0.703130
0.388126 -0.845486 -0.142575 -1.075945  0.702550
0.388126 -0.845486 -0.142575 -1.061155  0.651887
0.408778 -0.845486 -0.142575 -1.061155  0.661726
0.408778 -0.818882 -0.142575 -1.061155  0.717004
0.408778 -0.818882 -0.110368 -1.061155  0.715450
0.408778 -0.818882 -0.110368 -1.023176  0.591687
0.452672 -0.818882 -0.110368 -1.023176  0.616139
0.452672 -0.769186 -0.110368 -1.023176  0.710167
0.452672 -0.769186 -0.054895 -1.023176  0.708988
0.452672 -0.769186 -0.054895 -0.961698  0.527277
0.520316 -0.769186 -0.054895 -0.961698  0.575383
0.520316 -0.695513 -0.054895 -0.961698  0.694022
0.520316 -0.695513 0.024669 -0.961698  0.693842
0.520316 -0.695513 0.024669 -0.876059  0.476760
0.612036 -0.695513 0.024669 -0.876059  0.565157
0.612036 -0.598125 0.024669 -0.876059  0.687622
0.612036 -0.598125 -0.072326 -0.876059  0.688015
0.612036 -0.598125 -0.072326 -0.967397  0.921002
0.526667 -0.598125 -0.072326 -0.967397  0.837826
0.526667 -0.677509 -0.072326 -0.967397  0.740819
0.526667 -0.677509 -0.145638 -0.967397  0.743530
0.526667 -0.677509 -0.145638 -1.034837  0.946380
0.465189 -0.677509 -0.145638 -1.034837  0.900961
0.465189 -0.733076 -0.145638 -1.034837  0.817994
0.465189 -0.733076 -0.195363 -1.034837  0.822361
0.465189 -0.733076 -0.195363 -1.078646  0.969148
0.427442 -0.733076 -0.195363 -1.078646  0.946577
0.427442 -0.764938 -0.195363 -1.078646  0.892945
0.427442 -0.764938 -0.221171 -1.078646  0.896308
0.427442 -0.764938 -0.221171 -1.098715  0.967668
0.413097 -0.764938 -0.221171 -1.098715  0.960066
0.413097 -0.773316 -0.221171 -1.098715  0.945198
0.413097 -0.773316 -0.223601 -1.098715  0.945559
0.413097 -0.773316 -0.223601 -1.095524  0.934035
0.422350 -0.773316 -0.223601 -1.095524  0.938880
0.422350 -0.758005 -0.223601 -1.095524  0.965808
0.422350 -0.758005 -0.202218 -1.095524  0.962898
0.422350 -0.758005 -0.202218 -1.068237  0.867078
0.455643 -0.758005 -0.202218 -1.068237  0.886335
0.455643 -0.718850 -0.202218 -1.068237  0.950401
0.455643 -0.718850 -0.157220 -1.068237  0.946018
0.455643 -0.718850 -0.157220 -1.016962  0.778775
0.513193 -0.718850 -0.157220 -1.016962  0.819337
0.513193 -0.655144 -0.157220 -1.016962  0.909602
0.513193 -0.655144 -0.087657 -1.016962  0.906390
0.513193 -0.655144 -0.087657 -0.941484  0.689158
0.594587 -0.655144 -0.087657 -0.941484  0.764206
0.594587 -0.567930 -0.087657 -0.941484  0.862220
0.594587 -0.567930 0.005358 -0.941484  0.861546
0.594587 -0.567930 0.005358 -0.842194  0.624384
0.499976 -0.567930 0.005358 -0.842194  0.539160
0.499976 -0.656299 0.005358 -0.842194  0.439656
0.499976 -0.656299 -0.077143 -0.842194  0.440116
0.499976 -0.656299 -0.077143 -0.918912  0.618684
0.428931 -0.656299 -0.077143 -0.918912  0.572617
0.428931 -0.721567 -0.077143 -0.918912  0.479613
0.428931 -0.721567 -0.136572 -0.918912  0.481702
0.428931 -0.721567 -0.136572 -0.972716  0.626134
0.380753 -0.721567 -0.136572 -0.972716  0.602417
0.380753 -0.763678 -0.136572 -0.972716  0.532727
0.380753 -0.763678 -0.172518 -0.972716  0.535314
0.380753 -0.763678 -0.172518 -1.002865  0.623574
0.380813 -0.763678 -0.172518 -1.002865  0.623600
0.380813 -0.757674 -0.172518 -1.002865  0.634022
0.380813 -0.757674 -0.160723 -1.002865  0.633039
0.380813 -0.757674 -0.160723 -0.985141  0.580500
0.404590 -0.757674 -0.160723 -0.985141  0.591504
0.404590 -0.728077 -0.160723 -0.985141  0.640511
0.404590 -0.728077 -0.125453 -0.985141  0.638334
0.404590 -0.728077 -0.125453 -0.944019  0.523535
0.451686 -0.728077 -0.125453 -0.944019  0.549459
0.451686 -0.675234 -0.125453 -0.944019  0.627543
0.451686 -0.675234 -0.066903 -0.944019  0.625868
0.451686 -0.675234 -0.066903 -0.879397  0.464657
0.522293 -0.675234 -0.066903 -0.879397  0.514981
0.522293 -0.598698 -0.066903 -0.879397  0.608251
0.522293 -0.598698 0.015458 -0.879397  0.607948
0.522293 -0.598698 0.015458 -0.791027  0.422841
0.616929 -0.598698 0.015458 -0.791027  0.515168
0.616929 -0.698051 0.015458 -0.791027  0.389621
0.616929 -0.698051 -0.077815 -0.791027  0.390096
0.616929 -0.698051 -0.077815 -0.878457  0.573024
0.535267 -0.698051 -0.077815 -0.878457  0.491580
0.535267 -0.773519 -0.077815 -0.878457  0.368903
0.535267 -0.773519 -0.147215 -0.878457  0.371622
0.535267 -0.773519 -0.147215 -0.942023  0.529689
0.477478 -0.773519 -0.147215 -0.942023  0.485187
0.477478 -0.825431 -0.147215 -0.942023  0.385612
0.477478 -0.825431 -0.193422 -0.942023  0.389658
0.477478 -0.825431 -0.193422 -0.982576  0.502332
0.442812 -0.825431 -0.193422 -0.982576  0.480302
0.442812 -0.854111 -0.193422 -0.982576  0.419619
0.442812 -0.854111 -0.216067 -0.982576  0.422470
0.442812 -0.854111 -0.216067 -0.999388  0.472002
0.431682 -0.854111 -0.216067 -0.999388  0.465618
0.431682 -0.859506 -0.216067 -0.999388  0.453736
0.431682 -0.859506 -0.215610 -0.999388  0.453672
0.431682 -0.859506 -0.215610 -0.992877  0.434291
0.444283 -0.859506 -0.215610 -0.992877  0.441544
0.444283 -0.840924 -0.215610 -0.992877  0.481842
0.444283 -0.840924 -0.191089 -0.992877  0.478796
0.444283 -0.840924 -0.191089 -0.962475  0.391607
0.480625 -0.840924 -0.191089 -0.962475  0.414936
0.480625 -0.798853 -0.191089 -0.962475  0.499796
0.480625 -0.798853 -0.143232 -0.962475  0.495757
0.480625 -0.798853 -0.143232 -0.908688  0.354478
0.540483 -0.798853 -0.143232 -0.908688  0.401340
0.540483 -0.733089 -0.143232 -0.908688  0.517165
0.540483 -0.733089 -0.071828 -0.908688  0.514597
0.540483 -0.733089 -0.071828 -0.831336  0.338834
0.623687 -0.733089 -0.071828 -0.831336  0.423553
0.623687 -0.644297 -0.071828 -0.831336  0.550070
0.623687 -0.644297 0.022627 -0.831336  0.549687
0.623687 -0.644297 0.022627 -0.931010  0.782114
0.529854 -0.644297 0.022627 -0.931010  0.688262
0.529854 -0.731955 0.022627 -0.931010  0.563571
0.529854 -0.731955 -0.058840 -0.931010  0.563786
0.529854 -0.731955 -0.058840 -1.006239  0.775642
0.460865 -0.731955 -0.058840 -1.006239  0.724774
0.460865 -0.794683 -0.058840 -1.006239  0.615066
0.460865 -0.794683 -0.115464 -1.006239  0.616401
0.460865 -0.794683 -0.115464 -1.056966  0.778386
0.415943 -0.794683 -0.115464 -1.056966  0.752462
0.415943 -0.833704 -0.115464 -1.056966  0.674846
0.415943 -0.833704 -0.148608 -1.056966  0.676588
0.415943 -0.833704 -0.148608 -1.084299  0.770584
0.394354 -0.833704 -0.148608 -1.084299  0.759950
0.394354 -0.849135 -0.148608 -1.084299  0.727172
0.394354 -0.849135 -0.157912 -1.084299  0.727828
0.394354 -0.849135 -0.157912 -1.087741  0.740006
0.396723 -0.849135 -0.157912 -1.087741  0.741118
0.396723 -0.841165 -0.157912 -1.087741  0.758198
0.396723 -0.841165 -0.144458 -1.087741  0.757275
0.396723 -0.841165 -0.144458 -1.068580  0.690453
0.421827 -0.841165 -0.144458 -1.068580  0.703073
0.421827 -0.810350 -0.144458 -1.068580  0.766115
0.421827 -0.810350 -0.107733 -1.068580  0.764350
0.421827 -0.810350 -0.107733 -1.025666  0.623170
0.470864 -0.810350 -0.107733 -1.025666  0.652507
0.470864 -0.755160 -0.107733 -1.025666  0.753996
0.470864 -0.755160 -0.046581 -1.025666  0.752846
0.470864 -0.755160 -0.046581 -0.958390  0.554148
0.544211 -0.755160 -0.046581 -0.958390  0.610928
0.544211 -0.675960 -0.046581 -0.958390  0.732710
0.544211 -0.675960 0.038530 -0.958390  0.732552
0.544211 -0.675960 0.038530 -1.044465  0.991672
0.466068 -0.675960 0.038530 -1.044465  0.931734
0.466068 -0.747861 0.038530 -1.044465  0.822320
0.466068 -0.747861 -0.027101 -1.044465  0.822397
0.466068 -0.747861 -0.027101 -1.104152  1.029111
0.412533 -0.747861 -0.027101 -1.104152  0.998078
0.412533 -0.795016 -0.027101 -1.104152  0.913863
0.412533 -0.795016 -0.068062 -1.104152  0.914158
0.412533 -0.795016 -0.068062 -1.139070  1.045951
0.383808 -0.795016 -0.068062 -1.139070  1.032283
0.383808 -0.817375 -0.068062 -1.139070  0.988685
0.383808 -0.817375 -0.084202 -1.139070  0.988967
0.383808 -0.817375 -0.084202 -1.149436  1.029687
0.379532 -0.817375 -0.084202 -1.149436  1.027818
0.379532 -0.815632 -0.084202 -1.149436  1.031303
0.379532 -0.815632 -0.076450 -1.149436  1.031152
0.379532 -0.815632 -0.076450 -1.135424  0.976287
0.399707 -0.815632 -0.076450 -1.135424  0.985477
0.399707 -0.789547 -0.076450 -1.135424  1.035890
0.399707 -0.789547 -0.044143 -1.135424  1.035529
0.399707 -0.789547 -0.044143 -1.097249  0.892792
0.444120 -0.789547 -0.044143 -1.097249  0.916532
0.444120 -0.739162 -0.044143 -1.097249  1.004873
0.444120 -0.739162 0.012014 -1.097249  1.004786
0.444120 -0.739162 0.012014 -1.034816  0.791875
0.512747 -0.739162 0.012014 -1.034816  0.839081
0.512747 -0.664644 0.012014 -1.034816  0.949323
0.512747 -0.664644 0.092314 -1.034816  0.948538
0.512747 -0.664644 0.092314 -0.948521  0.693788
0.604915 -0.664644 0.092314 -0.948521  0.780333
0.604915 -0.566652 0.092314 -0.948521  0.891992
0.604915 -0.566652 -0.003783 -0.948521  0.892779
0.604915 -0.566652 -0.003783 -1.038665  1.159941
0.520856 -0.566652 -0.003783 -1.038665  1.079893
0.520856 -0.644550 -0.003783 -1.038665  0.994068
0.520856 -0.644550 -0.075319 -1.038665  0.994495
0.520856 -0.644550 -0.075319 -1.104146  1.220062
0.461529 -0.644550 -0.075319 -1.104146  1.177068
0.461529 -0.697735 -0.075319 -1.104146  1.105162
0.461529 -0.697735 -0.122462 -1.104146  1.106571
0.461529 -0.697735 -0.122462 -1.145521  1.263638
0.426106 -0.697735 -0.122462 -1.145521  1.242695
0.426106 -0.726952 -0.122462 -1.145521  1.198211
0.426106 -0.726952 -0.145542 -1.145521  1.199457
0.426106 -0.726952 -0.145542 -1.162595  1.267679
0.414847 -0.726952 -0.145542 -1.162595  1.261707
0.414847 -0.732429 -0.145542 -1.162595  1.252958
0.414847 -0.732429 -0.145237 -1.162595  1.252939
0.414847 -0.732429 -0.145237 -1.156423  1.228046
0.426915 -0.732429 -0.145237 -1.156423  1.234460
0.426915 -0.714215 -0.145237 -1.156423  1.263051
0.426915 -0.714215 -0.121273 -1.156423  1.261771
0.426915 -0.714215 -0.121273 -1.126583  1.145117
0.462732 -0.714215 -0.121273 -1.126583  1.166389
0.462732 -0.672397 -0.121273 -1.126583  1.226709
0.462732 -0.672397 -0.073479 -1.126583  1.225322
0.462732 -0.672397 -0.073479 -1.072666  1.029697
0.522749 -0.672397 -0.073479 -1.072666  1.073466
0.522749 -0.606483 -0.073479 -1.072666  1.154391
0.522749 -0.606483 -0.001533 -1.072666  1.153994
0.522749 -0.606483 -0.001533 -0.994525  0.903435
0.606932 -0.606483 -0.001533 -0.994525  0.984159
0.606932 -0.516465 -0.001533 -0.994525  1.069477
0.606932 -0.516465 0.094328 -0.994525  1.068638
0.606932 -0.516465 0.094328 -1.092691  1.389619
0.514685 -0.516465 0.094328 -1.092691  1.302386
0.514685 -0.602740 0.094328 -1.092691  1.221173
0.514685 -0.602740 0.014083 -1.092691  1.222010
0.514685 -0.602740 0.014083 -1.166510  1.504688
0.447041 -0.602740 0.014083 -1.166510  1.457687
0.447041 -0.664289 0.014083 -1.166510  1.383523
0.447041 -0.664289 -0.041413 -1.166510  1.383597
0.447041 -0.664289 -0.041413 -1.216125  1.594874
0.403257 -0.664289 -0.041413 -1.216125  1.571110
0.403257 -0.701884 -0.041413 -1.216125  1.518470
0.403257 -0.701884 -0.072946 -1.216125  1.518788
0.403257 -0.701884 -0.072946 -1.241724  1.634775
0.383886 -0.701884 -0.072946 -1.241724  1.625771
0.383886 -0.714942 -0.072946 -1.241724  1.606111
0.383886 -0.714942 -0.079848 -1.241724  1.606232
0.383886 -0.714942 -0.079848 -1.242634  1.610444
0.389364 -0.714942 -0.079848 -1.242634  1.612901
0.389364 -0.703610 -0.079848 -1.242634  1.630004
0.389364 -0.703610 -0.062757 -1.242634  1.629742
0.389364 -0.703610 -0.062757 -1.196102  1.422157
0.443774 -0.703610 -0.062757 -1.196102  1.450523
0.443774 -0.643308 -0.062757 -1.196102  1.532627
0.443774 -0.643308 0.003297 -1.196102  1.532380
0.443774 -0.643308 0.003297 -1.123743  1.240225
0.521981 -0.643308 0.003297 -1.123743  1.295051
0.521981 -0.559476 0.003297 -1.123743  1.386158
0.521981 -0.559476 0.092816 -1.123743  1.385359
0.521981 -0.559476 0.092816 -1.028166  1.053199
0.423763 -0.559476 0.092816 -1.028166  0.987075
0.423763 -0.651424 0.092816 -1.028166  0.885765
0.423763 -0.651424 0.006924 -1.028166  0.886564
0.423763 -0.651424 0.006924 -1.107940  1.159692
0.350147 -0.651424 0.006924 -1.107940  1.126524
0.350147 -0.718869 0.006924 -1.107940  1.031466
0.350147 -0.718869 -0.054550 -1.107940  1.031629
0.350147 -0.718869 -0.054550 -1.163332  1.245986
0.300917 -0.718869 -0.054550 -1.163332  1.230305
0.300917 -0.762015 -0.054550 -1.163332  1.159320
0.300917 -0.762015 -0.091410 -1.163332  1.159921
0.300917 -0.762015 -0.091410 -1.194169  1.288467
0.276236 -0.762015 -0.091410 -1.194169  1.282297
0.276236 -0.780661 -0.091410 -1.194169  1.249014
0.276236 -0.780661 -0.103914 -1.194169  1.249372
0.276236 -0.780661 -0.103914 -1.200767  1.277757
0.275600 -0.780661 -0.103914 -1.200767  1.277612
0.275600 -0.775174 -0.103914 -1.200767  1.287574
0.275600 -0.775174 -0.092493 -1.200767  1.287243
0.275600 -0.775174 -0.092493 -1.183199  1.212359
0.299235 -0.775174 -0.092493 -1.183199  1.218219
0.299235 -0.745563 -0.092493 -1.183199  1.269586
0.299235 -0.745563 -0.056990 -1.183199  1.268980
0.299235 -0.745563 -0.056990 -1.141379  1.099475
0.347155 -0.745563 -0.056990 -1.141379  1.114519
0.347155 -0.691714 -0.056990 -1.141379  1.197988
0.347155 -0.691714 0.002761 -1.141379  1.197803
0.347155 -0.691714 0.002761 -1.075828  0.956044
0.418540 -0.691714 0.002761 -1.075828  0.987524
0.418540 -0.614219 0.002761 -1.075828  1.086763
0.418540 -0.614219 0.086147 -1.075828  1.086124
0.418540 -0.614219 0.086147 -0.986395  0.800693
0.514297 -0.614219 0.086147 -0.986395  0.863407
0.514297 -0.712311 0.086147 -0.986395  0.733713
0.514297 -0.712311 -0.005712 -0.986395  0.734352
0.514297 -0.712311 -0.005712 -1.071746  1.005663
0.434993 -0.712311 -0.005712 -1.071746  0.951940
0.434993 -0.785425 -0.005712 -1.071746  0.828835
0.434993 -0.785425 -0.072784 -1.071746  0.829221
0.434993 -0.785425 -0.072784 -1.132888  1.052160
0.380097 -0.785425 -0.072784 -1.132888  1.024766
0.380097 -0.834178 -0.072784 -1.132888  0.928823
0.380097 -0.834178 -0.115589 -1.132888  0.929982
0.380097 -0.834178 -0.115589 -1.169820  1.076868
0.348875 -0.834178 -0.115589 -1.169820  1.064417
0.348875 -0.859384 -0.115589 -1.169820  1.010190
0.348875 -0.859384 -0.134677 -1.169820  1.011089
0.348875 -0.859384 -0.134677 -1.182993  1.065780
0.341859 -0.859384 -0.134677 -1.182993  1.063269
0.341859 -0.860362 -0.134677 -1.182993  1.061100
0.341859 -0.860362 -0.129375 -1.182993  1.060823
0.341859 -0.860362 -0.129375 -1.171908  1.014721
0.359247 -0.860362 -0.129375 -1.171908  1.021133
0.359247 -0.837164 -0.129375 -1.171908  1.071271
0.359247 -0.837164 -0.100205 -1.171908  1.070112
0.359247 -0.837164 -0.100205 -1.136696  0.929346
0.400649 -0.837164 -0.100205 -1.136696  0.947295
0.400649 -0.789719 -0.100205 -1.136696  1.041504
0.400649 -0.789719 -0.046732 -1.136696  1.040599
0.400649 -0.789719 -0.046732 -1.077183  0.821783
0.466190 -0.789719 -0.046732 -1.077183  0.858790
0.466190 -0.717916 -0.046732 -1.077183  0.981286
0.466190 -0.717916 0.031047 -1.077183  0.981154
0.466190 -0.717916 0.031047 -0.993328  0.711390
0.556221 -0.717916 0.031047 -0.993328  0.782155
0.556221 -0.621970 0.031047 -0.993328  0.911564
0.556221 -0.621970 -0.066989 -0.993328  0.911895
