-0.382011 -0.213892 -0.213157 -0.212820  -0.046209
-0.440886 -0.213892 -0.213157 -0.212820  -0.076161
-0.440886 -0.239300 -0.213157 -0.212820  -0.080079
-0.440886 -0.239300 -0.230875 -0.212820  -0.077458
-0.440886 -0.239300 -0.230875 -0.223720  -0.075899
-0.444576 -0.239300 -0.230875 -0.223720  -0.078069
-0.444576 -0.235931 -0.230875 -0.223720  -0.077498
-0.444576 -0.235931 -0.221087 -0.223720  -0.078998
-0.444576 -0.235931 -0.221087 -0.207275  -0.081290
-0.420961 -0.235931 -0.221087 -0.207275  -0.068018
-0.420961 -0.205625 -0.221087 -0.207275  -0.063580
-0.420961 -0.205625 -0.184046 -0.207275  -0.068152
-0.420961 -0.205625 -0.184046 -0.163572  -0.072681
-0.370672 -0.205625 -0.184046 -0.163572  -0.049013
-0.370672 -0.148835 -0.184046 -0.163572  -0.043616
-0.370672 -0.148835 -0.120839 -0.163572  -0.048086
-0.370672 -0.148835 -0.120839 -0.093738  -0.051638
-0.294059 -0.148835 -0.120839 -0.093738  -0.026136
-0.294059 -0.065627 -0.120839 -0.093738  -0.023122
-0.294059 -0.065627 -0.030831 -0.093738  -0.024857
-0.294059 -0.065627 -0.030831 0.003376  -0.025681
-0.389598 -0.065627 -0.030831 0.003376  -0.059389
-0.389598 -0.154382 -0.030831 0.003376  -0.062786
-0.389598 -0.154382 -0.112962 0.003376  -0.061374
-0.389598 -0.154382 -0.112962 -0.072376  -0.060994
-0.458708 -0.154382 -0.112962 -0.072376  -0.098377
-0.458708 -0.216816 -0.112962 -0.072376  -0.104890
-0.458708 -0.216816 -0.168444 -0.072376  -0.101552
-0.458708 -0.216816 -0.168444 -0.121177  -0.100152
-0.500793 -0.216816 -0.168444 -0.121177  -0.129229
-0.500793 -0.252077 -0.168444 -0.121177  -0.135055
-0.500793 -0.252077 -0.197155 -0.121177  -0.132171
-0.500793 -0.252077 -0.197155 -0.143369  -0.131003
-0.516420 -0.252077 -0.197155 -0.143369  -0.143131
-0.516420 -0.260757 -0.197155 -0.143369  -0.144843
-0.516420 -0.260757 -0.199316 -0.143369  -0.144589
-0.516420 -0.260757 -0.199316 -0.139038  -0.144848
-0.505377 -0.260757 -0.199316 -0.139038  -0.136201
-0.505377 -0.243235 -0.199316 -0.139038  -0.132861
-0.505377 -0.243235 -0.175141 -0.139038  -0.135407
-0.505377 -0.243235 -0.175141 -0.108133  -0.136831
-0.467686 -0.243235 -0.175141 -0.108133  -0.110051
-0.467686 -0.198999 -0.175141 -0.108133  -0.103541
-0.467686 -0.198999 -0.124469 -0.108133  -0.106985
-0.467686 -0.198999 -0.124469 -0.050837  -0.108118
-0.403558 -0.198999 -0.124469 -0.050837  -0.071544
-0.403558 -0.128085 -0.124469 -0.050837  -0.065765
-0.403558 -0.128085 -0.046741 -0.050837  -0.067591
-0.403558 -0.128085 -0.046741 0.033827  -0.067761
-0.311660 -0.128085 -0.046741 0.033827  -0.032310
-0.311660 -0.029046 -0.046741 0.033827  -0.030233
-0.311660 -0.029046 -0.130533 0.033827  -0.028111
-0.311660 -0.029046 -0.130533 -0.043234  -0.027992
-0.382039 -0.029046 -0.130533 -0.043234  -0.053479
-0.382039 -0.092573 -0.130533 -0.043234  -0.054248
-0.382039 -0.092573 -0.187181 -0.043234  -0.049914
-0.382039 -0.092573 -0.187181 -0.092991  -0.049191
-0.425246 -0.092573 -0.187181 -0.092991  -0.070330
-0.425246 -0.128849 -0.187181 -0.092991  -0.071676
-0.425246 -0.128849 -0.216789 -0.092991  -0.068045
-0.425246 -0.128849 -0.216789 -0.116045  -0.067287
-0.441706 -0.128849 -0.216789 -0.116045  -0.076566
-0.441706 -0.138681 -0.216789 -0.116045  -0.077094
-0.441706 -0.138681 -0.220105 -0.116045  -0.076620
-0.441706 -0.138681 -0.220105 -0.112612  -0.076754
-0.431434 -0.138681 -0.220105 -0.112612  -0.070881
-0.431434 -0.121787 -0.220105 -0.112612  -0.070020
-0.431434 -0.121787 -0.196598 -0.112612  -0.073085
-0.431434 -0.121787 -0.196598 -0.082574  -0.073950
-0.394787 -0.121787 -0.196598 -0.082574  -0.055175
-0.394787 -0.078531 -0.196598 -0.082574  -0.053853
-0.394787 -0.078531 -0.146607 -0.082574  -0.058300
-0.394787 -0.078531 -0.146607 -0.025207  -0.058847
-0.330631 -0.078531 -0.146607 -0.025207  -0.033461
-0.330631 -0.007943 -0.146607 -0.025207  -0.032977
-0.330631 -0.007943 -0.069410 -0.025207  -0.035794
-0.330631 -0.007943 -0.069410 0.059224  -0.036017
-0.239077 -0.007943 -0.069410 0.059224  -0.013539
-0.239077 0.090454 -0.069410 0.059224  -0.012798
-0.239077 0.090454 -0.164352 0.059224  -0.008693
-0.239077 0.090454 -0.164352 -0.029196  -0.008461
-0.279691 0.090454 -0.164352 -0.029196  -0.016675
-0.279691 0.057716 -0.164352 -0.029196  -0.017223
-0.279691 0.057716 -0.190266 -0.029196  -0.014774
-0.279691 0.057716 -0.190266 -0.048532  -0.014685
-0.292276 0.057716 -0.190266 -0.048532  -0.017773
-0.292276 0.051784 -0.190266 -0.048532  -0.017827
-0.292276 0.051784 -0.189493 -0.048532  -0.017910
-0.292276 0.051784 -0.189493 -0.040936  -0.017956
-0.277850 0.051784 -0.189493 -0.040936  -0.014439
-0.277850 0.072954 -0.189493 -0.040936  -0.014189
-0.277850 0.072954 -0.161572 -0.040936  -0.016776
-0.277850 0.072954 -0.161572 -0.006079  -0.016844
-0.236228 0.072954 -0.161572 -0.006079  -0.008576
-0.236228 0.121077 -0.161572 -0.006079  -0.007189
-0.236228 0.121077 -0.106684 -0.006079  -0.010193
-0.236228 0.121077 -0.106684 0.055623  -0.010365
-0.167669 0.121077 -0.106684 0.055623  -0.001897
-0.167669 0.196147 -0.106684 0.055623  0.003875
-0.167669 0.196147 -0.024820 0.055623  0.002676
-0.167669 0.196147 -0.024820 0.144624  -0.000177
-0.071331 0.196147 -0.024820 0.144624  0.004174
-0.071331 0.099377 -0.024820 0.144624  -0.002391
-0.071331 0.099377 -0.114659 0.144624  -0.000899
-0.071331 0.099377 -0.114659 0.061707  0.001891
-0.147542 0.099377 -0.114659 0.061707  -0.000958
-0.147542 0.029965 -0.114659 0.061707  -0.001912
-0.147542 0.029965 -0.177555 0.061707  0.002178
-0.147542 0.029965 -0.177555 0.005203  0.002413
-0.197202 0.029965 -0.177555 0.005203  -0.002045
-0.197202 -0.013082 -0.177555 0.005203  -0.002074
-0.197202 -0.013082 -0.213871 0.005203  0.002111
-0.197202 -0.013082 -0.213871 -0.024255  0.002126
-0.219840 -0.013082 -0.213871 -0.024255  -0.000830
-0.219840 -0.028403 -0.213871 -0.024255  -0.000851
-0.219840 -0.028403 -0.222291 -0.024255  0.000351
-0.219840 -0.028403 -0.222291 -0.025896  0.000354
-0.214912 -0.028403 -0.222291 -0.025896  0.001052
-0.214912 -0.016983 -0.222291 -0.025896  0.001070
-0.214912 -0.016983 -0.203935 -0.025896  -0.001432
-0.214912 -0.016983 -0.203935 -0.000755  -0.001449
-0.182874 -0.016983 -0.203935 -0.000755  0.002361
-0.182874 0.021569 -0.203935 -0.000755  0.002376
-0.182874 0.021569 -0.158887 -0.000755  -0.002095
-0.182874 0.021569 -0.158887 0.050824  -0.002226
-0.124643 0.021569 -0.158887 0.050824  0.001953
-0.124643 0.086278 -0.158887 0.050824  0.002586
-0.124643 0.086278 -0.087761 0.050824  -0.000750
-0.124643 0.086278 -0.087761 0.128978  -0.002764
-0.039758 0.086278 -0.087761 0.128978  -0.000890
-0.039758 0.177982 -0.087761 0.128978  0.004106
-0.039758 0.177982 0.010546 0.128978  0.003428
-0.039758 0.177982 0.010546 0.033953  0.005535
-0.128161 0.177982 0.010546 0.033953  0.003493
-0.128161 0.096432 0.010546 0.033953  -0.001249
-0.128161 0.096432 -0.064308 0.033953  -0.000982
-0.128161 0.096432 -0.064308 -0.033866  -0.000904
-0.189005 0.096432 -0.064308 -0.033866  -0.005550
-0.189005 0.042892 -0.064308 -0.033866  -0.006368
-0.189005 0.042892 -0.110956 -0.033866  -0.005268
-0.189005 0.042892 -0.110956 -0.073858  -0.004904
-0.222383 0.042892 -0.110956 -0.073858  -0.009150
-0.222383 0.016538 -0.110956 -0.073858  -0.009224
-0.222383 0.016538 -0.130682 -0.073858  -0.008359
-0.222383 0.016538 -0.130682 -0.087176  -0.008099
-0.229191 0.016538 -0.130682 -0.087176  -0.009140
-0.229191 0.016408 -0.130682 -0.087176  -0.009140
-0.229191 0.016408 -0.124020 -0.087176  -0.009465
-0.229191 0.016408 -0.124020 -0.073861  -0.009724
-0.209042 0.016408 -0.124020 -0.073861  -0.006820
-0.209042 0.043322 -0.124020 -0.073861  -0.006743
-0.209042 0.043322 -0.090379 -0.073861  -0.007912
-0.209042 0.043322 -0.090379 -0.033324  -0.008278
-0.161827 0.043322 -0.090379 -0.033324  -0.003381
-0.161827 0.097077 -0.090379 -0.033324  -0.002548
-0.161827 0.097077 -0.030145 -0.033324  -0.003259
-0.161827 0.097077 -0.030145 0.033558  -0.003334
-0.088132 0.097077 -0.030145 0.033558  0.000220
-0.088132 0.177738 -0.030145 0.033558  0.004920
-0.088132 0.177738 0.057498 0.033558  0.004702
-0.088132 0.177738 0.057498 0.127823  0.002652
-0.187180 0.177738 0.057498 0.127823  -0.003222
-0.187180 0.085351 0.057498 0.127823  -0.008215
-0.187180 0.085351 -0.028276 0.127823  -0.008002
-0.187180 0.085351 -0.028276 0.030979  -0.005943
-0.274476 0.085351 -0.028276 0.030979  -0.020064
-0.274476 0.006489 -0.028276 0.030979  -0.020685
-0.274476 0.006489 -0.099928 0.030979  -0.019710
-0.274476 0.006489 -0.099928 0.052142  -0.019822
-0.241422 0.006489 -0.099928 0.052142  -0.013215
-0.241422 0.046037 -0.099928 0.052142  -0.013117
-0.241422 0.046037 -0.054191 0.052142  -0.013956
-0.241422 0.046037 -0.054191 0.104222  -0.014947
-0.183005 0.046037 -0.054191 0.104222  -0.007004
-0.183005 0.110530 -0.054191 0.104222  -0.005752
-0.183005 0.110530 0.016844 0.104222  -0.005916
-0.183005 0.110530 0.016844 0.181864  -0.010798
-0.098439 0.110530 0.016844 0.181864  -0.005623
-0.098439 0.201416 0.016844 0.181864  0.001197
-0.098439 0.201416 0.113710 0.181864  -0.000268
-0.098439 0.201416 0.113710 0.085346  0.005125
-0.188682 0.201416 0.113710 0.085346  -0.000638
-0.188682 0.117815 0.113710 0.085346  -0.007174
-0.188682 0.117815 0.036625 0.085346  -0.005753
-0.188682 0.117815 0.036625 0.068988  -0.005459
-0.197228 0.117815 0.036625 0.068988  -0.006414
-0.197228 0.115890 0.036625 0.068988  -0.006493
-0.197228 0.115890 0.041454 0.068988  -0.006515
-0.197228 0.115890 0.041454 0.080302  -0.006705
-0.179407 0.115890 0.041454 0.080302  -0.004807
-0.179407 0.139939 0.041454 0.080302  -0.003623
-0.179407 0.139939 0.071617 0.080302  -0.003919
-0.179407 0.139939 0.071617 0.116854  -0.004997
-0.136371 0.139939 0.071617 0.116854  -0.001759
-0.136371 0.189364 0.071617 0.116854  0.002291
-0.136371 0.189364 0.127654 0.116854  0.000578
-0.136371 0.189364 0.127654 0.179797  -0.003638
-0.067071 0.189364 0.127654 0.179797  -0.001404
-0.067071 0.264911 0.127654 0.179797  0.010397
-0.067071 0.264911 0.209581 0.179797  0.003271
-0.067071 0.264911 0.209581 0.268156  -0.010199
0.027696 0.264911 0.209581 0.268156  -0.009876
0.027696 0.166142 0.209581 0.268156  -0.023881
0.027696 0.166142 0.117206 0.268156  -0.016285
0.027696 0.166142 0.117206 0.182052  -0.003037
-0.052229 0.166142 0.117206 0.182052  -0.003200
-0.052229 0.092906 0.117206 0.182052  -0.006984
-0.052229 0.092906 0.050346 0.182052  -0.005502
-0.052229 0.092906 0.050346 0.121424  -0.001258
-0.106340 0.092906 0.050346 0.121424  -0.002318
-0.106340 0.045569 0.050346 0.121424  -0.003026
-0.106340 0.045569 0.009478 0.121424  -0.002899
-0.106340 0.045569 0.009478 0.086932  -0.001766
-0.134625 0.045569 0.009478 0.086932  -0.003003
-0.134625 0.023452 0.009478 0.086932  -0.003085
-0.134625 0.023452 -0.006198 0.086932  -0.003084
-0.134625 0.023452 -0.006198 0.077645  -0.002895
-0.137723 0.023452 -0.006198 0.077645  -0.003067
-0.137723 0.026596 -0.006198 0.077645  -0.003061
-0.137723 0.026596 0.003179 0.077645  -0.003062
-0.137723 0.026596 0.003179 0.093407  -0.003408
-0.115619 0.026596 0.003179 0.093407  -0.002342
-0.115619 0.054965 0.003179 0.093407  -0.002195
-0.115619 0.054965 0.037739 0.093407  -0.002248
-0.115619 0.054965 0.037739 0.134209  -0.003851
-0.068528 0.054965 0.037739 0.134209  -0.002627
-0.068528 0.108351 0.037739 0.134209  -0.001521
-0.068528 0.108351 0.097481 0.134209  -0.002393
-0.068528 0.108351 0.097481 0.200416  -0.008026
0.003897 0.108351 0.097481 0.200416  -0.007704
0.003897 0.186818 0.097481 0.200416  -0.002456
0.003897 0.186818 0.182148 0.200416  -0.007573
0.003897 0.186818 0.182148 0.291400  -0.024267
0.101865 0.186818 0.182148 0.291400  -0.023210
0.101865 0.091264 0.182148 0.291400  -0.028970
0.101865 0.091264 0.093292 0.291400  -0.023739
0.101865 0.091264 0.093292 0.208943  -0.008117
0.025659 0.091264 0.093292 0.208943  -0.009157
0.025659 0.021333 0.093292 0.208943  -0.009907
0.025659 0.021333 0.029742 0.208943  -0.009122
0.025659 0.021333 0.029742 0.151729  -0.003493
-0.025065 0.021333 0.029742 0.151729  -0.003525
-0.025065 -0.023036 0.029742 0.151729  -0.003547
-0.025065 -0.023036 -0.008304 0.151729  -0.003520
-0.025065 -0.023036 -0.008304 0.120309  -0.001769
-0.050281 -0.023036 -0.008304 0.120309  -0.001880
-0.050281 -0.041593 -0.008304 0.120309  -0.001940
-0.050281 -0.041593 -0.020149 0.120309  -0.001932
-0.050281 -0.041593 -0.020149 0.114901  -0.001708
-0.116455 -0.041593 -0.020149 0.114901  -0.003160
-0.116455 -0.098214 -0.020149 0.114901  -0.004035
-0.116455 -0.098214 -0.070315 0.114901  -0.003696
-0.116455 -0.098214 -0.070315 0.071096  -0.002538
-0.153685 -0.098214 -0.070315 0.071096  -0.004589
-0.153685 -0.128842 -0.070315 0.071096  -0.005780
-0.153685 -0.128842 -0.093962 0.071096  -0.005299
-0.153685 -0.128842 -0.093962 0.053896  -0.005096
-0.164406 -0.128842 -0.093962 0.053896  -0.005910
-0.164406 -0.132851 -0.093962 0.053896  -0.006116
-0.164406 -0.132851 -0.091568 0.053896  -0.006177
-0.164406 -0.132851 -0.091568 0.062645  -0.006267
-0.149039 -0.132851 -0.091568 0.062645  -0.005133
-0.149039 -0.110958 -0.091568 0.062645  -0.004155
-0.149039 -0.110958 -0.063437 0.062645  -0.004667
-0.149039 -0.110958 -0.063437 0.097360  -0.005344
-0.107475 -0.110958 -0.063437 0.097360  -0.003275
-0.107475 -0.062949 -0.063437 0.097360  -0.002158
-0.107475 -0.062949 -0.009166 0.097360  -0.002413
-0.107475 -0.062949 -0.009166 0.158305  -0.005457
-0.039998 -0.062949 -0.009166 0.158305  -0.004280
-0.039998 0.011140 -0.009166 0.158305  -0.004029
-0.039998 0.011140 0.071676 0.158305  -0.004398
-0.039998 0.011140 0.071676 0.245546  -0.015236
0.053888 0.011140 0.071676 0.245546  -0.015015
0.053888 -0.088494 0.071676 0.245546  -0.015709
0.053888 -0.088494 -0.021137 0.245546  -0.015332
0.053888 -0.088494 -0.021137 0.159365  -0.004574
-0.025871 -0.088494 -0.021137 0.159365  -0.004748
-0.025871 -0.161812 -0.021137 0.159365  -0.008292
-0.025871 -0.161812 -0.088066 0.159365  -0.007618
-0.025871 -0.161812 -0.088066 0.098781  -0.004535
-0.079974 -0.161812 -0.088066 0.098781  -0.005029
-0.079974 -0.209492 -0.088066 0.098781  -0.009986
-0.079974 -0.209492 -0.129282 0.098781  -0.008509
-0.079974 -0.209492 -0.129282 0.063983  -0.007807
-0.108446 -0.209492 -0.129282 0.063983  -0.008571
-0.108446 -0.231493 -0.129282 0.063983  -0.011782
-0.108446 -0.231493 -0.144718 0.063983  -0.010912
-0.108446 -0.231493 -0.144718 0.054846  -0.010815
-0.111137 -0.231493 -0.144718 0.054846  -0.010912
-0.111137 -0.227398 -0.144718 0.054846  -0.010265
-0.111137 -0.227398 -0.134100 0.054846  -0.010885
-0.111137 -0.227398 -0.134100 0.072407  -0.011099
-0.086892 -0.227398 -0.134100 0.072407  -0.010383
-0.086892 -0.196663 -0.134100 0.072407  -0.006230
-0.086892 -0.196663 -0.097148 0.072407  -0.007725
-0.086892 -0.196663 -0.097148 0.115920  -0.008903
-0.036516 -0.196663 -0.097148 0.115920  -0.008296
-0.036516 -0.139631 -0.097148 0.115920  -0.003412
-0.036516 -0.139631 -0.033576 0.115920  -0.004291
-0.036516 -0.139631 -0.033576 0.186013  -0.009169
0.040028 -0.139631 -0.033576 0.186013  -0.009057
0.040028 -0.056583 -0.033576 0.186013  -0.006515
0.040028 -0.056583 0.055880 0.186013  -0.006728
0.040028 -0.056583 0.055880 0.282224  -0.022771
-0.057035 -0.056583 0.055880 0.282224  -0.023020
-0.057035 -0.146916 0.055880 0.282224  -0.026010
-0.057035 -0.146916 -0.027917 0.282224  -0.025814
-0.057035 -0.146916 -0.027917 0.204754  -0.011919
-0.128253 -0.146916 -0.027917 0.204754  -0.013843
-0.128253 -0.211541 -0.027917 0.204754  -0.020138
-0.128253 -0.211541 -0.086143 0.204754  -0.019521
-0.128253 -0.211541 -0.086143 0.152885  -0.014510
-0.173639 -0.211541 -0.086143 0.152885  -0.017636
-0.173639 -0.250325 -0.086143 0.152885  -0.023856
-0.173639 -0.250325 -0.118219 0.152885  -0.022843
-0.173639 -0.250325 -0.118219 0.127198  -0.021327
-0.193042 -0.250325 -0.118219 0.127198  -0.023285
-0.193042 -0.263466 -0.118219 0.127198  -0.025888
-0.193042 -0.263466 -0.125109 0.127198  -0.025582
-0.193042 -0.263466 -0.125109 0.126312  -0.025539
-0.187770 -0.263466 -0.125109 0.126312  -0.024966
-0.187770 -0.251848 -0.125109 0.126312  -0.022651
-0.187770 -0.251848 -0.107144 0.126312  -0.023380
-0.187770 -0.251848 -0.107144 0.151022  -0.024809
-0.156572 -0.251848 -0.107144 0.151022  -0.022027
-0.156572 -0.214536 -0.107144 0.151022  -0.015927
-0.156572 -0.214536 -0.063557 0.151022  -0.016900
-0.156572 -0.214536 -0.063557 0.201459  -0.021632
-0.099385 -0.214536 -0.063557 0.201459  -0.018776
-0.099385 -0.150947 -0.063557 0.201459  -0.012341
-0.099385 -0.150947 0.006408 0.201459  -0.012598
-0.099385 -0.150947 0.006408 0.155479  -0.008180
-0.138525 -0.150947 0.006408 0.155479  -0.009856
-0.138525 -0.183678 0.006408 0.155479  -0.012614
-0.138525 -0.183678 -0.020106 0.155479  -0.012605
-0.138525 -0.183678 -0.020106 0.135289  -0.011323
-0.152080 -0.183678 -0.020106 0.135289  -0.012182
-0.152080 -0.190612 -0.020106 0.135289  -0.012911
-0.152080 -0.190612 -0.020664 0.135289  -0.012910
-0.152080 -0.190612 -0.020664 0.141096  -0.013243
-0.139836 -0.190612 -0.020664 0.141096  -0.012460
-0.139836 -0.172050 -0.020664 0.141096  -0.010627
-0.139836 -0.172050 0.004553 0.141096  -0.010636
-0.139836 -0.172050 0.004553 0.172869  -0.012993
-0.101447 -0.172050 0.004553 0.172869  -0.011303
-0.101447 -0.127340 0.004553 0.172869  -0.008275
-0.101447 -0.127340 0.055725 0.172869  -0.008448
-0.101447 -0.127340 0.055725 0.230538  -0.015535
-0.037222 -0.127340 0.055725 0.230538  -0.014542
-0.037222 -0.056650 0.055725 0.230538  -0.012659
-0.037222 -0.056650 0.132984 0.230538  -0.014838
-0.037222 -0.056650 0.132984 0.314381  -0.033657
0.053138 -0.056650 0.132984 0.314381  -0.033455
0.053138 0.040018 0.132984 0.314381  -0.033210
0.053138 0.040018 0.036028 0.314381  -0.030905
0.053138 0.040018 0.036028 0.223899  -0.011057
-0.030992 0.040018 0.036028 0.223899  -0.011237
-0.030992 -0.037694 0.036028 0.223899  -0.011354
-0.030992 -0.037694 -0.035230 0.223899  -0.011264
-0.030992 -0.037694 -0.035230 0.159315  -0.004083
-0.089001 -0.037694 -0.035230 0.159315  -0.004758
-0.089001 -0.089040 -0.035230 0.159315  -0.005411
-0.089001 -0.089040 -0.079854 0.159315  -0.004945
-0.089001 -0.089040 -0.079854 0.121256  -0.002685
-0.120625 -0.089040 -0.079854 0.121256  -0.003735
-0.120625 -0.114250 -0.079854 0.121256  -0.004520
-0.120625 -0.114250 -0.098518 0.121256  -0.004073
-0.120625 -0.114250 -0.098518 0.108881  -0.003581
-0.126444 -0.114250 -0.098518 0.108881  -0.003848
-0.126444 -0.113662 -0.098518 0.108881  -0.003825
-0.126444 -0.113662 -0.091540 0.108881  -0.004014
-0.126444 -0.113662 -0.091540 0.122267  -0.004551
-0.106645 -0.113662 -0.091540 0.122267  -0.003742
-0.106645 -0.087440 -0.091540 0.122267  -0.002942
-0.106645 -0.087440 -0.058878 0.122267  -0.003505
-0.106645 -0.087440 -0.058878 0.161751  -0.005909
-0.060416 -0.087440 -0.058878 0.161751  -0.004917
-0.060416 -0.034723 -0.058878 0.161751  -0.004290
-0.060416 -0.034723 0.000289 0.161751  -0.004494
-0.060416 -0.034723 0.000289 0.227579  -0.012049
0.011733 -0.034723 0.000289 0.227579  -0.011827
0.011733 0.043811 0.000289 0.227579  -0.011701
0.011733 0.043811 0.085166 0.227579  -0.012319
0.011733 0.043811 0.085166 0.319039  -0.033006
0.109696 0.043811 0.085166 0.319039  -0.031687
0.109696 -0.052059 0.085166 0.319039  -0.031913
0.109696 -0.052059 -0.004482 0.319039  -0.031295
0.109696 -0.052059 -0.004482 0.235600  -0.011899
0.032960 -0.052059 -0.004482 0.235600  -0.013183
0.032960 -0.122013 -0.004482 0.235600  -0.014858
0.032960 -0.122013 -0.067558 0.235600  -0.014550
0.032960 -0.122013 -0.067558 0.179236  -0.007230
-0.016555 -0.122013 -0.067558 0.179236  -0.007271
-0.016555 -0.164935 -0.067558 0.179236  -0.009941
-0.016555 -0.164935 -0.104081 0.179236  -0.009122
-0.016555 -0.164935 -0.104081 0.149050  -0.006675
-0.040043 -0.164935 -0.104081 0.149050  -0.006735
-0.040043 -0.181826 -0.104081 0.149050  -0.008259
-0.040043 -0.181826 -0.114407 0.149050  -0.007889
-0.040043 -0.181826 -0.114407 0.145293  -0.007645
-0.037392 -0.181826 -0.114407 0.145293  -0.007633
-0.037392 -0.172899 -0.114407 0.145293  -0.006791
-0.037392 -0.172899 -0.099313 0.145293  -0.007309
-0.037392 -0.172899 -0.099313 0.166837  -0.008885
-0.009444 -0.172899 -0.099313 0.166837  -0.008834
-0.009444 -0.138520 -0.099313 0.166837  -0.006323
-0.009444 -0.138520 -0.058446 0.166837  -0.007103
-0.009444 -0.138520 -0.058446 0.214241  -0.012293
0.044585 -0.138520 -0.058446 0.214241  -0.012203
0.044585 -0.078224 -0.058446 0.214241  -0.010024
0.044585 -0.078224 0.008078 0.214241  -0.010224
0.044585 -0.078224 0.008078 0.287306  -0.024106
0.124192 -0.078224 0.008078 0.287306  -0.022279
0.124192 0.007625 0.008078 0.287306  -0.021800
0.124192 0.007625 -0.027758 0.287306  -0.021778
0.124192 0.007625 -0.027758 0.258002  -0.015237
0.101224 0.007625 -0.027758 0.258002  -0.016115
0.101224 -0.008935 -0.027758 0.258002  -0.016116
0.101224 -0.008935 -0.037795 0.258002  -0.016083
0.101224 -0.008935 -0.037795 0.254131  -0.015322
0.103775 -0.008935 -0.037795 0.254131  -0.015242
0.103775 -0.000179 -0.037795 0.254131  -0.015241
0.103775 -0.000179 -0.022755 0.254131  -0.015283
0.103775 -0.000179 -0.022755 0.275488  -0.019778
0.131513 -0.000179 -0.022755 0.275488  -0.018621
0.131513 0.033848 -0.022755 0.275488  -0.018583
0.131513 0.033848 0.017818 0.275488  -0.018600
0.131513 0.033848 0.017818 0.322892  -0.031357
0.185376 0.033848 0.017818 0.322892  -0.027261
0.185376 0.093991 0.017818 0.322892  -0.026469
0.185376 0.093991 0.084181 0.322892  -0.027060
0.185376 0.093991 0.084181 0.395705  -0.055356
0.264773 0.093991 0.084181 0.395705  -0.043165
0.264773 0.179777 0.084181 0.395705  -0.038185
0.264773 0.179777 0.176256 0.395705  -0.043064
0.264773 0.179777 0.176256 0.494041  -0.101687
0.169826 0.179777 0.176256 0.494041  -0.115351
0.169826 0.091133 0.176256 0.494041  -0.120405
0.169826 0.091133 0.094083 0.494041  -0.115762
0.169826 0.091133 0.094083 0.418034  -0.068230
0.100184 0.091133 0.094083 0.418034  -0.072123
0.100184 0.027980 0.094083 0.418034  -0.072858
0.100184 0.027980 0.037599 0.418034  -0.072078
0.100184 0.027980 0.037599 0.367830  -0.048793
0.056554 0.027980 0.037599 0.367830  -0.049617
0.056554 -0.009071 0.037599 0.367830  -0.049640
0.056554 -0.009071 0.007298 0.367830  -0.049587
0.056554 -0.009071 0.007298 0.344126  -0.040573
0.039189 -0.009071 0.007298 0.344126  -0.040693
0.039189 -0.019867 0.007298 0.344126  -0.040700
0.039189 -0.019867 0.003146 0.344126  -0.040700
0.039189 -0.019867 0.003146 0.346663  -0.041608
0.048384 -0.019867 0.003146 0.346663  -0.041555
0.048384 -0.004192 0.003146 0.346663  -0.041547
0.048384 -0.004192 0.024991 0.346663  -0.041563
0.048384 -0.004192 0.024991 0.374940  -0.052612
0.083193 -0.004192 0.024991 0.374940  -0.052149
0.083193 0.037068 0.024991 0.374940  -0.052098
0.083193 0.037068 0.072465 0.374940  -0.052463
0.083193 0.037068 0.072465 0.428589  -0.078481
0.143232 0.037068 0.072465 0.428589  -0.076118
0.143232 0.103358 0.072465 0.428589  -0.075065
0.143232 0.103358 0.144898 0.428589  -0.077727
0.143232 0.103358 0.144898 0.507439  -0.129662
0.228382 0.103358 0.144898 0.507439  -0.120689
0.228382 0.194583 0.144898 0.507439  -0.114426
0.228382 0.194583 0.242365 0.507439  -0.125620
0.228382 0.194583 0.242365 0.411590  -0.064683
0.138689 0.194583 0.242365 0.411590  -0.073928
0.138689 0.111132 0.242365 0.411590  -0.079923
0.138689 0.111132 0.165280 0.411590  -0.070201
0.138689 0.111132 0.165280 0.340984  -0.040121
0.074393 0.111132 0.165280 0.340984  -0.042377
0.074393 0.053291 0.165280 0.340984  -0.043598
0.074393 0.053291 0.113904 0.340984  -0.040561
0.074393 0.053291 0.113904 0.295992  -0.026847
0.035776 0.053291 0.113904 0.295992  -0.027213
0.035776 0.020945 0.113904 0.295992  -0.027355
0.035776 0.020945 0.087766 0.295992  -0.026553
0.035776 0.020945 0.087766 0.276083  -0.021665
0.022464 0.020945 0.087766 0.276083  -0.021699
0.022464 0.013866 0.087766 0.276083  -0.021706
0.022464 0.013866 0.086953 0.276083  -0.021687
0.022464 0.013866 0.086953 0.281483  -0.022946
0.034040 0.013866 0.086953 0.281483  -0.022918
0.034040 0.031712 0.086953 0.281483  -0.022889
0.034040 0.031712 0.111104 0.281483  -0.023603
0.034040 0.031712 0.111104 0.311985  -0.031667
0.070921 0.031712 0.111104 0.311985  -0.031350
0.070921 0.074822 0.111104 0.311985  -0.030963
0.070921 0.074822 0.160237 0.311985  -0.033706
0.070921 0.074822 0.160237 0.367355  -0.052913
0.132814 0.074822 0.160237 0.367355  -0.050927
0.132814 0.143009 0.160237 0.367355  -0.048421
0.132814 0.143009 0.234979 0.367355  -0.057281
0.132814 0.143009 0.234979 0.448340  -0.097827
0.220287 0.143009 0.234979 0.448340  -0.089480
0.220287 0.236838 0.234979 0.448340  -0.079120
0.220287 0.236838 0.134983 0.448340  -0.068605
0.220287 0.236838 0.134983 0.354421  -0.023005
0.201297 0.236838 0.134983 0.354421  -0.025538
0.201297 0.226021 0.134983 0.354421  -0.027277
0.201297 0.226021 0.130233 0.354421  -0.027026
0.201297 0.226021 0.130233 0.355722  -0.027518
0.208997 0.226021 0.130233 0.355722  -0.026546
0.208997 0.239849 0.130233 0.355722  -0.024294
0.208997 0.239849 0.150242 0.355722  -0.025477
0.208997 0.239849 0.150242 0.382001  -0.036208
0.241486 0.239849 0.150242 0.382001  -0.031255
0.241486 0.278518 0.150242 0.382001  -0.023447
0.241486 0.278518 0.195125 0.382001  -0.027485
0.241486 0.278518 0.195125 0.433164  -0.053017
0.299375 0.278518 0.195125 0.433164  -0.040267
0.299375 0.342572 0.195125 0.433164  -0.021670
0.299375 0.342572 0.265417 0.433164  -0.032938
0.299375 0.342572 0.265417 0.509703  -0.084083
0.382654 0.342572 0.265417 0.509703  -0.054885
0.382654 0.432075 0.265417 0.509703  -0.014424
0.382654 0.432075 0.361109 0.509703  -0.042815
0.382654 0.432075 0.361109 0.411618  0.019864
0.290812 0.432075 0.361109 0.411618  -0.011571
0.290812 0.346451 0.361109 0.411618  -0.050650
0.290812 0.346451 0.281898 0.411618  -0.025963
0.290812 0.346451 0.281898 0.338508  0.004988
0.223885 0.346451 0.281898 0.338508  -0.008384
0.223885 0.285891 0.281898 0.338508  -0.026601
0.223885 0.285891 0.227547 0.338508  -0.015982
0.223885 0.285891 0.227547 0.290213  -0.001636
0.181790 0.285891 0.227547 0.290213  -0.006850
0.181790 0.250265 0.227547 0.290213  -0.014542
0.181790 0.250265 0.198196 0.290213  -0.010546
0.181790 0.250265 0.198196 0.267275  -0.005196
0.165128 0.250265 0.198196 0.267275  -0.006701
0.165128 0.239831 0.198196 0.267275  -0.008581
0.165128 0.239831 0.194095 0.267275  -0.008108
0.165128 0.239831 0.194095 0.269344  -0.008555
0.173648 0.239831 0.194095 0.269344  -0.007821
0.173648 0.254607 0.194095 0.269344  -0.005111
0.173648 0.254607 0.214976 0.269344  -0.007734
0.173648 0.254607 0.214976 0.296467  -0.014252
0.206980 0.254607 0.214976 0.296467  -0.010620
0.206980 0.294334 0.214976 0.296467  -0.001626
0.206980 0.294334 0.260698 0.296467  -0.009409
0.206980 0.294334 0.260698 0.348483  -0.025672
0.265460 0.294334 0.260698 0.348483  -0.015832
0.265460 0.358900 0.260698 0.348483  0.004898
0.265460 0.358900 0.331786 0.348483  -0.013907
0.265460 0.358900 0.331786 0.425975  -0.048883
0.349758 0.358900 0.331786 0.425975  -0.024803
0.349758 0.449530 0.331786 0.425975  0.019807
0.349758 0.449530 0.428536 0.425975  -0.022366
0.349758 0.449530 0.428536 0.329056  0.019299
0.259016 0.449530 0.428536 0.329056  -0.006110
0.259016 0.365367 0.428536 0.329056  -0.048176
0.259016 0.365367 0.350676 0.329056  -0.012602
0.259016 0.365367 0.350676 0.257149  0.006023
0.193355 0.365367 0.350676 0.257149  -0.004125
0.193355 0.305830 0.350676 0.257149  -0.024294
0.193355 0.305830 0.297306 0.257149  -0.007449
0.193355 0.305830 0.297306 0.210005  0.000293
0.152844 0.305830 0.297306 0.210005  -0.003365
0.152844 0.271844 0.297306 0.210005  -0.011881
0.152844 0.271844 0.269548 0.210005  -0.005186
0.152844 0.271844 0.269548 0.188278  -0.002599
0.137310 0.271844 0.269548 0.188278  -0.003581
0.137310 0.262634 0.269548 0.188278  -0.005554
0.137310 0.262634 0.266555 0.188278  -0.004909
0.137310 0.262634 0.266555 0.191424  -0.005249
0.146659 0.262634 0.266555 0.191424  -0.004683
0.146659 0.277999 0.266555 0.191424  -0.001314
0.146659 0.277999 0.288118 0.191424  -0.006293
0.146659 0.277999 0.288118 0.219343  -0.009831
0.180641 0.277999 0.288118 0.219343  -0.007091
0.180641 0.318122 0.288118 0.219343  0.003619
0.180641 0.318122 0.334314 0.219343  -0.009829
0.180641 0.318122 0.334314 0.271676  -0.019328
0.239116 0.318122 0.334314 0.271676  -0.011550
0.239116 0.382716 0.334314 0.271676  0.012312
0.239116 0.382716 0.404937 0.271676  -0.016722
0.239116 0.382716 0.404937 0.348561  -0.039018
0.322134 0.382716 0.404937 0.348561  -0.019262
0.322134 0.471847 0.404937 0.348561  0.029732
0.322134 0.471847 0.500206 0.348561  -0.029023
0.322134 0.471847 0.500206 0.251333  -0.002551
0.231148 0.471847 0.500206 0.251333  -0.023628
0.231148 0.386986 0.500206 0.251333  -0.070726
0.231148 0.386986 0.421785 0.251333  -0.020609
0.231148 0.386986 0.421785 0.178874  -0.010456
0.237348 0.386986 0.421785 0.178874  -0.009435
0.237348 0.399460 0.421785 0.178874  -0.003648
0.237348 0.399460 0.440402 0.178874  -0.014029
0.237348 0.399460 0.440402 0.203672  -0.016754
0.268426 0.399460 0.440402 0.203672  -0.010784
0.268426 0.436633 0.440402 0.203672  0.008718
0.268426 0.436633 0.483969 0.203672  -0.019223
0.268426 0.436633 0.483969 0.253552  -0.027075
0.324609 0.436633 0.483969 0.253552  -0.012211
0.324609 0.498917 0.483969 0.253552  0.028735
0.324609 0.498917 0.552343 0.253552  -0.026417
0.324609 0.498917 0.552343 0.328145  -0.045451
0.405591 0.498917 0.552343 0.328145  -0.012934
0.405591 0.586069 0.552343 0.328145  0.064178
0.405591 0.586069 0.645619 0.328145  -0.036421
0.405591 0.586069 0.645619 0.427948  -0.079460
0.311569 0.586069 0.645619 0.427948  -0.115936
0.311569 0.498137 0.645619 0.427948  -0.193629
0.311569 0.498137 0.564172 0.427948  -0.104090
0.311569 0.498137 0.564172 0.352606  -0.069556
0.242369 0.498137 0.564172 0.352606  -0.085564
0.242369 0.435255 0.564172 0.352606  -0.126715
0.242369 0.435255 0.507674 0.352606  -0.077989
0.242369 0.435255 0.507674 0.302222  -0.061754
0.198204 0.435255 0.507674 0.302222  -0.068205
0.198204 0.397365 0.507674 0.302222  -0.087919
0.198204 0.397365 0.476354 0.302222  -0.065165
0.198204 0.397365 0.476354 0.277067  -0.058830
0.179315 0.397365 0.476354 0.277067  -0.060851
0.179315 0.384704 0.476354 0.277067  -0.066659
0.179315 0.384704 0.469688 0.277067  -0.062185
0.179315 0.384704 0.469688 0.276450  -0.062043
0.184844 0.384704 0.469688 0.276450  -0.061493
0.184844 0.396462 0.469688 0.276450  -0.056112
0.184844 0.396462 0.487527 0.276450  -0.068372
0.184844 0.396462 0.487527 0.300430  -0.074360
0.215021 0.396462 0.487527 0.300430  -0.070735
0.215021 0.432562 0.487527 0.300430  -0.052115
0.215021 0.432562 0.529683 0.300430  -0.084849
0.215021 0.432562 0.529683 0.348844  -0.100184
0.269757 0.432562 0.529683 0.348844  -0.090495
0.269757 0.493399 0.529683 0.348844  -0.051317
0.269757 0.493399 0.596714 0.348844  -0.115177
0.269757 0.493399 0.596714 0.422515  -0.148153
0.349700 0.493399 0.596714 0.422515  -0.125018
0.349700 0.579517 0.596714 0.422515  -0.050508
0.349700 0.579517 0.689003 0.422515  -0.165125
0.349700 0.579517 0.689003 0.522171  -0.232074
0.256014 0.579517 0.689003 0.522171  -0.258059
0.256014 0.492059 0.689003 0.522171  -0.333545
0.256014 0.492059 0.608059 0.522171  -0.231279
0.256014 0.492059 0.608059 0.447287  -0.178389
0.187330 0.492059 0.608059 0.447287  -0.188595
0.187330 0.429835 0.608059 0.447287  -0.228318
0.187330 0.429835 0.552395 0.447287  -0.172055
0.187330 0.429835 0.552395 0.397856  -0.145545
0.144151 0.429835 0.552395 0.397856  -0.149123
0.144151 0.392684 0.552395 0.397856  -0.167987
0.144151 0.392684 0.521387 0.397856  -0.141165
0.144151 0.392684 0.521387 0.372806  -0.130003
0.125187 0.392684 0.521387 0.372806  -0.131037
0.125187 0.379909 0.521387 0.372806  -0.136756
0.125187 0.379909 0.514793 0.372806  -0.131446
0.125187 0.379909 0.514793 0.372282  -0.131228
0.130816 0.379909 0.514793 0.372282  -0.130952
0.130816 0.391528 0.514793 0.372282  -0.125765
0.130816 0.391528 0.532494 0.372282  -0.140327
0.130816 0.391528 0.532494 0.396125  -0.150889
0.160892 0.391528 0.532494 0.396125  -0.148963
0.160892 0.427433 0.532494 0.396125  -0.130890
0.160892 0.427433 0.574517 0.396125  -0.169533
0.160892 0.427433 0.574517 0.444320  -0.195093
0.215220 0.427433 0.574517 0.444320  -0.189289
0.215220 0.487851 0.574517 0.444320  -0.151272
0.215220 0.487851 0.641230 0.444320  -0.225299
0.215220 0.487851 0.641230 0.517677  -0.276313
0.295274 0.487851 0.641230 0.517677  -0.260538
0.295274 0.574116 0.641230 0.517677  -0.187413
0.295274 0.574116 0.733622 0.517677  -0.318591
0.295274 0.574116 0.733622 0.616235  -0.413872
0.200194 0.574116 0.733622 0.616235  -0.431592
0.200194 0.485277 0.733622 0.616235  -0.506546
0.200194 0.485277 0.650993 0.616235  -0.387595
0.200194 0.485277 0.650993 0.539730  -0.310810
0.129944 0.485277 0.650993 0.539730  -0.316639
0.129944 0.455882 0.650993 0.539730  -0.336174
0.129944 0.455882 0.627616 0.539730  -0.307507
0.129944 0.455882 0.627616 0.592126  -0.357887
0.188602 0.455882 0.627616 0.592126  -0.353372
0.188602 0.519980 0.627616 0.592126  -0.307526
0.188602 0.519980 0.697321 0.592126  -0.399384
0.188602 0.519980 0.697321 0.667532  -0.489228
0.269871 0.519980 0.697321 0.667532  -0.476281
0.269871 0.607031 0.697321 0.667532  -0.393190
0.269871 0.607031 0.790187 0.667532  -0.547503
0.269871 0.607031 0.790187 0.766398  -0.700207
0.174643 0.607031 0.790187 0.766398  -0.714536
0.174643 0.517571 0.790187 0.766398  -0.799572
0.174643 0.517571 0.706783 0.766398  -0.659250
0.174643 0.517571 0.706783 0.688614  -0.535629
0.102651 0.517571 0.706783 0.688614  -0.539874
0.102651 0.451595 0.706783 0.688614  -0.586423
0.102651 0.451595 0.646673 0.688614  -0.503785
0.102651 0.451595 0.646673 0.634259  -0.432404
0.053844 0.451595 0.646673 0.634259  -0.433329
0.053844 0.408647 0.646673 0.634259  -0.457186
0.053844 0.408647 0.609910 0.634259  -0.413636
0.053844 0.408647 0.609910 0.603340  -0.378111
0.029016 0.408647 0.609910 0.603340  -0.378242
0.029016 0.389998 0.609910 0.603340  -0.387165
0.029016 0.389998 0.597090 0.603340  -0.373157
0.029016 0.389998 0.597090 0.596379  -0.365643
0.028111 0.389998 0.597090 0.596379  -0.365645
0.028111 0.395041 0.597090 0.596379  -0.363314
0.028111 0.395041 0.607941 0.596379  -0.375131
0.028111 0.395041 0.607941 0.613005  -0.393371
0.050725 0.395041 0.607941 0.613005  -0.393263
0.050725 0.423479 0.607941 0.613005  -0.378967
0.050725 0.423479 0.642079 0.613005  -0.418985
0.050725 0.423479 0.642079 0.653073  -0.467171
0.096708 0.423479 0.642079 0.653073  -0.466397
0.096708 0.475088 0.642079 0.653073  -0.435110
0.096708 0.475088 0.699484 0.653073  -0.512645
0.096708 0.475088 0.699484 0.716316  -0.601655
0.165843 0.475088 0.699484 0.716316  -0.597998
0.165843 0.549853 0.699484 0.716316  -0.538988
0.165843 0.549853 0.779875 0.716316  -0.671070
0.165843 0.549853 0.779875 0.802831  -0.820975
0.258205 0.549853 0.779875 0.802831  -0.808322
0.258205 0.647675 0.779875 0.802831  -0.702875
0.258205 0.647675 0.683128 0.802831  -0.547343
0.258205 0.647675 0.683128 0.711623  -0.390261
0.172700 0.647675 0.683128 0.711623  -0.402324
0.172700 0.568226 0.683128 0.711623  -0.490543
0.172700 0.568226 0.609676 0.711623  -0.398371
0.172700 0.568226 0.609676 0.643834  -0.304883
0.110863 0.568226 0.609676 0.643834  -0.308672
0.110863 0.512104 0.609676 0.643834  -0.357841
0.110863 0.512104 0.559479 0.643834  -0.306348
0.110863 0.512104 0.559479 0.599438  -0.254858
0.072097 0.512104 0.559479 0.599438  -0.255845
0.072097 0.479178 0.559479 0.599438  -0.280120
0.072097 0.479178 0.532457 0.599438  -0.255951
0.072097 0.479178 0.532457 0.577981  -0.233639
0.056399 0.479178 0.532457 0.577981  -0.233834
0.056399 0.469281 0.532457 0.577981  -0.240512
0.056399 0.469281 0.528440 0.577981  -0.237122
0.056399 0.469281 0.528440 0.579936  -0.239087
0.064322 0.469281 0.528440 0.579936  -0.239000
0.064322 0.483152 0.528440 0.579936  -0.229563
0.064322 0.483152 0.548220 0.579936  -0.246761
0.064322 0.483152 0.548220 0.605579  -0.273796
0.095932 0.483152 0.548220 0.605579  -0.273179
0.095932 0.520615 0.548220 0.605579  -0.244857
0.095932 0.520615 0.591372 0.605579  -0.286906
0.095932 0.520615 0.591372 0.654611  -0.345336
0.150814 0.520615 0.591372 0.654611  -0.342788
0.150814 0.581263 0.591372 0.654611  -0.287507
0.150814 0.581263 0.657726 0.654611  -0.365227
0.150814 0.581263 0.657726 0.726819  -0.468669
0.229292 0.581263 0.657726 0.726819  -0.460044
0.229292 0.665419 0.657726 0.726819  -0.361797
0.229292 0.665419 0.747722 0.726819  -0.495303
0.229292 0.665419 0.747722 0.822676  -0.668133
0.131101 0.665419 0.747722 0.822676  -0.677935
0.131101 0.573202 0.747722 0.822676  -0.784239
0.131101 0.573202 0.661276 0.822676  -0.655364
0.131101 0.573202 0.661276 0.741894  -0.506925
0.056187 0.573202 0.661276 0.741894  -0.509001
0.056187 0.503951 0.661276 0.741894  -0.569346
0.056187 0.503951 0.597806 0.741894  -0.493820
0.056187 0.503951 0.597806 0.684293  -0.405901
0.004520 0.503951 0.597806 0.684293  -0.406078
0.004520 0.458398 0.597806 0.684293  -0.437742
0.004520 0.458398 0.624417 0.684293  -0.467561
0.004520 0.458398 0.624417 0.716990  -0.515722
0.043116 0.458398 0.624417 0.716990  -0.515641
0.043116 0.502785 0.624417 0.716990  -0.484863
0.043116 0.502785 0.674488 0.716990  -0.548253
0.043116 0.502785 0.674488 0.772941  -0.641452
0.104840 0.502785 0.674488 0.772941  -0.640380
0.104840 0.570425 0.674488 0.772941  -0.581873
0.104840 0.570425 0.748018 0.772941  -0.693564
0.104840 0.570425 0.748018 0.852468  -0.851268
0.190471 0.570425 0.748018 0.852468  -0.845511
0.190471 0.661733 0.748018 0.852468  -0.741352
0.190471 0.661733 0.844909 0.852468  -0.925969
0.190471 0.661733 0.844909 0.755212  -0.737211
0.099035 0.661733 0.844909 0.755212  -0.743150
0.099035 0.576340 0.844909 0.755212  -0.841475
0.099035 0.576340 0.765635 0.755212  -0.687131
0.099035 0.576340 0.765635 0.681853  -0.573409
0.031652 0.576340 0.765635 0.681853  -0.574349
0.031652 0.515057 0.765635 0.681853  -0.629154
0.031652 0.515057 0.710177 0.681853  -0.538519
0.031652 0.515057 0.710177 0.632034  -0.473987
-0.012460 0.515057 0.710177 0.632034  -0.474020
-0.012460 0.477149 0.710177 0.632034  -0.502024
-0.012460 0.477149 0.678377 0.632034  -0.456032
-0.012460 0.477149 0.678377 0.606045  -0.426150
-0.032335 0.477149 0.678377 0.606045  -0.426182
-0.032335 0.463427 0.678377 0.606045  -0.435287
-0.032335 0.463427 0.670645 0.606045  -0.424734
-0.032335 0.463427 0.670645 0.604242  -0.422754
-0.028346 0.463427 0.670645 0.604242  -0.422743
-0.028346 0.473151 0.670645 0.604242  -0.416345
-0.028346 0.473151 0.685947 0.604242  -0.437466
-0.028346 0.473151 0.685947 0.625312  -0.461358
-0.001490 0.473151 0.685947 0.625312  -0.461335
-0.001490 0.505889 0.685947 0.625312  -0.437791
-0.001490 0.505889 0.724514 0.625312  -0.495350
-0.001490 0.505889 0.724514 0.669951  -0.551541
0.049301 0.505889 0.724514 0.669951  -0.551421
0.049301 0.562357 0.724514 0.669951  -0.503047
0.049301 0.562357 0.786731 0.669951  -0.609679
0.049301 0.562357 0.786731 0.738130  -0.711142
0.123529 0.562357 0.786731 0.738130  -0.709377
0.123529 0.642372 0.786731 0.738130  -0.622151
0.123529 0.642372 0.872442 0.738130  -0.799270
0.123529 0.642372 0.872442 0.829922  -0.968735
0.221324 0.642372 0.872442 0.829922  -0.959779
0.221324 0.545684 0.872442 0.829922  -1.062359
0.221324 0.545684 0.782419 0.829922  -0.877276
0.221324 0.545684 0.782419 0.745543  -0.720049
0.142889 0.545684 0.782419 0.745543  -0.727973
0.142889 0.473159 0.782419 0.745543  -0.784532
0.142889 0.473159 0.715695 0.745543  -0.672144
0.142889 0.473159 0.715695 0.684377  -0.578288
0.087383 0.473159 0.715695 0.684377  -0.580539
0.087383 0.423581 0.715695 0.684377  -0.610470
0.087383 0.423581 0.672109 0.684377  -0.547489
0.087383 0.423581 0.672109 0.646525  -0.497189
0.055285 0.423581 0.672109 0.646525  -0.497687
0.055285 0.397145 0.672109 0.646525  -0.511047
0.055285 0.397145 0.651679 0.646525  -0.484194
0.055285 0.397145 0.651679 0.631716  -0.466047
0.046286 0.397145 0.651679 0.631716  -0.466116
0.046286 0.393976 0.651679 0.631716  -0.467604
0.046286 0.393976 0.654430 0.631716  -0.471123
0.046286 0.393976 0.654430 0.640562  -0.481863
0.061260 0.393976 0.654430 0.640562  -0.481732
0.061260 0.414935 0.654430 0.640562  -0.471444
0.061260 0.414935 0.681242 0.640562  -0.507323
0.061260 0.414935 0.681242 0.673271  -0.549677
0.100102 0.414935 0.681242 0.673271  -0.548904
0.100102 0.459573 0.681242 0.673271  -0.523279
0.100102 0.459573 0.731605 0.673271  -0.598710
0.100102 0.459573 0.731605 0.729439  -0.681642
0.162153 0.459573 0.731605 0.729439  -0.678381
0.162153 0.527343 0.731605 0.729439  -0.628797
0.162153 0.527343 0.805195 0.729439  -0.759248
0.162153 0.527343 0.805195 0.808802  -0.900214
0.247370 0.527343 0.805195 0.808802  -0.889341
0.247370 0.618261 0.805195 0.808802  -0.799662
0.247370 0.618261 0.901881 0.808802  -1.011202
0.247370 0.618261 0.901881 0.711607  -0.842462
0.156160 0.618261 0.901881 0.711607  -0.853791
0.156160 0.533013 0.901881 0.711607  -0.938688
0.156160 0.533013 0.822752 0.711607  -0.762046
0.156160 0.533013 0.822752 0.638379  -0.661856
0.088917 0.533013 0.822752 0.638379  -0.664961
0.088917 0.537832 0.822752 0.638379  -0.660817
0.088917 0.537832 0.833670 0.638379  -0.683285
0.088917 0.537832 0.833670 0.655362  -0.704606
0.111844 0.537832 0.833670 0.655362  -0.703910
0.111844 0.566764 0.833670 0.655362  -0.677427
0.111844 0.566764 0.868441 0.655362  -0.752992
0.111844 0.566764 0.868441 0.695820  -0.808406
0.158189 0.566764 0.868441 0.695820  -0.805847
0.158189 0.618735 0.868441 0.695820  -0.751032
0.158189 0.618735 0.926199 0.695820  -0.890595
0.158189 0.618735 0.926199 0.759458  -0.991741
0.228123 0.618735 0.926199 0.759458  -0.983828
0.228123 0.694649 0.926199 0.759458  -0.885506
0.228123 0.694649 1.007771 0.759458  -1.114468
0.228123 0.694649 1.007771 0.847344  -1.284816
0.322000 0.694649 1.007771 0.847344  -1.263301
0.322000 0.594716 1.007771 0.847344  -1.388152
0.322000 0.594716 0.913933 0.847344  -1.128041
0.322000 0.594716 0.913933 0.759582  -0.957907
0.240247 0.594716 0.913933 0.759582  -0.977427
0.240247 0.519011 0.913933 0.759582  -1.047962
0.240247 0.519011 0.844125 0.759582  -0.886057
0.240247 0.519011 0.844125 0.695351  -0.784016
0.181651 0.519011 0.844125 0.695351  -0.791889
0.181651 0.466160 0.844125 0.695351  -0.830397
0.181651 0.466160 0.797189 0.695351  -0.735540
0.181651 0.466160 0.797189 0.654442  -0.679623
0.146649 0.466160 0.797189 0.654442  -0.682463
0.146649 0.436939 0.797189 0.654442  -0.700343
0.146649 0.436939 0.773678 0.654442  -0.656829
0.146649 0.436939 0.773678 0.636440  -0.634328
0.134447 0.436939 0.773678 0.636440  -0.635052
0.134447 0.430511 0.773678 0.636440  -0.638680
0.134447 0.430511 0.773130 0.636440  -0.637697
0.134447 0.430511 0.773130 0.641613  -0.644034
0.145525 0.430511 0.773130 0.641613  -0.643383
0.145525 0.447451 0.773130 0.641613  -0.633588
0.145525 0.447451 0.795933 0.641613  -0.675695
0.145525 0.447451 0.795933 0.670222  -0.712626
0.179892 0.447451 0.795933 0.670222  -0.709886
0.179892 0.487615 0.795933 0.670222  -0.683532
0.179892 0.487615 0.841984 0.670222  -0.776214
0.179892 0.487615 0.841984 0.722143  -0.851743
0.237572 0.487615 0.841984 0.722143  -0.844156
0.237572 0.551290 0.841984 0.722143  -0.792547
0.237572 0.551290 0.911422 0.722143  -0.952744
0.237572 0.551290 0.911422 0.797369  -1.083117
0.318642 0.551290 0.911422 0.797369  -1.064173
0.318642 0.638170 0.911422 0.797369  -0.971819
0.318642 0.638170 1.004212 0.797369  -1.227398
0.318642 0.638170 1.004212 0.896463  -1.440872
0.223846 0.638170 1.004212 0.896463  -1.462008
0.223846 0.549355 1.004212 0.896463  -1.556120
0.223846 0.549355 0.921529 0.896463  -1.326009
0.223846 0.549355 0.921529 0.819686  -1.156305
0.152851 0.549355 0.921529 0.819686  -1.163950
0.152851 0.484512 0.921529 0.819686  -1.216000
0.152851 0.484512 0.862876 0.819686  -1.075883
0.152851 0.484512 0.862876 0.767010  -0.976382
0.106193 0.484512 0.862876 0.767010  -0.978756
0.106193 0.443792 0.862876 0.767010  -1.005090
0.106193 0.443792 0.828081 0.767010  -0.930462
0.106193 0.443792 0.828081 0.738121  -0.881372
0.083133 0.443792 0.828081 0.738121  -0.881995
0.083133 0.426647 0.828081 0.738121  -0.891739
0.083133 0.426647 0.816899 0.738121  -0.869043
0.083133 0.426647 0.816899 0.732772  -0.860364
0.083585 0.426647 0.816899 0.732772  -0.860355
0.083585 0.432725 0.816899 0.732772  -0.856988
0.083585 0.432725 0.828602 0.732772  -0.880755
0.083585 0.432725 0.828602 0.750334  -0.909729
0.106805 0.432725 0.828602 0.750334  -0.909094
0.106805 0.461509 0.828602 0.750334  -0.891826
0.106805 0.461509 0.863083 0.750334  -0.965844
0.106805 0.461509 0.863083 0.790658  -1.037678
0.152992 0.461509 0.863083 0.790658  -1.035315
0.152992 0.513757 0.863083 0.790658  -0.998008
0.152992 0.513757 0.921190 0.790658  -1.136801
0.152992 0.513757 0.921190 0.854954  -1.267456
0.223246 0.513757 0.921190 0.854954  -1.259910
0.223246 0.589774 0.921190 0.854954  -1.190371
0.223246 0.589774 1.002938 0.854954  -1.417497
0.223246 0.589774 1.002938 0.942887  -1.630829
0.317324 0.589774 1.002938 0.942887  -1.610003
0.317324 0.689750 1.002938 0.942887  -1.486995
0.317324 0.689750 0.908938 0.942887  -1.229090
0.317324 0.689750 0.908938 0.854730  -1.015265
0.301598 0.689750 0.908938 0.854730  -1.019784
0.301598 0.680188 0.908938 0.854730  -1.033243
0.301598 0.680188 0.905348 0.854730  -1.024380
0.301598 0.680188 0.905348 0.857151  -1.029701
0.309885 0.680188 0.905348 0.857151  -1.027377
0.309885 0.694548 0.905348 0.857151  -1.007023
0.309885 0.694548 0.925480 0.857151  -1.057636
0.309885 0.694548 0.925480 0.883116  -1.116619
0.341747 0.694548 0.925480 0.883116  -1.106464
0.341747 0.732253 0.925480 0.883116  -1.048881
0.341747 0.732253 0.968896 0.883116  -1.165754
0.341747 0.732253 0.968896 0.932557  -1.288025
0.397406 0.732253 0.968896 0.932557  -1.265175
0.397406 0.793528 0.968896 0.932557  -1.158131
0.397406 0.793528 1.035876 0.932557  -1.360108
0.397406 0.793528 1.035876 1.005424  -1.565460
0.476383 0.793528 1.035876 1.005424  -1.520112
0.476383 0.878257 1.035876 1.005424  -1.342355
0.476383 0.878257 1.126270 1.005424  -1.659475
0.476383 0.878257 1.126270 1.101808  -1.980690
0.378839 0.878257 1.126270 1.101808  -2.034430
0.378839 0.786870 1.126270 1.101808  -2.224660
0.378839 0.786870 1.041029 1.101808  -1.924211
0.378839 0.786870 1.041029 1.022188  -1.654688
0.305043 0.786870 1.041029 1.022188  -1.680674
0.305043 0.718828 1.041029 1.022188  -1.796447
0.305043 0.718828 0.978669 1.022188  -1.605604
0.305043 0.718828 0.978669 0.965716  -1.438184
0.254324 0.718828 0.978669 0.965716  -1.450118
0.254324 0.673838 0.978669 0.965716  -1.515585
0.254324 0.673838 0.939314 0.965716  -1.406990
0.254324 0.673838 0.939314 0.932124  -1.316238
0.226316 0.673838 0.939314 0.932124  -1.321096
0.226316 0.651731 0.939314 0.932124  -1.350233
0.226316 0.651731 0.922946 0.932124  -1.307656
0.226316 0.651731 0.922946 0.921457  -1.280169
0.221427 0.651731 0.922946 0.921457  -1.280905
0.221427 0.652456 0.922946 0.921457  -1.279979
0.221427 0.652456 0.929416 0.921457  -1.296629
0.221427 0.652456 0.929416 0.933724  -1.328292
0.239522 0.652456 0.929416 0.933724  -1.325407
0.239522 0.676452 0.929416 0.933724  -1.293621
0.239522 0.676452 0.959208 0.933724  -1.373327
0.239522 0.676452 0.959208 0.969488  -1.470498
0.281122 0.676452 0.959208 0.969488  -1.462023
0.281122 0.723667 0.959208 0.969488  -1.392580
0.281122 0.723667 1.012347 0.969488  -1.547531
0.281122 0.723667 1.012347 1.028793  -1.725195
0.346518 0.723667 1.012347 1.028793  -1.705804
0.346518 0.794796 1.012347 1.028793  -1.582709
0.346518 0.794796 1.089231 1.028793  -1.837498
0.346518 0.794796 1.089231 1.111530  -2.121900
0.435644 0.794796 1.089231 1.111530  -2.080829
0.435644 0.890036 1.089231 1.111530  -1.877848
0.435644 0.890036 0.990523 1.111530  -1.557398
0.435644 0.890036 0.990523 1.018908  -1.241909
0.349103 0.890036 0.990523 1.018908  -1.282041
0.349103 0.809496 0.990523 1.018908  -1.456648
0.349103 0.809496 0.915826 1.018908  -1.252946
0.349103 0.809496 0.915826 0.950065  -1.052693
0.285734 0.809496 0.915826 0.950065  -1.071911
0.285734 0.751983 0.915826 0.950065  -1.177129
0.285734 0.751983 0.864072 0.950065  -1.054126
0.285734 0.751983 0.864072 0.904136  -0.935671
0.245624 0.751983 0.864072 0.904136  -0.944180
0.245624 0.718059 0.864072 0.904136  -0.999173
0.245624 0.718059 0.836092 0.904136  -0.938508
0.245624 0.718059 0.836092 0.882026  -0.885603
0.229526 0.718059 0.836092 0.882026  -0.888330
0.229526 0.708145 0.836092 0.882026  -0.903455
0.229526 0.708145 0.832235 0.882026  -0.895404
0.229526 0.708145 0.832235 0.883890  -0.899762
0.237523 0.708145 0.832235 0.883890  -0.898453
0.237523 0.721872 0.832235 0.883890  -0.877401
0.237523 0.721872 0.851687 0.883890  -0.918771
0.237523 0.721872 0.851687 0.909526  -0.980617
0.269260 0.721872 0.851687 0.909526  -0.974496
0.269260 0.759605 0.851687 0.909526  -0.912371
0.269260 0.759605 0.895282 0.909526  -1.012177
0.269260 0.759605 0.895282 0.959179  -1.142250
0.325168 0.759605 0.895282 0.959179  -1.127390
0.325168 0.821537 0.895282 0.959179  -1.011208
0.325168 0.821537 0.962802 0.959179  -1.186118
0.325168 0.821537 0.962802 1.032605  -1.404689
0.404571 0.821537 0.962802 1.032605  -1.372851
0.404571 0.906915 0.962802 1.032605  -1.181392
0.404571 0.906915 1.053834 1.032605  -1.459239
0.404571 0.906915 1.053834 0.996284  -1.347095
0.374593 0.906915 1.053834 0.996284  -1.360752
0.374593 0.882837 1.053834 0.996284  -1.418601
0.374593 0.882837 1.035605 0.996284  -1.358912
0.374593 0.882837 1.035605 0.983861  -1.322378
0.367989 0.882837 1.035605 0.983861  -1.325109
0.367989 0.882067 1.035605 0.983861  -1.326908
0.367989 0.882067 1.040641 0.983861  -1.343189
0.367989 0.882067 1.040641 0.994902  -1.375614
0.385002 0.882067 1.040641 0.994902  -1.368378
0.385002 0.904918 1.040641 0.994902  -1.313646
0.385002 0.904918 1.069356 0.994902  -1.409534
0.385002 0.904918 1.069356 1.029755  -1.516696
0.425775 0.904918 1.069356 1.029755  -1.496577
0.425775 0.951529 1.069356 1.029755  -1.376072
0.425775 0.951529 1.121953 1.029755  -1.565529
0.425775 0.951529 1.121953 1.088570  -1.763521
0.490776 0.951529 1.121953 1.088570  -1.722498
0.490776 1.022297 1.121953 1.088570  -1.515627
0.490776 1.022297 1.198460 1.088570  -1.824695
0.490776 1.022297 1.198460 1.171040  -2.140643
0.579317 1.022297 1.198460 1.171040  -2.064428
0.579317 1.116754 1.198460 1.171040  -1.740075
0.579317 1.116754 1.098756 1.171040  -1.345205
0.579317 1.116754 1.098756 1.077164  -0.989132
0.491618 1.116754 1.098756 1.077164  -1.064738
0.491618 1.035101 1.098756 1.077164  -1.348442
0.491618 1.035101 1.023146 1.077164  -1.093013
0.491618 1.035101 1.023146 1.007456  -0.865734
0.427702 1.035101 1.023146 1.007456  -0.906313
0.427702 0.977037 1.023146 1.007456  -1.082675
0.427702 0.977037 0.970846 1.007456  -0.926679
0.427702 0.977037 0.970846 0.961013  -0.791682
0.387416 0.977037 0.970846 0.961013  -0.811773
0.387416 0.942964 0.970846 0.961013  -0.905988
0.387416 0.942964 0.943048 0.961013  -0.829616
0.387416 0.942964 0.943048 0.939130  -0.770357
0.371353 0.942964 0.943048 0.939130  -0.777294
0.371353 0.932746 0.943048 0.939130  -0.804257
0.371353 0.932746 0.938612 0.939130  -0.792477
0.371353 0.932746 0.938612 0.940362  -0.795741
0.378143 0.932746 0.938612 0.940362  -0.792880
0.378143 0.945206 0.938612 0.940362  -0.759924
0.378143 0.945206 0.956702 0.940362  -0.808662
0.378143 0.945206 0.956702 0.964200  -0.873516
0.407952 0.945206 0.956702 0.964200  -0.859694
0.407952 0.980988 0.956702 0.964200  -0.760113
0.407952 0.980988 0.998393 0.964200  -0.879650
0.407952 0.980988 0.998393 1.012138  -1.020109
0.462128 0.980988 0.998393 1.012138  -0.989309
0.462128 1.041410 0.998393 1.012138  -0.803904
0.462128 1.041410 1.064873 1.012138  -1.016235
0.462128 1.041410 1.064873 1.084674  -1.255516
0.540712 1.041410 1.064873 1.084674  -1.196121
0.540712 1.125814 1.064873 1.084674  -0.898645
0.540712 1.125814 1.155192 1.084674  -1.232696
0.540712 1.125814 1.155192 1.180880  -1.603270
0.442970 1.125814 1.155192 1.180880  -1.674438
0.442970 1.034225 1.155192 1.180880  -1.995130
0.442970 1.034225 1.069664 1.180880  -1.677450
0.442970 1.034225 1.069664 1.101456  -1.367032
0.369333 1.034225 1.069664 1.101456  -1.403573
0.369333 0.966447 1.069664 1.101456  -1.607123
0.369333 0.966447 1.007724 1.101456  -1.406585
0.369333 0.966447 1.007724 1.045270  -1.212344
0.318906 0.966447 1.007724 1.045270  -1.230291
0.318906 0.921688 1.007724 1.045270  -1.349990
0.318906 0.921688 0.968836 1.045270  -1.236030
0.318906 0.921688 0.968836 1.012246  -1.131168
0.291820 0.921688 0.968836 1.012246  -1.138749
0.291820 0.900639 0.968836 1.012246  -1.191177
0.291820 0.900639 0.953920 1.012246  -1.149818
0.291820 0.900639 0.953920 1.003511  -1.123200
0.289674 0.900639 0.953920 1.003511  -1.123744
0.289674 0.904394 0.953920 1.003511  -1.114569
0.289674 0.904394 0.963575 1.003511  -1.141191
0.289674 0.904394 0.963575 1.019158  -1.189201
0.311282 0.904394 0.963575 1.019158  -1.183346
0.311282 0.931913 0.963575 1.019158  -1.113745
0.311282 0.931913 0.996885 1.019158  -1.209773
0.311282 0.931913 0.996885 1.058416  -1.336876
0.356402 0.931913 0.996885 1.058416  -1.321767
0.356402 0.983004 0.996885 1.058416  -1.181222
0.356402 0.983004 1.054039 1.058416  -1.361574
0.356402 0.983004 1.054039 1.121602  -1.586857
0.425651 0.983004 1.054039 1.121602  -1.555009
0.425651 1.058278 1.054039 1.121602  -1.319663
0.425651 1.058278 0.999745 1.121602  -1.147863
0.425651 1.058278 0.999745 1.073622  -0.974420
0.383665 1.058278 0.999745 1.073622  -0.995064
0.383665 1.022307 0.999745 1.073622  -1.111859
0.383665 1.022307 0.969765 1.073622  -1.024633
0.383665 1.022307 0.969765 1.049428  -0.942843
0.365249 1.022307 0.969765 1.049428  -0.950591
0.365249 1.009849 0.969765 1.049428  -0.989179
0.365249 1.009849 0.963135 1.049428  -0.970603
0.365249 1.009849 0.963135 1.048595  -0.967852
0.370226 1.009849 0.963135 1.048595  -0.965832
0.370226 1.020552 0.963135 1.048595  -0.932740
0.370226 1.020552 0.979634 1.048595  -0.979446
0.370226 1.020552 0.979634 1.071009  -1.054974
0.398516 1.020552 0.979634 1.071009  -1.042430
0.398516 1.054558 0.979634 1.071009  -0.932594
0.398516 1.054558 1.019290 1.071009  -1.051448
0.398516 1.054558 1.019290 1.116727  -1.215583
0.450210 1.054558 1.019290 1.116727  -1.187620
0.450210 1.112399 1.019290 1.116727  -0.983869
0.450210 1.112399 1.083032 1.116727  -1.195227
0.450210 1.112399 1.083032 1.186515  -1.472980
0.526052 1.112399 1.083032 1.186515  -1.418658
0.526052 1.194013 1.083032 1.186515  -1.092909
0.526052 1.194013 1.170405 1.186515  -1.425835
0.526052 1.194013 1.170405 1.279893  -1.852061
0.625401 1.194013 1.170405 1.279893  -1.753025
0.625401 1.099177 1.170405 1.279893  -2.127276
0.625401 1.099177 1.081479 1.279893  -1.788895
0.625401 1.099177 1.081479 1.196754  -1.406285
0.547878 1.099177 1.081479 1.196754  -1.486439
0.547878 1.027565 1.081479 1.196754  -1.729458
0.547878 1.027565 1.015967 1.196754  -1.513233
0.547878 1.027565 1.015967 1.136989  -1.269055
0.493910 1.027565 1.015967 1.136989  -1.313024
0.493910 0.979545 1.015967 1.136989  -1.458139
0.493910 0.979545 0.973881 1.136989  -1.333140
0.493910 0.979545 0.973881 1.101042  -1.198089
0.463782 0.979545 0.973881 1.101042  -1.218820
0.463782 0.955379 0.973881 1.101042  -1.286679
0.463782 0.955379 0.955630 1.101042  -1.235717
0.463782 0.955379 0.955630 1.088777  -1.191607
0.457389 0.955379 0.955630 1.088777  -1.195676
0.457389 0.954877 0.955630 1.088777  -1.197049
0.457389 0.954877 0.961091 1.088777  -1.212094
0.457389 0.954877 0.961091 1.100309  -1.253542
0.474708 0.954877 0.961091 1.100309  -1.242256
0.474708 0.978002 0.961091 1.100309  -1.177457
0.474708 0.978002 0.990082 1.100309  -1.260242
0.474708 0.978002 0.990082 1.135159  -1.390870
0.515538 0.978002 0.990082 1.135159  -1.360824
0.515538 1.024416 0.990082 1.135159  -1.221220
0.515538 1.024416 1.042292 1.135159  -1.382998
0.515538 1.024416 1.042292 1.193241  -1.619213
0.579274 1.024416 1.042292 1.193241  -1.561852
0.579274 1.093896 1.042292 1.193241  -1.327938
0.579274 1.093896 1.117365 1.193241  -1.590655
0.579274 1.093896 1.117365 1.273891  -1.958957
0.665593 1.093896 1.117365 1.273891  -1.858470
0.665593 1.186320 1.117365 1.273891  -1.497862
0.665593 1.186320 1.215476 1.273891  -1.898547
0.665593 1.186320 1.215476 1.177902  -1.465565
0.575357 1.186320 1.215476 1.177902  -1.569968
0.575357 1.101980 1.215476 1.177902  -1.901340
0.575357 1.101980 1.137013 1.177902  -1.575551
0.575357 1.101980 1.137013 1.104914  -1.290183
0.508056 1.101980 1.137013 1.104914  -1.349508
0.508056 1.040423 1.137013 1.104914  -1.561471
0.508056 1.040423 1.081152 1.104914  -1.355290
0.508056 1.040423 1.081152 1.054812  -1.179984
0.463763 1.040423 1.081152 1.054812  -1.211379
0.463763 1.002098 1.081152 1.054812  -1.331310
0.463763 1.002098 1.048822 1.054812  -1.221295
0.463763 1.002098 1.048822 1.028156  -1.134549
0.442864 1.002098 1.048822 1.028156  -1.147435
0.442864 0.986981 1.048822 1.028156  -1.192293
0.442864 0.986981 1.039716 1.028156  -1.162502
0.442864 0.986981 1.039716 1.024921  -1.152275
0.445341 0.986981 1.039716 1.024921  -1.150809
0.445341 0.995268 1.039716 1.024921  -1.126387
0.445341 0.995268 1.053628 1.024921  -1.172113
0.445341 0.995268 1.053628 1.044601  -1.235333
0.471007 0.995268 1.053628 1.044601  -1.219164
0.471007 1.027144 1.053628 1.044601  -1.121374
0.471007 1.027144 1.091291 1.044601  -1.251342
0.471007 1.027144 1.091291 1.088259  -1.400314
0.520433 1.027144 1.091291 1.088259  -1.363847
0.520433 0.945815 1.091291 1.088259  -1.601414
0.520433 0.945815 1.017728 1.088259  -1.355910
0.520433 0.945815 1.017728 1.020468  -1.129748
0.458453 0.945815 1.017728 1.020468  -1.174351
0.458453 0.889840 1.017728 1.020468  -1.315857
0.458453 0.889840 0.967777 1.020468  -1.168138
0.458453 0.889840 0.967777 0.976560  -1.036781
0.420843 0.889840 0.967777 0.976560  -1.058603
0.420843 0.858273 0.967777 0.976560  -1.130960
0.420843 0.858273 0.942305 0.976560  -1.061258
0.420843 0.858273 0.942305 0.956955  -1.006286
0.407190 0.858273 0.942305 0.956955  -1.013307
0.407190 0.850693 0.942305 0.956955  -1.029912
0.407190 0.850693 0.940521 0.956955  -1.025168
0.407190 0.850693 0.940521 0.960854  -1.035924
0.416942 0.850693 0.940521 0.960854  -1.030956
0.416942 0.866212 0.940521 0.960854  -0.996644
0.416942 0.866212 0.962221 0.960854  -1.055568
0.416942 0.866212 0.962221 0.988340  -1.133896
0.450662 0.866212 0.962221 0.988340  -1.114850
0.450662 0.906065 0.962221 0.988340  -1.020954
0.450662 0.906065 1.007752 0.988340  -1.153499
0.450662 0.906065 1.007752 1.039871  -1.312517
0.507932 0.906065 1.007752 1.039871  -1.273001
0.507932 0.969078 1.007752 1.039871  -1.106764
0.507932 0.969078 1.076575 1.039871  -1.331095
0.507932 0.969078 1.076575 1.114652  -1.591548
0.588681 0.969078 1.076575 1.114652  -1.518587
0.588681 1.055703 1.076575 1.114652  -1.252068
0.588681 1.055703 1.168997 1.114652  -1.601799
0.588681 1.055703 1.168997 1.212994  -2.001643
0.493085 1.055703 1.168997 1.212994  -2.085763
0.493085 0.966070 1.168997 1.212994  -2.360732
0.493085 0.966070 1.085211 1.212994  -2.041268
0.493085 0.966070 1.085211 1.135080  -1.718972
0.421062 0.966070 1.085211 1.135080  -1.764206
0.421062 0.900052 1.085211 1.135080  -1.936702
0.421062 0.900052 1.024976 1.135080  -1.735482
0.421062 0.900052 1.024976 1.080698  -1.535192
0.372439 0.900052 1.024976 1.080698  -1.558183
0.372439 0.857087 1.024976 1.080698  -1.657695
0.372439 0.857087 0.987765 1.080698  -1.544622
0.372439 0.857087 0.987765 1.049187  -1.437405
0.346719 0.857087 0.987765 1.049187  -1.447385
0.346719 0.837330 0.987765 1.049187  -1.489930
0.346719 0.837330 0.974264 1.049187  -1.450951
0.346719 0.837330 0.974264 1.041488  -1.425710
0.345120 0.837330 0.974264 1.041488  -1.426284
0.345120 0.842054 0.974264 1.041488  -1.416292
0.345120 0.842054 0.984831 1.041488  -1.446710
0.345120 0.842054 0.984831 1.057907  -1.500987
0.367431 0.842054 0.984831 1.057907  -1.492489
0.367431 0.870066 0.984831 1.057907  -1.430898
0.367431 0.870066 1.018550 1.057907  -1.532407
0.367431 0.870066 1.018550 1.097574  -1.670646
0.412988 0.870066 1.018550 1.097574  -1.649812
0.412988 0.921449 1.018550 1.097574  -1.526091
0.412988 0.921449 1.075781 1.097574  -1.714409
0.412988 0.921449 1.075781 1.160522  -1.955198
0.481902 0.921449 1.075781 1.160522  -1.913725
0.481902 0.995964 1.075781 1.160522  -1.708158
0.481902 0.995964 1.156026 1.160522  -2.008061
0.481902 0.995964 1.156026 1.246792  -2.383183
0.573978 0.995964 1.156026 1.246792  -2.305998
0.573978 1.093953 1.156026 1.246792  -1.984768
0.573978 1.093953 1.059751 1.246792  -1.630034
0.573978 1.093953 1.059751 1.156445  -1.238499
0.489428 1.093953 1.059751 1.156445  -1.310359
0.489428 1.015218 1.059751 1.156445  -1.573178
0.489428 1.015218 0.986884 1.156445  -1.344167
0.489428 1.015218 0.986884 1.089450  -1.090645
0.428556 1.015218 0.986884 1.089450  -1.129174
0.428556 0.960270 0.986884 1.089450  -1.290042
0.428556 0.960270 0.938031 1.089450  -1.154253
0.428556 0.960270 0.938031 1.046564  -1.007482
0.391751 0.960270 0.938031 1.046564  -1.026069
0.391751 0.929565 0.938031 1.046564  -1.108322
0.391751 0.929565 0.913398 1.046564  -1.044991
0.391751 0.929565 0.913398 1.027718  -0.984173
0.378876 0.929565 0.913398 1.027718  -0.989908
0.378876 0.922515 0.913398 1.027718  -1.008046
0.378876 0.922515 0.912230 1.027718  -1.005126
0.378876 0.922515 0.912230 1.032302  -1.019717
0.389399 0.922515 0.912230 1.032302  -1.015058
0.389399 0.938778 0.912230 1.032302  -0.972801
0.389399 0.938778 0.934299 1.032302  -1.029238
0.389399 0.938778 0.934299 1.060253  -1.121037
0.423487 0.938778 0.934299 1.060253  -1.104133
0.423487 0.845100 0.934299 1.060253  -1.327916
0.423487 0.845100 0.847025 1.060253  -1.120052
0.423487 0.845100 0.847025 0.978989  -0.866467
0.348095 0.845100 0.847025 0.978989  -0.900237
0.348095 0.775752 0.847025 0.978989  -1.036962
0.348095 0.775752 0.783671 0.978989  -0.910548
0.348095 0.775752 0.783671 0.921460  -0.754667
0.296353 0.775752 0.783671 0.921460  -0.770818
0.296353 0.730158 0.783671 0.921460  -0.848389
0.296353 0.730158 0.744215 0.921460  -0.779292
0.296353 0.730158 0.744215 0.888022  -0.697170
0.268877 0.730158 0.744215 0.888022  -0.703759
0.268877 0.708441 0.744215 0.888022  -0.737471
0.268877 0.708441 0.728308 0.888022  -0.711601
0.268877 0.708441 0.728308 0.877799  -0.687692
0.264303 0.708441 0.728308 0.877799  -0.688668
0.264303 0.709609 0.728308 0.877799  -0.686905
0.264303 0.709609 0.735116 0.877799  -0.697841
0.264303 0.709609 0.735116 0.890347  -0.727264
0.282685 0.709609 0.735116 0.890347  -0.723137
0.282685 0.733736 0.735116 0.890347  -0.685438
0.282685 0.733736 0.764882 0.890347  -0.735675
0.282685 0.733736 0.764882 0.925877  -0.823586
0.324015 0.733736 0.764882 0.925877  -0.812159
0.324015 0.780762 0.764882 0.925877  -0.731234
0.324015 0.780762 0.817630 0.925877  -0.830344
0.324015 0.780762 0.817630 0.984686  -0.991398
0.388862 0.780762 0.817630 0.984686  -0.966614
0.388862 0.851487 0.817630 0.984686  -0.825204
0.388862 0.851487 0.894055 0.984686  -0.993253
0.388862 0.851487 0.894055 1.067008  -1.253290
0.477317 0.851487 0.894055 1.067008  -1.203344
0.477317 0.945880 0.894055 1.067008  -0.974428
0.477317 0.945880 0.794439 1.067008  -0.761175
0.477317 0.945880 0.794439 0.973449  -0.468824
0.389587 0.945880 0.794439 0.973449  -0.518441
0.389587 0.864103 0.794439 0.973449  -0.719506
0.389587 0.864103 0.718525 0.973449  -0.589069
0.389587 0.864103 0.718525 0.903204  -0.403437
0.325047 0.864103 0.718525 0.903204  -0.428225
0.325047 0.805455 0.718525 0.903204  -0.550884
0.325047 0.805455 0.665654 0.903204  -0.474873
0.325047 0.805455 0.665654 0.855972  -0.365222
0.283493 0.805455 0.665654 0.855972  -0.376781
0.283493 0.769564 0.665654 0.855972  -0.443568
0.283493 0.769564 0.635636 0.855972  -0.405438
0.283493 0.769564 0.635636 0.831404  -0.352971
0.264578 0.769564 0.635636 0.831404  -0.357234
0.264578 0.756432 0.635636 0.831404  -0.380169
0.264578 0.756432 0.628361 0.831404  -0.371452
0.264578 0.756432 0.628361 0.829727  -0.367981
0.268772 0.756432 0.628361 0.829727  -0.367086
0.268772 0.766337 0.628361 0.829727  -0.349859
0.268772 0.766337 0.643939 0.829727  -0.368773
0.268772 0.766337 0.643939 0.850917  -0.413664
0.295953 0.766337 0.643939 0.850917  -0.407158
0.295953 0.799224 0.643939 0.850917  -0.346695
0.295953 0.799224 0.682408 0.850917  -0.397465
0.295953 0.799224 0.682408 0.895368  -0.499153
0.346214 0.799224 0.682408 0.895368  -0.483576
0.346214 0.855163 0.682408 0.895368  -0.368704
0.346214 0.855163 0.743716 0.895368  -0.462279
0.346214 0.855163 0.743716 0.962406  -0.635882
0.419044 0.855163 0.743716 0.962406  -0.603798
0.419044 0.933605 0.743716 0.962406  -0.415436
0.419044 0.933605 0.827853 0.962406  -0.571439
0.419044 0.933605 0.827853 1.052407  -0.845638
0.515082 0.933605 0.827853 1.052407  -0.782565
0.515082 0.835591 0.827853 1.052407  -1.012892
0.515082 0.835591 0.735755 1.052407  -0.843819
0.515082 0.835591 0.735755 0.965962  -0.579537
0.434457 0.835591 0.735755 0.965962  -0.634189
0.434457 0.760904 0.735755 0.965962  -0.777063
0.434457 0.760904 0.666992 0.965962  -0.675505
0.434457 0.760904 0.666992 0.902831  -0.510081
0.377021 0.760904 0.666992 0.902831  -0.538495
0.377021 0.709285 0.666992 0.902831  -0.622209
0.377021 0.709285 0.621116 0.902831  -0.565095
0.377021 0.709285 0.621116 0.862608  -0.471056
0.342667 0.709285 0.621116 0.862608  -0.484411
0.342667 0.680940 0.621116 0.862608  -0.525505
0.342667 0.680940 0.598686 0.862608  -0.500471
0.342667 0.680940 0.598686 0.845979  -0.464062
0.331839 0.680940 0.598686 0.845979  -0.467757
0.331839 0.675980 0.598686 0.845979  -0.474606
0.331839 0.675980 0.599750 0.845979  -0.475751
0.331839 0.675980 0.599750 0.852976  -0.490899
0.409591 0.675980 0.599750 0.852976  -0.458725
0.409591 0.759708 0.599750 0.852976  -0.329143
0.409591 0.759708 0.689298 0.852976  -0.440920
0.409591 0.759708 0.689298 0.948502  -0.673647
0.310955 0.759708 0.689298 0.948502  -0.712295
0.310955 0.667011 0.689298 0.948502  -0.854010
0.310955 0.667011 0.602554 0.948502  -0.745272
0.310955 0.667011 0.602554 0.867639  -0.545102
0.235841 0.667011 0.602554 0.867639  -0.562052
0.235841 0.597726 0.602554 0.867639  -0.645254
0.235841 0.597726 0.538938 0.867639  -0.583021
0.235841 0.597726 0.538938 0.809644  -0.460606
0.183433 0.597726 0.538938 0.809644  -0.467551
0.183433 0.551053 0.538938 0.809644  -0.513773
0.183433 0.551053 0.497914 0.809644  -0.480678
0.183433 0.551053 0.497914 0.774222  -0.414021
0.153697 0.551053 0.497914 0.774222  -0.416562
0.153697 0.527086 0.497914 0.774222  -0.437460
0.153697 0.527086 0.479661 0.774222  -0.424376
0.153697 0.527086 0.479661 0.761639  -0.402114
0.146796 0.527086 0.479661 0.761639  -0.402582
0.146796 0.525948 0.479661 0.761639  -0.403528
0.146796 0.525948 0.484310 0.761639  -0.406768
0.146796 0.525948 0.484310 0.771989  -0.425026
0.162975 0.525948 0.484310 0.771989  -0.423860
0.162975 0.547857 0.484310 0.771989  -0.404910
0.162975 0.547857 0.512067 0.771989  -0.425583
0.162975 0.547857 0.512067 0.805495  -0.488127
0.202159 0.547857 0.512067 0.805495  -0.484194
0.202159 0.592724 0.512067 0.805495  -0.440395
0.202159 0.592724 0.562612 0.805495  -0.484209
0.202159 0.592724 0.562612 0.861793  -0.601629
0.264167 0.592724 0.562612 0.861793  -0.591456
0.264167 0.660463 0.562612 0.861793  -0.511591
0.264167 0.660463 0.636109 0.861793  -0.590899
0.264167 0.660463 0.636109 0.940973  -0.784021
0.349162 0.660463 0.636109 0.940973  -0.759888
0.349162 0.751188 0.636109 0.940973  -0.624107
0.349162 0.751188 0.732668 0.940973  -0.760013
0.349162 0.751188 0.732668 0.843295  -0.526553
0.257166 0.751188 0.732668 0.843295  -0.552113
0.257166 0.664974 0.732668 0.843295  -0.681951
0.257166 0.664974 0.652297 0.843295  -0.566200
0.257166 0.664974 0.652297 0.768816  -0.420924
0.188222 0.664974 0.652297 0.768816  -0.431264
0.188222 0.601751 0.652297 0.768816  -0.507412
0.188222 0.601751 0.594999 0.768816  -0.440509
0.188222 0.601751 0.594999 0.717265  -0.355089
0.142567 0.601751 0.594999 0.717265  -0.358860
0.142567 0.562234 0.594999 0.717265  -0.399030
0.142567 0.562234 0.561464 0.717265  -0.365384
0.142567 0.562234 0.561464 0.689261  -0.323827
0.120226 0.562234 0.561464 0.689261  -0.324987
0.120226 0.545766 0.561464 0.689261  -0.340152
0.120226 0.545766 0.550949 0.689261  -0.330392
0.120226 0.545766 0.550949 0.684659  -0.323876
0.121326 0.545766 0.550949 0.684659  -0.323828
0.121326 0.552439 0.550949 0.684659  -0.317793
0.121326 0.552439 0.563256 0.684659  -0.329253
0.121326 0.552439 0.563256 0.702839  -0.355504
0.145464 0.552439 0.563256 0.702839  -0.354212
0.145464 0.582439 0.563256 0.702839  -0.325227
0.145464 0.582439 0.598959 0.702839  -0.361406
0.145464 0.582439 0.598959 0.744399  -0.426709
0.192824 0.582439 0.598959 0.744399  -0.422618
0.192824 0.635605 0.598959 0.744399  -0.363421
0.192824 0.635605 0.657708 0.744399  -0.433055
0.192824 0.635605 0.657708 0.808958  -0.549955
0.263262 0.635605 0.657708 0.808958  -0.538879
0.263262 0.711558 0.657708 0.808958  -0.435386
0.263262 0.711558 0.739158 0.808958  -0.554718
0.263262 0.711558 0.739158 0.896219  -0.745176
0.356386 0.711558 0.739158 0.896219  -0.718157
0.356386 0.810416 0.739158 0.896219  -0.546169
0.356386 0.810416 0.643913 0.896219  -0.409308
0.356386 0.810416 0.643913 0.806543  -0.214122
0.272420 0.810416 0.643913 0.806543  -0.239170
0.272420 0.732336 0.643913 0.806543  -0.378665
0.272420 0.732336 0.571714 0.806543  -0.298553
0.272420 0.732336 0.571714 0.740042  -0.179180
0.211823 0.732336 0.571714 0.740042  -0.189893
0.211823 0.677608 0.571714 0.740042  -0.271532
0.211823 0.677608 0.522852 0.740042  -0.227597
0.211823 0.677608 0.522852 0.696952  -0.160844
0.174502 0.677608 0.522852 0.696952  -0.165035
0.174502 0.646097 0.522852 0.696952  -0.206453
0.174502 0.646097 0.497086 0.696952  -0.186345
0.174502 0.646097 0.497086 0.743829  -0.259352
0.227231 0.646097 0.497086 0.743829  -0.252933
0.227231 0.704414 0.497086 0.743829  -0.173111
0.227231 0.704414 0.560933 0.743829  -0.226779
0.227231 0.704414 0.560933 0.813472  -0.353537
0.302628 0.704414 0.560933 0.813472  -0.337554
0.302628 0.785357 0.560933 0.813472  -0.202687
0.302628 0.785357 0.647472 0.813472  -0.297625
0.302628 0.785357 0.647472 0.905632  -0.502092
0.400471 0.785357 0.647472 0.905632  -0.465581
0.400471 0.688716 0.647472 0.905632  -0.623299
0.400471 0.688716 0.556651 0.905632  -0.524350
0.400471 0.688716 0.556651 0.820635  -0.334229
0.321224 0.688716 0.556651 0.820635  -0.365310
0.321224 0.615356 0.556651 0.820635  -0.458977
0.321224 0.615356 0.489096 0.820635  -0.403492
0.321224 0.615356 0.489096 0.758772  -0.287693
0.265052 0.615356 0.489096 0.758772  -0.302218
0.265052 0.565052 0.489096 0.758772  -0.354818
0.265052 0.565052 0.444570 0.758772  -0.325685
0.265052 0.565052 0.444570 0.720065  -0.262183
0.231957 0.565052 0.444570 0.720065  -0.268323
0.231957 0.538141 0.444570 0.720065  -0.292891
0.231957 0.538141 0.423749 0.720065  -0.281116
0.231957 0.538141 0.423749 0.705055  -0.258251
0.222985 0.538141 0.423749 0.705055  -0.259644
0.222985 0.534990 0.423749 0.705055  -0.262366
0.222985 0.534990 0.426375 0.705055  -0.263789
0.222985 0.534990 0.426375 0.713534  -0.276586
0.237327 0.534990 0.426375 0.713534  -0.274306
0.237327 0.555032 0.426375 0.713534  -0.256444
0.237327 0.555032 0.451910 0.713534  -0.271221
0.237327 0.555032 0.451910 0.744827  -0.321146
0.274347 0.555032 0.451910 0.744827  -0.313864
0.274347 0.597947 0.451910 0.744827  -0.271058
0.274347 0.597947 0.500579 0.744827  -0.304202
0.274347 0.597947 0.500579 0.799481  -0.402000
0.335178 0.597947 0.500579 0.799481  -0.384994
0.335178 0.664450 0.500579 0.799481  -0.305434
0.335178 0.664450 0.572878 0.799481  -0.368012
0.335178 0.664450 0.572878 0.877701  -0.533151
0.419396 0.664450 0.572878 0.877701  -0.497037
0.419396 0.754546 0.572878 0.877701  -0.360794
0.419396 0.754546 0.668661 0.877701  -0.471745
0.419396 0.754546 0.668661 0.779366  -0.268997
0.326706 0.754546 0.668661 0.779366  -0.307894
0.326706 0.667487 0.668661 0.779366  -0.440097
0.326706 0.667487 0.587227 0.779366  -0.343630
0.326706 0.667487 0.587227 0.703647  -0.218623
0.256689 0.667487 0.587227 0.703647  -0.236581
0.256689 0.603184 0.587227 0.703647  -0.314515
0.256689 0.603184 0.528517 0.703647  -0.259649
0.256689 0.603184 0.528517 0.650567  -0.186606
0.209231 0.603184 0.528517 0.650567  -0.194359
0.209231 0.561412 0.528517 0.650567  -0.236868
0.209231 0.561412 0.492409 0.650567  -0.208630
0.209231 0.561412 0.492409 0.620369  -0.172039
0.184819 0.561412 0.492409 0.620369  -0.174885
0.184819 0.542746 0.492409 0.620369  -0.191955
0.184819 0.542746 0.479690 0.620369  -0.182941
0.184819 0.542746 0.479690 0.613451  -0.175042
0.183679 0.542746 0.479690 0.613451  -0.175158
0.183679 0.547406 0.479690 0.613451  -0.171004
0.183679 0.547406 0.490170 0.613451  -0.178398
0.183679 0.547406 0.490170 0.629793  -0.197344
0.206032 0.547406 0.490170 0.629793  -0.194795
0.206032 0.575621 0.490170 0.629793  -0.168101
0.206032 0.575621 0.524167 0.629793  -0.194345
0.206032 0.575621 0.524167 0.669540  -0.244687
0.251693 0.575621 0.524167 0.669540  -0.237488
0.251693 0.626992 0.524167 0.669540  -0.181732
0.251693 0.626992 0.581440 0.669540  -0.234284
0.251693 0.626992 0.581440 0.732674  -0.327449
0.320747 0.626992 0.581440 0.732674  -0.310395
0.320747 0.701810 0.581440 0.732674  -0.211211
0.320747 0.701810 0.661883 0.732674  -0.304606
0.320747 0.701810 0.661883 0.819014  -0.460679
0.412968 0.701810 0.661883 0.819014  -0.423248
0.412968 0.799836 0.661883 0.819014  -0.257231
0.412968 0.799836 0.565691 0.819014  -0.148292
0.412968 0.799836 0.565691 0.728457  0.014534
0.328349 0.799836 0.565691 0.728457  -0.020494
0.328349 0.721355 0.565691 0.728457  -0.156820
0.328349 0.721355 0.493041 0.728457  -0.095648
0.328349 0.721355 0.493041 0.661540  0.001394
0.267504 0.721355 0.493041 0.661540  -0.014865
0.267504 0.666572 0.493041 0.661540  -0.094053
0.267504 0.666572 0.472514 0.661540  -0.079698
0.267504 0.666572 0.472514 0.647004  -0.061030
0.258939 0.666572 0.472514 0.647004  -0.062810
0.258939 0.664074 0.472514 0.647004  -0.066127
0.258939 0.664074 0.475740 0.647004  -0.068303
0.258939 0.664074 0.475740 0.656306  -0.080155
0.274328 0.664074 0.475740 0.656306  -0.076872
0.274328 0.685297 0.475740 0.656306  -0.047888
0.274328 0.685297 0.502703 0.656306  -0.067252
0.274328 0.685297 0.502703 0.689268  -0.112021
0.313362 0.685297 0.502703 0.689268  -0.101895
0.313362 0.730227 0.502703 0.689268  -0.034353
0.313362 0.730227 0.553552 0.689268  -0.076934
0.313362 0.730227 0.553552 0.746094  -0.164788
0.376022 0.730227 0.553552 0.746094  -0.142392
0.376022 0.798692 0.553552 0.746094  -0.022279
0.376022 0.798692 0.627786 0.746094  -0.100079
0.376022 0.798692 0.627786 0.826101  -0.248526
0.461857 0.798692 0.627786 0.826101  -0.203173
0.461857 0.890219 0.627786 0.826101  -0.007177
0.461857 0.890219 0.725104 0.826101  -0.141000
0.461857 0.890219 0.725104 0.729401  0.034706
0.371062 0.890219 0.725104 0.729401  -0.012723
0.371062 0.805287 0.725104 0.729401  -0.195994
0.371062 0.805287 0.645988 0.729401  -0.084322
0.371062 0.805287 0.645988 0.656048  0.021376
0.303671 0.805287 0.645988 0.656048  -0.001711
0.303671 0.743788 0.645988 0.656048  -0.112451
0.303671 0.743788 0.590255 0.656048  -0.048526
0.303671 0.743788 0.590255 0.605985  0.011309
0.259492 0.743788 0.590255 0.605985  0.000779
0.259492 0.705312 0.590255 0.605985  -0.059831
0.259492 0.705312 0.557489 0.605985  -0.027451
0.259492 0.705312 0.557489 0.578877  0.001096
0.238263 0.705312 0.557489 0.578877  -0.002851
0.238263 0.689850 0.557489 0.578877  -0.025424
0.238263 0.689850 0.547870 0.578877  -0.016610
0.238263 0.689850 0.547870 0.575406  -0.013140
0.240720 0.689850 0.547870 0.575406  -0.012717
0.240720 0.698137 0.547870 0.575406  -0.000744
0.240720 0.698137 0.562135 0.575406  -0.013926
0.240720 0.698137 0.562135 0.595584  -0.034680
0.266881 0.698137 0.562135 0.595584  -0.029620
0.266881 0.730031 0.562135 0.595584  0.019178
0.266881 0.730031 0.599608 0.595584  -0.018766
0.266881 0.730031 0.599608 0.638848  -0.068232
0.315993 0.730031 0.599608 0.638848  -0.055688
0.315993 0.784860 0.599608 0.638848  0.038723
0.315993 0.784860 0.660450 0.638848  -0.033785
0.315993 0.784860 0.660450 0.705753  -0.124580
0.389278 0.784860 0.660450 0.705753  -0.097143
0.389278 0.863974 0.660450 0.705753  0.064293
0.389278 0.863974 0.745304 0.705753  -0.061622
0.389278 0.863974 0.745304 0.796431  -0.215273
0.485714 0.863974 0.745304 0.796431  -0.159674
0.485714 0.766069 0.745304 0.796431  -0.355011
0.485714 0.766069 0.653118 0.796431  -0.219609
0.485714 0.766069 0.653118 0.709976  -0.072305
0.405093 0.766069 0.653118 0.709976  -0.120418
0.405093 0.691291 0.653118 0.709976  -0.239638
0.405093 0.691291 0.584237 0.709976  -0.160461
0.405093 0.691291 0.584237 0.646706  -0.073057
0.347587 0.691291 0.584237 0.646706  -0.097539
0.347587 0.639575 0.584237 0.646706  -0.166272
0.347587 0.639575 0.538175 0.646706  -0.122727
0.347587 0.639575 0.538175 0.606345  -0.075181
0.313089 0.639575 0.538175 0.606345  -0.086485
0.313089 0.610842 0.538175 0.606345  -0.120186
0.313089 0.610842 0.515170 0.606345  -0.101039
0.313089 0.610842 0.515170 0.589117  -0.082573
0.301473 0.610842 0.515170 0.589117  -0.085863
0.301473 0.605155 0.515170 0.589117  -0.092170
0.301473 0.605155 0.515555 0.589117  -0.092477
0.301473 0.605155 0.515555 0.595378  -0.099065
0.313526 0.605155 0.515555 0.595378  -0.095646
0.313526 0.623032 0.515555 0.595378  -0.075420
0.313526 0.623032 0.539286 0.595378  -0.095227
0.313526 0.623032 0.539286 0.624924  -0.128232
0.349039 0.623032 0.539286 0.624924  -0.116528
0.349039 0.664175 0.539286 0.624924  -0.065383
0.349039 0.664175 0.586041 0.624924  -0.109815
0.349039 0.664175 0.586041 0.677536  -0.176790
0.407670 0.664175 0.586041 0.677536  -0.151559
0.407670 0.728788 0.586041 0.677536  -0.057464
0.407670 0.728788 0.656237 0.677536  -0.138798
0.407670 0.728788 0.656237 0.753575  -0.255709
0.489511 0.728788 0.656237 0.753575  -0.206165
0.489511 0.640924 0.656237 0.753575  -0.329966
0.489511 0.640924 0.575601 0.753575  -0.238066
0.489511 0.640924 0.575601 0.678512  -0.122502
0.420173 0.640924 0.575601 0.678512  -0.165619
0.420173 0.577595 0.575601 0.678512  -0.236204
0.420173 0.577595 0.517980 0.678512  -0.184473
0.420173 0.577595 0.517980 0.626554  -0.118067
0.373759 0.577595 0.517980 0.626554  -0.140034
0.373759 0.537022 0.517980 0.626554  -0.177857
0.373759 0.537022 0.483335 0.626554  -0.151794
0.373759 0.537022 0.483335 0.597335  -0.118962
0.350208 0.537022 0.483335 0.597335  -0.128224
0.350208 0.519438 0.483335 0.597335  -0.142944
0.350208 0.519438 0.471544 0.597335  -0.134879
0.350208 0.519438 0.471544 0.591050  -0.128222
0.349600 0.519438 0.471544 0.591050  -0.128446
0.349600 0.524902 0.471544 0.591050  -0.123976
0.349600 0.524902 0.482914 0.591050  -0.131745
0.349600 0.524902 0.482914 0.608557  -0.150642
0.373282 0.524902 0.482914 0.608557  -0.141357
0.373282 0.554390 0.482914 0.608557  -0.115588
0.373282 0.554390 0.518237 0.608557  -0.142152
0.373282 0.554390 0.518237 0.649842  -0.191204
0.420558 0.554390 0.518237 0.649842  -0.168833
0.420558 0.607376 0.518237 0.649842  -0.115160
0.420558 0.607376 0.577067 0.649842  -0.168144
0.420558 0.607376 0.577067 0.714416  -0.258350
0.491142 0.607376 0.577067 0.714416  -0.214260
0.491142 0.683766 0.577067 0.714416  -0.118640
0.491142 0.683766 0.659253 0.714416  -0.212993
0.491142 0.683766 0.659253 0.802673  -0.365513
0.585584 0.683766 0.659253 0.802673  -0.283185
0.585584 0.583910 0.659253 0.802673  -0.403785
0.585584 0.583910 0.565212 0.802673  -0.297829
0.585584 0.583910 0.565212 0.714391  -0.145272
0.503306 0.583910 0.565212 0.714391  -0.218578
0.503306 0.507457 0.565212 0.714391  -0.286986
0.503306 0.507457 0.494550 0.714391  -0.227378
0.503306 0.507457 0.494550 0.649418  -0.136672
0.444099 0.507457 0.494550 0.649418  -0.176581
0.444099 0.454094 0.494550 0.649418  -0.213623
0.444099 0.454094 0.447164 0.649418  -0.182079
0.444099 0.454094 0.447164 0.607590  -0.132492
0.407950 0.454094 0.447164 0.607590  -0.152187
0.407950 0.423907 0.447164 0.607590  -0.169647
0.407950 0.423907 0.422916 0.607590  -0.155876
0.407950 0.423907 0.422916 0.589084  -0.135999
0.395075 0.423907 0.422916 0.589084  -0.142226
0.395075 0.416814 0.422916 0.589084  -0.145986
0.395075 0.416814 0.421586 0.589084  -0.145275
0.395075 0.416814 0.421586 0.593149  -0.149536
0.404901 0.416814 0.421586 0.593149  -0.144819
0.404901 0.432186 0.421586 0.593149  -0.136508
0.404901 0.432186 0.442413 0.593149  -0.148171
0.404901 0.432186 0.442413 0.619620  -0.177376
0.437145 0.432186 0.442413 0.619620  -0.160221
0.437145 0.470035 0.442413 0.619620  -0.137100
0.437145 0.470035 0.486070 0.619620  -0.165348
0.437145 0.470035 0.486070 0.669229  -0.227184
0.492730 0.470035 0.486070 0.669229  -0.191094
0.492730 0.531403 0.486070 0.669229  -0.144878
0.492730 0.531403 0.553313 0.669229  -0.199437
0.492730 0.531403 0.553313 0.742288  -0.308705
0.571795 0.531403 0.553313 0.742288  -0.241383
0.571795 0.616287 0.553313 0.742288  -0.157374
0.571795 0.616287 0.643898 0.742288  -0.254937
0.571795 0.616287 0.643898 0.838641  -0.435774
0.474016 0.616287 0.643898 0.838641  -0.516215
0.474016 0.524232 0.643898 0.838641  -0.606218
0.474016 0.524232 0.557536 0.838641  -0.512563
0.474016 0.524232 0.557536 0.757870  -0.358027
0.398999 0.524232 0.557536 0.757870  -0.401013
0.398999 0.455173 0.557536 0.757870  -0.450779
0.398999 0.455173 0.494331 0.757870  -0.398267
0.398999 0.455173 0.494331 0.700347  -0.306482
0.347121 0.455173 0.494331 0.700347  -0.328177
0.347121 0.409242 0.494331 0.700347  -0.353941
0.347121 0.409242 0.454197 0.700347  -0.326843
0.347121 0.409242 0.454197 0.665838  -0.278526
0.318356 0.409242 0.454197 0.665838  -0.288086
0.318356 0.386473 0.454197 0.665838  -0.298901
0.318356 0.386473 0.437417 0.665838  -0.288896
0.318356 0.386473 0.437417 0.654941  -0.274639
0.313298 0.386473 0.437417 0.654941  -0.276152
0.313298 0.387302 0.437417 0.654941  -0.275780
0.313298 0.387302 0.443947 0.654941  -0.279584
0.313298 0.387302 0.443947 0.667021  -0.295418
0.331078 0.387302 0.443947 0.667021  -0.289879
0.331078 0.436103 0.443947 0.667021  -0.265035
0.331078 0.436103 0.498469 0.667021  -0.301393
0.331078 0.436103 0.498469 0.727419  -0.389530
0.397644 0.436103 0.498469 0.727419  -0.362945
0.397644 0.508388 0.498469 0.727419  -0.314488
0.397644 0.508388 0.576461 0.727419  -0.382195
0.397644 0.508388 0.576461 0.811434  -0.531559
0.487612 0.508388 0.576461 0.811434  -0.478497
0.487612 0.604014 0.576461 0.811434  -0.389530
0.487612 0.604014 0.477902 0.811434  -0.307116
0.487612 0.604014 0.477902 0.718531  -0.143815
0.400395 0.604014 0.477902 0.718531  -0.195562
0.400395 0.522498 0.477902 0.718531  -0.273282
0.400395 0.522498 0.402017 0.718531  -0.229107
0.400395 0.522498 0.402017 0.648233  -0.130531
0.335709 0.522498 0.402017 0.648233  -0.156886
0.335709 0.463585 0.402017 0.648233  -0.199901
0.335709 0.463585 0.348970 0.648233  -0.177425
0.335709 0.463585 0.348970 0.600936  -0.122046
0.294303 0.463585 0.348970 0.600936  -0.134390
0.294303 0.428525 0.348970 0.600936  -0.155328
0.294303 0.428525 0.319820 0.600936  -0.145543
0.294303 0.428525 0.319820 0.577482  -0.121113
0.276741 0.428525 0.319820 0.577482  -0.125409
0.276741 0.416892 0.319820 0.577482  -0.131645
0.276741 0.416892 0.314183 0.577482  -0.129945
0.276741 0.416892 0.314183 0.577570  -0.130034
0.283009 0.416892 0.314183 0.577570  -0.128561
0.283009 0.428876 0.314183 0.577570  -0.122131
0.283009 0.428876 0.331830 0.577570  -0.127656
0.283009 0.428876 0.331830 0.601093  -0.152169
0.312471 0.428876 0.331830 0.601093  -0.144327
0.312471 0.463921 0.331830 0.601093  -0.123366
0.312471 0.463921 0.372548 0.601093  -0.138534
0.312471 0.463921 0.372548 0.647579  -0.192919
0.364820 0.463921 0.372548 0.647579  -0.174873
0.364820 0.522071 0.372548 0.647579  -0.132424
0.364820 0.522071 0.436403 0.647579  -0.163830
0.364820 0.522071 0.436403 0.717507  -0.261646
0.440780 0.522071 0.436403 0.717507  -0.224563
0.440780 0.603652 0.436403 0.717507  -0.146889
0.440780 0.603652 0.523663 0.717507  -0.207378
0.440780 0.603652 0.523663 0.810514  -0.370447
0.539523 0.603652 0.523663 0.810514  -0.299039
0.539523 0.507953 0.523663 0.810514  -0.387947
0.539523 0.507953 0.433723 0.810514  -0.325936
0.539523 0.507953 0.433723 0.726356  -0.176703
0.461076 0.507953 0.433723 0.726356  -0.235729
0.461076 0.435350 0.433723 0.726356  -0.284278
0.461076 0.435350 0.367153 0.726356  -0.252180
0.461076 0.435350 0.367153 0.665634  -0.163882
0.406132 0.435350 0.367153 0.665634  -0.194914
0.406132 0.386291 0.367153 0.665634  -0.219783
0.406132 0.386291 0.323853 0.665634  -0.204256
0.406132 0.386291 0.323853 0.627836  -0.156814
0.373950 0.386291 0.323853 0.627836  -0.171510
0.373950 0.360290 0.323853 0.627836  -0.182384
0.373950 0.360290 0.303976 0.627836  -0.176505
0.373950 0.360290 0.303976 0.613916  -0.160407
0.365974 0.360290 0.303976 0.613916  -0.163682
0.365974 0.358276 0.303976 0.613916  -0.164462
0.365974 0.358276 0.307914 0.613916  -0.165568
0.365974 0.358276 0.307914 0.623821  -0.176950
0.381946 0.358276 0.307914 0.623821  -0.170248
0.381946 0.379988 0.307914 0.623821  -0.161370
0.381946 0.379988 0.335455 0.623821  -0.169925
0.381946 0.379988 0.335455 0.657238  -0.211065
0.421458 0.379988 0.335455 0.657238  -0.191922
0.421458 0.425387 0.335455 0.657238  -0.169813
0.421458 0.425387 0.386560 0.657238  -0.189828
0.421458 0.425387 0.386560 0.714326  -0.270418
0.484398 0.425387 0.386560 0.714326  -0.231620
0.484398 0.494308 0.386560 0.714326  -0.187817
0.484398 0.494308 0.461282 0.714326  -0.228205
0.484398 0.494308 0.461282 0.794745  -0.365689
0.570627 0.494308 0.461282 0.794745  -0.293544
0.570627 0.586266 0.461282 0.794745  -0.212819
0.570627 0.586266 0.559036 0.794745  -0.289378
0.570627 0.586266 0.559036 0.698524  -0.128236
0.480317 0.586266 0.559036 0.698524  -0.203230
0.480317 0.502036 0.559036 0.698524  -0.278202
0.480317 0.502036 0.480617 0.698524  -0.214510
0.480317 0.502036 0.480617 0.625958  -0.118940
0.413538 0.502036 0.480617 0.625958  -0.159031
0.413538 0.441153 0.480617 0.625958  -0.199709
0.413538 0.441153 0.425587 0.625958  -0.165773
0.413538 0.441153 0.425587 0.576653  -0.112262
0.396017 0.441153 0.425587 0.576653  -0.120875
0.396017 0.429831 0.425587 0.576653  -0.127317
0.396017 0.429831 0.420276 0.576653  -0.124467
0.396017 0.429831 0.420276 0.576844  -0.124658
0.402037 0.429831 0.420276 0.576844  -0.121782
0.402037 0.441362 0.420276 0.576844  -0.115218
0.402037 0.441362 0.437253 0.576844  -0.124582
0.402037 0.441362 0.437253 0.599456  -0.148051
0.430531 0.441362 0.437253 0.599456  -0.133231
0.430531 0.475552 0.437253 0.599456  -0.111663
0.430531 0.475552 0.477320 0.599456  -0.136815
0.430531 0.475552 0.477320 0.645684  -0.190593
0.482575 0.475552 0.477320 0.645684  -0.158014
0.482575 0.533430 0.477320 0.645684  -0.113774
0.482575 0.533430 0.541052 0.645684  -0.163410
0.482575 0.533430 0.541052 0.715416  -0.260383
0.558250 0.533430 0.541052 0.715416  -0.198790
0.558250 0.615001 0.541052 0.715416  -0.117966
0.558250 0.615001 0.628410 0.715416  -0.207739
0.558250 0.615001 0.628410 0.808740  -0.370540
0.657730 0.615001 0.628410 0.808740  -0.259974
0.657730 0.520530 0.628410 0.808740  -0.351545
0.657730 0.520530 0.540081 0.808740  -0.260922
0.657730 0.520530 0.540081 0.726544  -0.115475
0.581335 0.520530 0.540081 0.726544  -0.203552
0.581335 0.450012 0.540081 0.726544  -0.253458
0.581335 0.450012 0.475378 0.726544  -0.203352
0.581335 0.450012 0.475378 0.667372  -0.117071
0.527732 0.450012 0.475378 0.667372  -0.166559
0.527732 0.402177 0.475378 0.667372  -0.192641
0.527732 0.402177 0.433281 0.667372  -0.166554
0.527732 0.402177 0.433281 0.631034  -0.120596
0.497138 0.402177 0.433281 0.631034  -0.144704
0.497138 0.377512 0.433281 0.631034  -0.155953
0.497138 0.377512 0.414432 0.631034  -0.145793
0.497138 0.377512 0.414432 0.617890  -0.130415
0.489748 0.377512 0.414432 0.617890  -0.135814
0.489748 0.376061 0.414432 0.617890  -0.136432
0.489748 0.376061 0.418966 0.617890  -0.138794
0.489748 0.376061 0.418966 0.628225  -0.150830
0.505975 0.376061 0.418966 0.628225  -0.138763
0.505975 0.398013 0.418966 0.628225  -0.128895
0.505975 0.398013 0.446514 0.628225  -0.144377
0.505975 0.398013 0.446514 0.661716  -0.186182
0.545424 0.398013 0.446514 0.661716  -0.153461
0.545424 0.443088 0.446514 0.661716  -0.129521
0.545424 0.443088 0.497163 0.661716  -0.163382
0.545424 0.443088 0.497163 0.718085  -0.243914
0.607675 0.443088 0.497163 0.718085  -0.181776
0.607675 0.511079 0.497163 0.718085  -0.135272
0.607675 0.511079 0.570945 0.718085  -0.198503
0.607675 0.511079 0.570945 0.797434  -0.335315
0.692783 0.511079 0.570945 0.797434  -0.227211
0.692783 0.601784 0.570945 0.797434  -0.142772
0.692783 0.601784 0.667409 0.797434  -0.253944
0.692783 0.601784 0.667409 0.699728  -0.089455
0.600924 0.601784 0.667409 0.699728  -0.204955
0.600924 0.515661 0.667409 0.699728  -0.285770
0.600924 0.515661 0.587096 0.699728  -0.190844
0.600924 0.515661 0.587096 0.625007  -0.092393
0.532070 0.515661 0.587096 0.625007  -0.158764
0.532070 0.452864 0.587096 0.625007  -0.203005
0.532070 0.452864 0.530238 0.625007  -0.149722
0.532070 0.452864 0.530238 0.573908  -0.094602
0.486899 0.452864 0.530238 0.573908  -0.129801
0.486899 0.413538 0.530238 0.573908  -0.151956
0.486899 0.413538 0.496760 0.573908  -0.125464
0.486899 0.413538 0.496760 0.546230  -0.099413
0.465311 0.413538 0.496760 0.546230  -0.114095
0.465311 0.398003 0.496760 0.546230  -0.121769
0.465311 0.398003 0.487467 0.546230  -0.115018
0.465311 0.398003 0.487467 0.542814  -0.111980
0.467588 0.398003 0.487467 0.542814  -0.110493
0.467588 0.405838 0.487467 0.542814  -0.106696
0.467588 0.405838 0.500886 0.542814  -0.116528
0.467588 0.405838 0.500886 0.562052  -0.134143
0.492599 0.405838 0.500886 0.562052  -0.116845
0.492599 0.436375 0.500886 0.562052  -0.100592
0.492599 0.436375 0.537062 0.562052  -0.129835
0.492599 0.436375 0.537062 0.604120  -0.172761
0.540776 0.436375 0.537062 0.604120  -0.134148
0.540776 0.490556 0.537062 0.604120  -0.099194
0.540776 0.490556 0.596945 0.604120  -0.157004
0.540776 0.490556 0.596945 0.669666  -0.236838
0.612138 0.490556 0.596945 0.669666  -0.165606
0.612138 0.567524 0.596945 0.669666  -0.100865
0.612138 0.567524 0.679610 0.669666  -0.202039
0.612138 0.567524 0.679610 0.584192  -0.101098
0.532544 0.567524 0.679610 0.584192  -0.179443
0.532544 0.493884 0.679610 0.584192  -0.241765
0.532544 0.493884 0.611865 0.584192  -0.156943
0.532544 0.493884 0.611865 0.522101  -0.099890
0.476434 0.493884 0.611865 0.522101  -0.142775
0.476434 0.443537 0.611865 0.522101  -0.175989
0.476434 0.443537 0.567339 0.522101  -0.129530
0.476434 0.443537 0.567339 0.483296  -0.100096
0.443236 0.443537 0.567339 0.483296  -0.121165
0.443236 0.416120 0.567339 0.483296  -0.136366
0.443236 0.416120 0.545651 0.483296  -0.116214
0.443236 0.416120 0.545651 0.467177  -0.105292
0.432923 0.416120 0.545651 0.467177  -0.111230
0.432923 0.411870 0.545651 0.467177  -0.113415
0.432923 0.411870 0.547309 0.467177  -0.114901
0.432923 0.411870 0.547309 0.474827  -0.119993
0.446691 0.411870 0.547309 0.474827  -0.112002
0.446691 0.431386 0.547309 0.474827  -0.101592
0.446691 0.431386 0.572339 0.474827  -0.125129
0.446691 0.431386 0.572339 0.505576  -0.147303
0.483374 0.431386 0.572339 0.505576  -0.123492
0.483374 0.473704 0.572339 0.505576  -0.097473
0.483374 0.473704 0.620434 0.505576  -0.148820
