-0.974703 -0.808901 -0.808118 -0.807735  -0.537595
-0.870562 -0.808901 -0.808118 -0.807735  -0.157875
-0.870562 -0.685312 -0.808118 -0.807735  0.037283
-0.870562 -0.685312 -0.808118 -0.807735  0.037283
-0.870562 -0.685312 -0.808118 -0.807735  0.037283
-0.690103 -0.685312 -0.808118 -0.807735  0.380797
-0.690103 -0.487787 -0.808118 -0.807735  0.504343
-0.690103 -0.487787 -0.808118 -0.807735  0.504343
-0.690103 -0.487787 -0.808118 -0.807735  0.504343
-0.443260 -0.487787 -0.808118 -0.807735  0.643750
-0.443260 -0.487787 -0.808118 -0.807735  0.643750
-0.443260 -0.487787 -1.024789 -0.807735  1.429348
-0.443260 -0.487787 -1.024789 -1.004354  2.107481
-0.443260 -0.487787 -1.024789 -1.004354  2.107481
-0.443260 -0.487787 -1.024789 -1.004354  2.107481
-0.443260 -0.487787 -1.168342 -1.004354  3.154194
-0.443260 -0.487787 -1.168342 -1.131390  3.986025
-0.443260 -0.487787 -1.168342 -1.131390  3.986025
-0.443260 -0.487787 -1.168342 -1.131390  3.986025
-0.443260 -0.487787 -1.242514 -1.131390  4.770533
-0.443260 -0.487787 -1.242514 -1.188700  5.290088
-0.443260 -0.487787 -1.242514 -1.188700  5.290088
-0.443260 -0.487787 -1.242514 -1.188700  5.290088
-0.443260 -0.487787 -1.247161 -1.188700  5.345879
-0.443260 -0.487787 -1.247161 -1.188700  5.345879
-0.413709 -0.487787 -1.247161 -1.188700  5.350871
-0.413709 -0.440650 -1.247161 -1.188700  5.361873
-0.413709 -0.440650 -1.247161 -1.188700  5.361873
-0.413709 -0.440650 -1.247161 -1.188700  5.361873
-0.315924 -0.440650 -1.247161 -1.188700  5.370845
-0.315924 -0.327013 -1.247161 -1.188700  5.383719
-0.315924 -0.327013 -1.247161 -1.188700  5.383719
-0.315924 -0.327013 -1.247161 -1.188700  5.383719
-0.154354 -0.327013 -1.247161 -1.188700  5.386778
-0.154354 -0.148820 -1.247161 -1.188700  5.390445
-0.154354 -0.148820 -1.247161 -1.188700  5.390445
-0.154354 -0.148820 -1.247161 -1.188700  5.390445
0.073454 -0.148820 -1.247161 -1.188700  5.390535
0.073454 0.096230 -1.247161 -1.188700  5.390616
0.073454 0.096230 -1.484240 -1.188700  9.576468
0.073454 0.096230 -1.484240 -1.409582  12.767950
0.073454 0.096230 -1.484240 -1.409582  12.767950
0.073454 0.096230 -1.484240 -1.409582  12.767950
0.073454 0.096230 -1.652423 -1.409582  17.884701
0.073454 0.096230 -1.652423 -1.560179  21.564144
0.073454 0.096230 -1.652423 -1.560179  21.564144
0.073454 0.096230 -1.652423 -1.560179  21.564144
0.073454 0.096230 -1.754156 -1.560179  25.853196
0.073454 0.096230 -1.754156 -1.645380  28.668458
0.073454 0.096230 -1.754156 -1.645380  28.668458
0.073454 0.096230 -1.754156 -1.645380  28.668458
0.073454 0.096230 -1.786423 -1.645380  30.253247
0.073454 0.096230 -1.786423 -1.645380  30.253247
0.099529 0.096230 -1.786423 -1.645380  30.253255
0.099529 0.139037 -1.786423 -1.645380  30.253298
0.099529 0.139037 -1.786423 -1.645380  30.253298
0.099529 0.139037 -1.786423 -1.645380  30.253298
0.192046 0.139037 -1.786423 -1.645380  30.253550
0.192046 0.248546 -1.786423 -1.645380  30.254446
0.192046 0.248546 -1.786423 -1.645380  30.254446
0.192046 0.248546 -1.786423 -1.645380  30.254446
0.350849 0.248546 -1.786423 -1.645380  30.259501
0.350849 0.423048 -1.786423 -1.645380  30.272103
0.350849 0.423048 -1.786423 -1.645380  30.272103
0.350849 0.423048 -1.786423 -1.645380  30.272103
0.572630 0.423048 -1.786423 -1.645380  30.328357
0.572630 0.661445 -1.786423 -1.645380  30.441417
0.572630 0.661445 -2.031567 -1.645380  46.854066
0.572630 0.661445 -2.031567 -1.873960  57.904590
0.572630 0.661445 -2.031567 -1.873960  57.904590
0.572630 0.661445 -2.031567 -1.873960  57.904590
0.572630 0.661445 -2.207652 -1.873960  75.737032
0.572630 0.661445 -2.207652 -2.032779  87.336682
0.572630 0.661445 -2.207652 -2.032779  87.336682
0.572630 0.661445 -2.207652 -2.032779  87.336682
0.572630 0.661445 -2.316629 -2.032779  101.621939
0.572630 0.661445 -2.316629 -2.124672  110.209346
0.572630 0.661445 -2.316629 -2.124672  110.209346
0.572630 0.661445 -2.316629 -2.124672  110.209346
0.572630 0.661445 -2.359665 -2.124672  116.641634
0.572630 0.661445 -2.359665 -2.151167  119.409445
0.572630 0.661445 -2.359665 -2.151167  119.409445
0.572630 0.669209 -2.359665 -2.151167  119.417053
0.572630 0.669209 -2.359665 -2.151167  119.417053
0.572630 0.669209 -2.359665 -2.151167  119.417053
0.717128 0.669209 -2.359665 -2.151167  119.545147
0.717128 0.830225 -2.359665 -2.151167  119.805368
0.717128 0.830225 -2.359665 -2.151167  119.805368
0.717128 0.830225 -2.359665 -2.151167  119.805368
0.926112 0.830225 -2.359665 -2.151167  120.296973
0.926112 1.055977 -2.359665 -2.151167  121.215558
0.926112 1.055977 -2.359665 -2.151167  121.215558
0.926112 1.055977 -2.359665 -2.393233  153.660592
0.926112 1.055977 -2.359665 -2.393233  153.660592
0.926112 1.055977 -2.359665 -2.393233  153.660592
0.926112 1.055977 -2.552887 -2.393233  188.936360
0.926112 1.055977 -2.552887 -2.569143  222.354998
0.926112 1.055977 -2.552887 -2.569143  222.354998
0.926112 1.055977 -2.552887 -2.569143  222.354998
0.926112 1.055977 -2.682183 -2.569143  252.739650
0.926112 1.055977 -2.682183 -2.682618  279.740336
0.926112 1.055977 -2.682183 -2.682618  279.740336
0.926112 1.055977 -2.682183 -2.682618  279.740336
0.926112 1.055977 -2.748285 -2.682618  297.710068
0.926112 1.055977 -2.748285 -2.732664  311.161809
0.926112 1.055977 -2.748285 -2.732664  311.161809
0.926112 1.055977 -2.748285 -2.732664  311.161809
0.926112 1.055977 -2.750911 -2.732664  311.912332
0.926112 1.055977 -2.750911 -2.732664  311.912332
0.954909 1.055977 -2.750911 -2.732664  312.025044
0.954909 1.100975 -2.750911 -2.732664  312.329677
0.954909 1.100975 -2.750911 -2.732664  312.329677
0.954909 1.100975 -2.750911 -2.732664  312.329677
1.047882 1.100975 -2.750911 -2.732664  312.799157
1.047882 1.210704 -2.750911 -2.732664  313.782795
1.047882 1.210704 -2.750911 -2.732664  313.782795
1.047882 1.210704 -2.750911 -2.732664  313.782795
1.207594 1.210704 -2.750911 -2.732664  315.087395
1.207594 1.386793 -2.750911 -2.732664  317.615398
1.207594 1.386793 -2.750911 -2.732664  317.615398
1.207594 1.386793 -2.750911 -2.732664  317.615398
1.432360 1.386793 -2.750911 -2.732664  321.076543
1.432360 1.628314 -2.750911 -2.732664  327.394228
1.432360 1.628314 -2.993404 -2.732664  410.197617
1.432360 1.628314 -2.993404 -2.958475  484.458137
1.432360 1.628314 -2.993404 -2.958475  484.458137
1.432360 1.628314 -2.993404 -2.958475  484.458137
1.432360 1.628314 -3.170336 -2.958475  564.395218
1.432360 1.628314 -3.170336 -3.119515  633.170772
1.432360 1.628314 -3.170336 -3.119515  633.170772
1.432360 1.628314 -3.170336 -3.119515  633.170772
1.432360 1.628314 -3.283659 -3.119515  694.653068
1.432360 1.628314 -3.283659 -3.216771  743.665648
1.432360 1.628314 -3.283659 -3.216771  743.665648
1.432360 1.628314 -3.283659 -3.216771  743.665648
1.432360 1.628314 -3.333056 -3.216771  773.257376
1.432360 1.628314 -3.333056 -3.249920  791.374114
1.432360 1.628314 -3.333056 -3.249920  791.374114
1.432360 1.628314 -3.333056 -3.249920  791.374114
1.432360 1.628314 -3.333056 -3.249920  791.374114
1.432360 1.628314 -3.333056 -3.249920  791.374114
1.480710 1.628314 -3.333056 -3.249920  792.462772
1.480710 1.693135 -3.333056 -3.249920  794.929981
1.480710 1.693135 -3.333056 -3.249920  794.929981
1.480710 1.693135 -3.333056 -3.249920  794.929981
1.596414 1.693135 -3.333056 -3.249920  798.180889
1.596414 1.825619 -3.333056 -3.249920  804.545880
1.596414 1.825619 -3.333056 -3.249920  804.545880
1.596414 1.825619 -3.333056 -3.249920  804.545880
1.779186 1.825619 -3.333056 -3.249920  812.005270
1.779186 2.025824 -3.333056 -3.249920  825.846055
1.779186 2.025824 -3.333056 -3.249920  825.846055
1.779186 2.025824 -3.333056 -3.249920  825.846055
1.779186 2.025824 -3.333056 -3.249920  825.846055
1.779186 2.025824 -3.333056 -3.249920  825.846055
1.779186 2.025824 -3.550838 -3.249920  978.982187
1.779186 2.025824 -3.550838 -3.451244  1106.077183
1.779186 2.025824 -3.550838 -3.451244  1106.077183
1.779186 2.025824 -3.550838 -3.451244  1106.077183
1.779186 2.025824 -3.702750 -3.451244  1237.609692
1.779186 2.025824 -3.702750 -3.586117  1341.060770
1.779186 2.025824 -3.702750 -3.586117  1341.060770
1.779186 2.025824 -3.702750 -3.586117  1341.060770
1.779186 2.025824 -3.786928 -3.586117  1423.857278
1.779186 2.025824 -3.786928 -3.654357  1482.475566
1.935645 2.025824 -3.786928 -3.654357  1491.819838
1.935645 2.201849 -3.786928 -3.654357  1509.453138
1.935645 2.201849 -3.786928 -3.654357  1509.453138
1.935645 2.201849 -3.786928 -3.654357  1509.453138
2.160444 2.201849 -3.786928 -3.654357  1529.347547
2.160444 2.442641 -3.786928 -3.654357  1564.550064
2.160444 2.442641 -4.029982 -3.654357  1848.690223
2.160444 2.442641 -4.029982 -3.881426  2077.940069
2.160444 2.442641 -4.029982 -3.881426  2077.940069
2.160444 2.442641 -4.029982 -3.881426  2077.940069
2.160444 2.442641 -4.208304 -3.881426  2334.867232
2.160444 2.442641 -4.208304 -4.044002  2535.481401
2.160444 2.442641 -4.208304 -4.044002  2535.481401
2.160444 2.442641 -4.208304 -4.044002  2535.481401
2.160444 2.442641 -4.322959 -4.044002  2725.349693
2.160444 2.442641 -4.322959 -4.142483  2863.617323
2.160444 2.442641 -4.322959 -4.142483  2863.617323
2.160444 2.442641 -4.322959 -4.142483  2863.617323
2.160444 2.442641 -4.373594 -4.142483  2954.132118
2.160444 2.442641 -4.373594 -4.177156  3006.045204
2.160444 2.442641 -4.373594 -4.177156  3006.045204
2.160444 2.442641 -4.373594 -4.177156  3006.045204
2.160444 2.442641 -4.373594 -4.177156  3006.045204
2.160444 2.442641 -4.373594 -4.177156  3006.045204
2.204402 2.442641 -4.373594 -4.177156  3011.032386
2.204402 2.502311 -4.373594 -4.177156  3022.185072
2.204402 2.502311 -4.373594 -4.177156  3022.185072
2.204402 2.502311 -4.373594 -4.177156  3022.185072
2.312005 2.502311 -4.373594 -4.177156  3036.191811
2.312005 2.625969 -4.373594 -4.177156  3062.950490
2.312005 2.625969 -4.373594 -4.177156  3062.950490
2.312005 2.625969 -4.373594 -4.177156  3062.950490
2.484269 2.625969 -4.373594 -4.177156  3091.511856
2.484269 2.814359 -4.373594 -4.177156  3143.206910
2.484269 2.814359 -4.373594 -4.177156  3143.206910
2.484269 2.814359 -4.373594 -4.177156  3143.206910
2.722133 2.814359 -4.373594 -4.177156  3198.052266
2.722133 2.814359 -4.373594 -4.177156  3198.052266
2.722133 2.814359 -4.603904 -4.177156  3666.169557
2.722133 2.814359 -4.603904 -4.391293  4027.322853
2.722133 2.814359 -4.603904 -4.391293  4027.322853
2.722133 2.814359 -4.603904 -4.391293  4027.322853
2.722133 2.814359 -4.769599 -4.391293  4427.303239
2.722133 2.814359 -4.769599 -4.540850  4724.965052
2.722133 2.814359 -4.769599 -4.540850  4724.965052
2.722133 2.814359 -4.769599 -4.540850  4724.965052
2.722133 2.814359 -4.869979 -4.540850  4995.874423
2.722133 2.814359 -4.869979 -4.625186  5181.938742
2.722133 2.814359 -4.869979 -4.625186  5181.938742
2.722133 2.814359 -4.869979 -4.625186  5181.938742
2.722133 2.814359 -4.905886 -4.625186  5284.422601
2.722133 2.814359 -4.905886 -4.645142  5330.481751
2.722133 2.814359 -4.905886 -4.645142  5330.481751
2.722133 2.826632 -4.905886 -4.645142  5334.365162
2.722133 2.826632 -4.905886 -4.645142  5334.365162
2.722133 2.826632 -4.905886 -4.645142  5334.365162
2.783047 2.826632 -4.905886 -4.645142  5351.853796
2.783047 2.903566 -4.905886 -4.645142  5377.783883
2.783047 2.903566 -4.905886 -4.645142  5377.783883
2.783047 2.903566 -4.905886 -4.645142  5377.783883
2.908661 2.903566 -4.905886 -4.645142  5419.020356
2.908661 3.045259 -4.905886 -4.645142  5474.536212
2.908661 3.045259 -4.905886 -4.645142  5474.536212
2.908661 3.045259 -4.905886 -4.645142  5474.536212
3.097974 3.045259 -4.905886 -4.645142  5551.700631
3.097974 3.250703 -4.905886 -4.645142  5652.791960
3.097974 3.250703 -4.905886 -4.645142  5652.791960
3.097974 3.250703 -4.905886 -4.645142  5652.791960
3.097974 3.250703 -4.905886 -4.645142  5652.791960
3.097974 3.250703 -4.905886 -4.645142  5652.791960
3.097974 3.250703 -5.118825 -4.645142  6325.436613
3.097974 3.250703 -5.118825 -4.842143  6824.621308
3.097974 3.250703 -5.118825 -4.842143  6824.621308
3.097974 3.250703 -5.118825 -4.842143  6824.621308
3.097974 3.250703 -5.268786 -4.842143  7370.469228
3.097974 3.250703 -5.268786 -4.975681  7758.328307
3.097974 3.250703 -5.268786 -4.975681  7758.328307
3.097974 3.250703 -5.268786 -4.975681  7758.328307
3.097974 3.250703 -5.354074 -4.975681  8097.764273
3.097974 3.250703 -5.354074 -5.044709  8315.263226
3.219412 3.250703 -5.354074 -5.044709  8375.752063
3.219412 3.394054 -5.354074 -5.044709  8463.164658
3.219412 3.394054 -5.354074 -5.044709  8463.164658
3.219412 3.394054 -5.354074 -5.044709  8463.164658
3.414547 3.394054 -5.354074 -5.044709  8581.476252
3.414547 3.606607 -5.354074 -5.044709  8741.311641
3.414547 3.606607 -5.354074 -5.044709  8741.311641
3.414547 3.606607 -5.354074 -5.044709  8741.311641
3.414547 3.606607 -5.354074 -5.044709  8741.311641
3.414547 3.606607 -5.354074 -5.044709  8741.311641
3.414547 3.606607 -5.559246 -5.044709  9651.442659
3.414547 3.606607 -5.559246 -5.233579  10310.601497
3.414547 3.606607 -5.559246 -5.233579  10310.601497
3.414547 3.606607 -5.559246 -5.233579  10310.601497
3.414547 3.606607 -5.699617 -5.233579  11015.681365
3.414547 3.606607 -5.699617 -5.357322  11502.336780
3.414547 3.606607 -5.699617 -5.357322  11502.336780
3.414547 3.606607 -5.699617 -5.357322  11502.336780
3.414547 3.606607 -5.773842 -5.357322  11904.329587
3.414547 3.606607 -5.773842 -5.415359  12148.602111
3.414547 3.606607 -5.773842 -5.415359  12148.602111
3.414547 3.606607 -5.773842 -5.415359  12148.602111
3.414547 3.606607 -5.782315 -5.415359  12195.820936
3.414547 3.606607 -5.782315 -5.415359  12195.820936
3.439313 3.606607 -5.782315 -5.415359  12212.899845
3.439313 3.648568 -5.782315 -5.415359  12249.233791
3.439313 3.648568 -5.782315 -5.415359  12249.233791
3.439313 3.648568 -5.782315 -5.415359  12249.233791
3.529370 3.648568 -5.782315 -5.415359  12315.626175
3.529370 3.755358 -5.782315 -5.415359  12415.951596
3.529370 3.755358 -5.782315 -5.415359  12415.951596
3.529370 3.755358 -5.782315 -5.415359  12415.951596
3.685217 3.755358 -5.782315 -5.415359  12548.019376
3.685217 3.927686 -5.782315 -5.415359  12735.854596
3.685217 3.927686 -5.782315 -5.415359  12735.854596
3.685217 3.927686 -5.782315 -5.415359  12735.854596
3.905822 3.927686 -5.782315 -5.415359  12965.154470
3.905822 4.165060 -5.782315 -5.415359  13283.876731
3.905822 4.165060 -6.028424 -5.415359  14781.708200
3.905822 4.165060 -6.028424 -5.643648  15849.701488
3.905822 4.165060 -6.028424 -5.643648  15849.701488
3.905822 4.165060 -6.028424 -5.643648  15849.701488
3.905822 4.165060 -6.206361 -5.643648  17096.185268
3.905822 4.165060 -6.206361 -5.805209  17963.960980
3.905822 4.165060 -6.206361 -5.805209  17963.960980
3.905822 4.165060 -6.206361 -5.805209  17963.960980
3.905822 4.165060 -6.318284 -5.805209  18824.750294
3.905822 4.165060 -6.318284 -5.900707  19385.185961
3.905822 4.165060 -6.318284 -5.900707  19385.185961
3.905822 4.165060 -6.318284 -5.900707  19385.185961
3.905822 4.165060 -6.364820 -5.900707  19761.507719
3.905822 4.165060 -6.364820 -5.930574  19944.388123
3.905822 4.165060 -6.364820 -5.930574  19944.388123
3.905822 4.168197 -6.364820 -5.930574  19949.115976
3.905822 4.168197 -6.364820 -5.930574  19949.115976
3.905822 4.168197 -6.364820 -5.930574  19949.115976
3.956958 4.168197 -6.364820 -5.930574  20010.199132
3.956958 4.235522 -6.364820 -5.930574  20115.146084
3.956958 4.235522 -6.364820 -5.930574  20115.146084
3.956958 4.235522 -6.364820 -5.930574  20115.146084
4.072154 4.235522 -6.364820 -5.930574  20264.815598
4.072154 4.367094 -6.364820 -5.930574  20490.103902
4.072154 4.367094 -6.364820 -5.930574  20490.103902
4.072154 4.367094 -6.364820 -5.930574  20490.103902
4.252734 4.367094 -6.364820 -5.930574  20761.399828
4.252734 4.564146 -6.364820 -5.930574  21153.591883
4.252734 4.564146 -6.364820 -5.930574  21153.591883
4.252734 4.564146 -6.364820 -5.930574  21153.591883
4.498109 4.564146 -6.364820 -5.930574  21603.954899
4.498109 4.564146 -6.364820 -5.930574  21603.954899
4.498109 4.564146 -6.587596 -5.930574  23564.502275
4.498109 4.564146 -6.587596 -6.137387  24936.077595
4.498109 4.564146 -6.587596 -6.137387  24936.077595
4.498109 4.564146 -6.587596 -6.137387  24936.077595
4.498109 4.564146 -6.746633 -6.137387  26507.687368
