-0.408135 -0.237919 -0.237113 -0.236761  -0.010593
-0.408135 -0.237919 -0.237113 -0.236761  -0.010593
-0.408135 -0.237919 -0.237113 -0.236761  -0.010593
-0.408135 -0.237919 -0.283082 -0.236761  -0.009525
-0.408135 -0.237919 -0.283082 -0.263591  -0.008996
-0.408135 -0.237919 -0.283082 -0.263591  -0.008996
-0.408135 -0.228356 -0.283082 -0.263591  -0.008855
-0.408135 -0.228356 -0.283082 -0.263591  -0.008855
-0.408135 -0.228356 -0.283082 -0.263591  -0.008855
-0.344320 -0.228356 -0.283082 -0.263591  -0.002370
-0.344320 -0.144940 -0.283082 -0.263591  -0.001813
-0.344320 -0.144940 -0.283082 -0.263591  -0.001813
-0.344320 -0.144940 -0.283082 -0.263591  -0.001813
-0.205872 -0.144940 -0.283082 -0.263591  0.002657
-0.205872 0.012424 -0.283082 -0.263591  0.002721
-0.205872 0.012424 -0.283082 -0.263591  0.002721
-0.205872 0.012424 -0.283082 -0.263591  0.002721
0.008589 0.012424 -0.283082 -0.263591  0.003090
0.008589 0.245680 -0.283082 -0.263591  0.003985
0.008589 0.245680 -0.528566 -0.263591  0.043424
0.008589 0.245680 -0.528566 -0.490956  0.070676
0.008589 0.245680 -0.528566 -0.490956  0.070676
0.008589 0.245680 -0.528566 -0.490956  0.070676
0.008589 0.245680 -0.703788 -0.490956  0.202087
0.008589 0.245680 -0.703788 -0.648902  0.288615
0.008589 0.245680 -0.703788 -0.648902  0.288615
0.008589 0.245680 -0.703788 -0.648902  0.288615
0.008589 0.245680 -0.809892 -0.648902  0.464394
0.008589 0.245680 -0.809892 -0.738332  0.568752
0.008589 0.245680 -0.809892 -0.738332  0.568752
0.008589 0.245680 -0.809892 -0.738332  0.568752
0.008589 0.245680 -0.849233 -0.738332  0.662013
0.008589 0.245680 -0.849233 -0.761417  0.698528
0.008589 0.245680 -0.849233 -0.761417  0.698528
0.008589 0.256142 -0.849233 -0.761417  0.698735
0.008589 0.256142 -0.849233 -0.761417  0.698735
0.008589 0.256142 -0.849233 -0.761417  0.698735
0.070623 0.256142 -0.849233 -0.761417  0.698737
0.070623 0.335155 -0.849233 -0.761417  0.701864
0.070623 0.335155 -0.849233 -0.761417  0.701864
0.070623 0.335155 -0.849233 -0.761417  0.701864
0.202487 0.335155 -0.849233 -0.761417  0.702202
0.202487 0.484974 -0.849233 -0.761417  0.724801
0.202487 0.484974 -0.849233 -0.761417  0.724801
0.202487 0.484974 -0.849233 -0.761417  0.724801
0.403201 0.484974 -0.849233 -0.761417  0.735117
0.403201 0.702799 -0.849233 -0.761417  0.879747
0.403201 0.702799 -0.849233 -0.761417  0.879747
0.403201 0.702799 -0.849233 -1.009394  1.671683
0.403201 0.702799 -0.849233 -1.009394  1.671683
0.403201 0.702799 -0.849233 -1.009394  1.671683
0.403201 0.702799 -1.040872 -1.009394  2.451738
0.403201 0.702799 -1.040872 -1.182923  3.720109
0.403201 0.702799 -1.040872 -1.182923  3.720109
0.403201 0.702799 -1.040872 -1.182923  3.720109
0.403201 0.702799 -1.134916 -1.182923  4.381209
0.403201 0.702799 -1.134916 -1.260414  5.245996
0.403201 0.702799 -1.134916 -1.260414  5.245996
0.403201 0.702799 -1.134916 -1.260414  5.245996
0.403201 0.702799 -1.160788 -1.260414  5.470623
0.403201 0.702799 -1.160788 -1.268748  5.577184
0.412132 0.702799 -1.160788 -1.268748  5.578417
0.412132 0.729352 -1.160788 -1.268748  5.613348
0.412132 0.729352 -1.160788 -1.268748  5.613348
0.412132 0.729352 -1.160788 -1.268748  5.613348
0.489439 0.729352 -1.160788 -1.268748  5.629544
0.489439 0.823888 -1.160788 -1.268748  5.802769
0.489439 0.823888 -1.160788 -1.268748  5.802769
0.489439 0.823888 -1.160788 -1.268748  5.802769
0.634169 0.823888 -1.160788 -1.268748  5.877254
0.634169 0.985754 -1.160788 -1.268748  6.428414
0.634169 0.985754 -1.160788 -1.268748  6.428414
0.634169 0.985754 -1.160788 -1.268748  6.428414
0.847666 0.985754 -1.160788 -1.268748  6.763491
0.847666 1.216055 -1.160788 -1.268748  8.492008
0.847666 1.216055 -1.160788 -1.268748  8.492008
0.847666 1.216055 -1.160788 -1.504098  12.902464
0.847666 1.216055 -1.160788 -1.504098  12.902464
0.847666 1.216055 -1.160788 -1.504098  12.902464
0.847666 1.216055 -1.343913 -1.504098  15.178823
0.847666 1.216055 -1.343913 -1.669957  20.468312
0.847666 1.216055 -1.343913 -1.669957  20.468312
0.847666 1.216055 -1.343913 -1.669957  20.468312
0.847666 1.216055 -1.458639 -1.669957  22.687424
0.847666 1.216055 -1.458639 -1.768048  26.976971
0.908356 1.216055 -1.458639 -1.768048  27.157739
0.908356 1.297543 -1.458639 -1.768048  28.176427
0.908356 1.297543 -1.458639 -1.768048  28.176427
0.908356 1.297543 -1.458639 -1.768048  28.176427
1.041698 1.297543 -1.458639 -1.768048  28.784629
1.041698 1.449031 -1.458639 -1.768048  31.494987
1.041698 1.449031 -1.458639 -1.768048  31.494987
1.041698 1.449031 -1.458639 -1.768048  31.494987
1.244566 1.449031 -1.458639 -1.768048  33.254364
1.244566 1.668830 -1.458639 -1.768048  39.809806
1.244566 1.668830 -1.458639 -1.768048  39.809806
1.244566 1.668830 -1.458639 -2.012744  55.565306
1.244566 1.668830 -1.458639 -2.012744  55.565306
1.244566 1.668830 -1.458639 -2.012744  55.565306
1.244566 1.668830 -1.652048 -2.012744  61.268256
1.244566 1.668830 -1.652048 -2.188509  78.440046
1.244566 1.668830 -1.652048 -2.188509  78.440046
1.244566 1.668830 -1.652048 -2.188509  78.440046
1.244566 1.668830 -1.775471 -2.188509  83.776934
1.244566 1.668830 -1.775471 -2.294917  97.227857
1.244566 1.668830 -1.775471 -2.294917  97.227857
1.244566 1.668830 -1.775471 -2.294917  97.227857
1.244566 1.668830 -1.829356 -2.294917  100.072641
1.244566 1.668830 -1.829356 -2.330695  105.191855
1.244566 1.668830 -1.829356 -2.330695  105.191855
1.244566 1.668830 -1.829356 -2.330695  105.191855
1.244566 1.668830 -1.829356 -2.330695  105.191855
1.244566 1.668830 -1.829356 -2.330695  105.191855
1.295433 1.668830 -1.829356 -2.330695  105.854023
1.295433 1.736775 -1.829356 -2.330695  108.712435
1.295433 1.736775 -1.829356 -2.330695  108.712435
1.295433 1.736775 -1.829356 -2.330695  108.712435
1.415540 1.736775 -1.829356 -2.330695  110.747698
1.415540 1.875309 -1.829356 -2.330695  118.138876
1.415540 1.875309 -1.829356 -2.330695  118.138876
1.415540 1.875309 -1.829356 -2.330695  118.138876
1.607853 1.875309 -1.829356 -2.330695  123.201065
1.607853 2.084969 -1.829356 -2.330695  139.407843
1.607853 2.084969 -1.829356 -2.330695  139.407843
1.607853 2.084969 -1.829356 -2.330695  139.407843
1.607853 2.084969 -1.829356 -2.330695  139.407843
1.607853 2.084969 -1.829356 -2.330695  139.407843
1.607853 2.084969 -2.035159 -2.330695  153.833623
1.607853 2.084969 -2.035159 -2.519871  186.658704
1.607853 2.084969 -2.035159 -2.519871  186.658704
1.607853 2.084969 -2.035159 -2.519871  186.658704
1.607853 2.084969 -2.174082 -2.519871  200.316631
1.607853 2.084969 -2.174082 -2.642050  227.454578
1.607853 2.084969 -2.174082 -2.642050  227.454578
1.607853 2.084969 -2.174082 -2.642050  227.454578
1.607853 2.084969 -2.244524 -2.642050  235.850064
1.607853 2.084969 -2.244524 -2.695192  249.328607
1.607853 2.084969 -2.244524 -2.695192  249.328607
1.607853 2.084969 -2.244524 -2.695192  249.328607
1.607853 2.084969 -2.245598 -2.695192  249.464945
1.607853 2.084969 -2.245598 -2.695192  249.464945
1.640409 2.084969 -2.245598 -2.695192  250.597816
1.640409 2.134826 -2.245598 -2.695192  255.539337
1.640409 2.134826 -2.245598 -2.695192  255.539337
1.640409 2.134826 -2.245598 -2.695192  255.539337
1.741897 2.134826 -2.245598 -2.695192  259.697436
1.741897 2.253864 -2.245598 -2.695192  273.517606
1.741897 2.253864 -2.245598 -2.695192  273.517606
1.741897 2.253864 -2.245598 -2.695192  273.517606
1.911391 2.253864 -2.245598 -2.695192  282.993220
1.911391 2.441539 -2.245598 -2.695192  311.591106
1.911391 2.441539 -2.245598 -2.695192  311.591106
1.911391 2.441539 -2.245598 -2.695192  311.591106
2.150756 2.441539 -2.245598 -2.695192  332.099834
2.150756 2.441539 -2.245598 -2.695192  332.099834
2.150756 2.441539 -2.472627 -2.695192  367.422445
2.150756 2.441539 -2.472627 -2.905254  432.182522
2.150756 2.441539 -2.472627 -2.905254  432.182522
2.150756 2.441539 -2.472627 -2.905254  432.182522
2.150756 2.441539 -2.626409 -2.905254  464.728507
2.150756 2.441539 -2.626409 -3.042197  518.329862
2.150756 2.441539 -2.626409 -3.042197  518.329862
2.150756 2.441539 -2.626409 -3.042197  518.329862
2.150756 2.441539 -2.712872 -3.042197  540.300477
2.150756 2.441539 -2.712872 -3.111349  571.293518
2.150756 2.441539 -2.712872 -3.111349  571.293518
2.150756 2.441539 -2.712872 -3.111349  571.293518
2.150756 2.441539 -2.712872 -3.111349  571.293518
2.150756 2.441539 -2.712872 -3.111349  571.293518
2.379812 2.441539 -2.712872 -3.111349  601.605772
2.379812 2.688052 -2.712872 -3.111349  655.188272
2.379812 2.688052 -2.948644 -3.111349  731.146900
2.379812 2.688052 -2.948644 -3.328161  847.916352
2.379812 2.688052 -2.948644 -3.328161  847.916352
2.379812 2.688052 -2.948644 -3.328161  847.916352
2.379812 2.688052 -3.113920 -3.328161  917.792636
2.379812 2.688052 -3.113920 -3.475648  1016.652190
2.379812 2.688052 -3.113920 -3.475648  1016.652190
2.379812 2.688052 -3.113920 -3.475648  1016.652190
2.379812 2.688052 -3.207667 -3.475648  1063.458167
2.379812 2.688052 -3.207667 -3.551820  1121.527427
2.379812 2.688052 -3.207667 -3.551820  1121.527427
2.379812 2.688052 -3.207667 -3.551820  1121.527427
2.379812 2.688052 -3.232267 -3.551820  1134.750614
2.379812 2.688052 -3.232267 -3.559524  1140.907343
2.390027 2.688052 -3.232267 -3.559524  1142.559696
2.390027 2.715778 -3.232267 -3.559524  1149.948480
2.390027 2.715778 -3.232267 -3.559524  1149.948480
2.390027 2.715778 -3.232267 -3.559524  1149.948480
2.470382 2.715778 -3.232267 -3.559524  1163.969850
2.470382 2.813684 -3.232267 -3.559524  1192.589265
2.470382 2.813684 -3.232267 -3.559524  1192.589265
2.470382 2.813684 -3.232267 -3.559524  1192.589265
2.619609 2.813684 -3.232267 -3.559524  1223.944565
2.619609 2.979949 -3.232267 -3.559524  1282.581210
2.619609 2.979949 -3.232267 -3.559524  1282.581210
2.619609 2.979949 -3.232267 -3.559524  1282.581210
2.837778 2.979949 -3.232267 -3.559524  1343.250492
2.837778 3.215172 -3.232267 -3.559524  1451.837883
2.837778 3.215172 -3.480386 -3.559524  1609.697649
2.837778 3.215172 -3.480386 -3.790139  1820.396160
2.837778 3.215172 -3.480386 -3.790139  1820.396160
2.837778 3.215172 -3.480386 -3.790139  1820.396160
2.837778 3.215172 -3.658067 -3.790139  1964.755842
2.837778 3.215172 -3.658067 -3.950117  2144.354237
2.837778 3.215172 -3.658067 -3.950117  2144.354237
2.837778 3.215172 -3.658067 -3.950117  2144.354237
2.837778 3.215172 -3.766391 -3.950117  2247.254991
2.837778 3.215172 -3.766391 -4.041458  2363.709795
2.837778 3.215172 -3.766391 -4.041458  2363.709795
2.837778 3.215172 -3.766391 -4.041458  2363.709795
2.837778 3.215172 -3.806090 -4.041458  2404.504148
2.837778 3.215172 -3.806090 -4.063500  2434.228573
2.837778 3.215172 -3.806090 -4.063500  2434.228573
2.837778 3.229733 -3.806090 -4.063500  2442.079751
2.837778 3.229733 -3.806090 -4.063500  2442.079751
2.837778 3.229733 -3.806090 -4.063500  2442.079751
2.905109 3.229733 -3.806090 -4.063500  2464.972929
2.905109 3.313880 -3.806090 -4.063500  2513.200752
2.905109 3.313880 -3.806090 -4.063500  2513.200752
2.905109 3.313880 -3.806090 -4.063500  2513.200752
3.042240 3.313880 -3.806090 -4.063500  2566.871726
3.042240 3.468463 -3.806090 -4.063500  2669.196931
3.042240 3.468463 -3.806090 -4.063500  2669.196931
3.042240 3.468463 -3.806090 -4.063500  2669.196931
3.249984 3.468463 -3.806090 -4.063500  2771.183002
3.249984 3.693272 -3.806090 -4.063500  2956.362362
3.249984 3.693272 -3.806090 -4.063500  2956.362362
3.249984 3.693272 -3.806090 -4.303127  3323.898920
3.249984 3.693272 -3.806090 -4.303127  3323.898920
3.249984 3.693272 -3.806090 -4.303127  3323.898920
3.249984 3.693272 -3.992713 -4.303127  3539.884778
3.249984 3.693272 -3.992713 -4.472259  3853.547063
3.249984 3.693272 -3.992713 -4.472259  3853.547063
3.249984 3.693272 -3.992713 -4.472259  3853.547063
3.249984 3.693272 -4.110062 -4.472259  4011.688064
3.249984 3.693272 -4.110062 -4.572162  4220.646372
3.249984 3.693272 -4.110062 -4.572162  4220.646372
3.249984 3.693272 -4.110062 -4.572162  4220.646372
3.249984 3.693272 -4.157708 -4.572162  4290.223409
3.249984 3.693272 -4.157708 -4.602744  4357.944411
3.249984 3.693272 -4.157708 -4.602744  4357.944411
3.249984 3.698313 -4.157708 -4.602744  4362.646179
3.249984 3.698313 -4.157708 -4.602744  4362.646179
3.249984 3.698313 -4.157708 -4.602744  4362.646179
3.305668 3.698313 -4.157708 -4.602744  4394.791129
3.305668 3.771407 -4.157708 -4.602744  4465.918278
3.305668 3.771407 -4.157708 -4.602744  4465.918278
3.305668 3.771407 -4.157708 -4.812624  4981.861824
3.305668 3.771407 -4.157708 -4.812624  4981.861824
3.305668 3.771407 -4.157708 -4.812624  4981.861824
3.305668 3.771407 -4.315117 -4.812624  5235.544305
3.305668 3.771407 -4.315117 -4.952814  5634.122984
3.305668 3.771407 -4.315117 -4.952814  5634.122984
3.305668 3.771407 -4.315117 -4.952814  5634.122984
3.305668 3.771407 -4.404209 -4.952814  5795.080337
3.305668 3.771407 -4.404209 -5.024829  6018.144203
3.305668 3.771407 -4.404209 -5.024829  6018.144203
3.305668 3.771407 -4.404209 -5.024829  6018.144203
3.305668 3.771407 -4.425200 -5.024829  6058.010941
3.305668 3.771407 -4.425200 -5.028199  6068.766555
3.319814 3.771407 -4.425200 -5.028199  6077.284752
3.319814 3.803092 -4.425200 -5.028199  6109.878053
3.319814 3.803092 -4.425200 -5.028199  6109.878053
3.319814 3.803092 -4.425200 -5.028199  6109.878053
3.404730 3.803092 -4.425200 -5.028199  6164.156492
3.404730 3.906114 -4.425200 -5.028199  6277.912201
3.404730 3.906114 -4.425200 -5.028199  6277.912201
3.404730 3.906114 -4.425200 -5.028199  6277.912201
3.560118 3.906114 -4.425200 -5.028199  6392.291262
3.560118 4.078563 -4.425200 -5.028199  6611.544809
3.560118 4.078563 -4.425200 -5.028199  6611.544809
3.560118 4.078563 -4.425200 -5.028199  6611.544809
3.784437 4.078563 -4.425200 -5.028199  6815.900764
3.784437 4.320918 -4.425200 -5.028199  7193.502514
3.784437 4.320918 -4.665756 -5.028199  7707.679663
3.784437 4.320918 -4.665756 -5.251670  8488.287074
3.784437 4.320918 -4.665756 -5.251670  8488.287074
3.784437 4.320918 -4.665756 -5.251670  8488.287074
3.784437 4.320918 -4.835840 -5.251670  8921.775433
3.784437 4.320918 -4.835840 -5.403945  9535.494927
3.784437 4.320918 -4.835840 -5.403945  9535.494927
3.784437 4.320918 -4.835840 -5.403945  9535.494927
3.784437 4.320918 -4.937278 -5.403945  9824.749340
3.784437 4.320918 -4.937278 -5.487430  10191.896907
3.784437 4.320918 -4.937278 -5.487430  10191.896907
3.784437 4.320918 -4.937278 -5.487430  10191.896907
3.784437 4.320918 -4.968221 -5.487430  10284.991050
3.784437 4.320918 -4.968221 -5.500134  10342.850653
3.788811 4.320918 -4.968221 -5.500134  10347.346760
3.788811 4.343007 -4.968221 -5.500134  10386.241047
3.788811 4.343007 -4.968221 -5.500134  10386.241047
3.788811 4.343007 -4.968221 -5.500134  10386.241047
3.862315 4.343007 -4.968221 -5.500134  10464.971530
3.862315 4.434680 -4.968221 -5.500134  10635.072405
3.862315 4.434680 -4.968221 -5.500134  10635.072405
3.862315 4.434680 -4.968221 -5.500134  10635.072405
4.006068 4.434680 -4.968221 -5.500134  10807.378439
4.006068 4.597217 -4.968221 -5.500134  11145.598198
4.006068 4.597217 -4.968221 -5.500134  11145.598198
4.006068 4.597217 -4.968221 -5.500134  11145.598198
4.220897 4.597217 -4.968221 -5.500134  11453.557264
4.220897 4.829216 -4.968221 -5.500134  12026.687172
4.220897 4.829216 -4.968221 -5.500134  12026.687172
4.220897 4.829216 -4.968221 -5.733365  13188.327784
4.220897 4.829216 -4.968221 -5.733365  13188.327784
4.220897 4.829216 -4.968221 -5.733365  13188.327784
4.220897 4.829216 -5.150073 -5.733365  13784.369045
4.220897 4.829216 -5.150073 -5.897999  14726.398657
4.220897 4.829216 -5.150073 -5.897999  14726.398657
4.220897 4.829216 -5.150073 -5.897999  14726.398657
4.220897 4.829216 -5.262042 -5.897999  15137.744442
4.220897 4.829216 -5.262042 -5.992265  15726.626135
4.220897 4.829216 -5.262042 -5.992265  15726.626135
4.220897 4.829216 -5.262042 -5.992265  15726.626135
4.220897 4.829216 -5.303907 -5.992265  15889.686947
4.220897 4.829216 -5.303907 -6.017006  16050.505897
4.220897 4.829216 -5.303907 -6.017006  16050.505897
4.220897 4.838258 -5.303907 -6.017006  16075.185929
4.220897 4.838258 -5.303907 -6.017006  16075.185929
