-0.548447 -0.548310 -0.548200  -0.165069
-0.475186 -0.475034 -0.474958  -0.107350
-0.395971 -0.395915 -0.395844  -0.062119
0.084227 0.084288 0.084370  0.000596
-0.436972 -0.436890 -0.436829  -0.083472
-0.128037 -0.127960 -0.127899  -0.002102
-0.321270 -0.321214 -0.321143  -0.033181
-0.091098 -0.091037 -0.090960  -0.000758
-0.176609 -0.262043 -0.261978  -0.005522
-0.342198 -0.342137 -0.422161  -0.004884
-0.497023 -0.496951 -0.496885  -0.122829
-0.068971 -0.068905 -0.068829  -0.000329
-0.063359 -0.063298 -0.063222  -0.000255
-0.058236 -0.058171 -0.058105  -0.000198
-0.053148 -0.053076 -0.053005  -0.000151
-0.048267 -0.048200 -0.048129  -0.000113
-0.043097 -0.043020 -0.042955  -0.000080
-0.037722 -0.037661 -0.037584  -0.000054
-0.032785 -0.032713 -0.032643  -0.000035
-0.027961 -0.027900 -0.027818  -0.000022
-0.050751 -0.050637 -0.050571  -0.000131
-0.068010 -0.067954 -0.067873  -0.000316
-0.080052 -0.079991 -0.079910  -0.000515
-0.006939 -0.006872 -0.006801  -0.000000
-0.527104 -0.527036 -0.526966  -0.146508
-0.218827 -0.218757 -0.218680  -0.010490
-0.212091 -0.212019 -0.211948  -0.009550
0.016308 0.016365 0.016446  0.000004
0.037763 0.059284 0.059356  0.000053
0.085610 0.085680 0.112153  -0.000154
0.144185 0.144257 0.144327  0.002993
0.037316 0.037393 0.037454  0.000052
0.042297 0.042353 0.042434  0.000075
0.047016 0.047082 0.047158  0.000103
0.051840 0.051901 0.051978  0.000139
0.056541 0.056606 0.056678  0.000180
0.061545 0.061606 0.061687  0.000232
0.066140 0.066217 0.066287  0.000288
0.071130 0.071202 0.071273  0.000359
0.076106 0.076163 0.076244  0.000439
0.156927 0.156993 0.157070  0.003859
0.243227 0.243288 0.243358  0.014377
0.334762 0.334823 0.334894  0.037492
0.096388 0.096455 0.096525  0.000894
-0.625270 -0.625199 -0.625118  -0.244553
-0.316549 -0.316473 -0.316407  -0.031739
-0.310030 -0.309958 -0.309892  -0.029819
-0.081778 -0.081708 -0.081636  -0.000548
-0.158335 -0.234824 -0.234749  -0.003982
-0.305907 -0.305825 -0.376766  -0.003747
-0.442791 -0.442725 -0.442655  -0.086857
-0.060652 -0.060586 -0.060514  -0.000224
-0.055563 -0.055486 -0.055421  -0.000172
-0.050615 -0.050550 -0.050473  -0.000130
-0.045403 -0.045331 -0.045265  -0.000094
-0.040469 -0.040399 -0.040322  -0.000067
-0.035413 -0.035337 -0.035276  -0.000045
-0.030243 -0.030167 -0.030105  -0.000028
-0.025263 -0.025197 -0.025120  -0.000016
-0.020373 -0.020305 -0.020235  -0.000009
-0.035613 -0.035531 -0.035470  -0.000045
-0.045492 -0.045435 -0.045354  -0.000095
-0.050277 -0.050212 -0.050135  -0.000128
0.000403 0.000474 0.000546  0.000000
-0.515763 -0.515682 -0.515621  -0.137248
-0.198196 -0.198100 -0.198030  -0.007794
-0.191245 -0.191188 -0.191107  -0.007004
0.036760 0.036827 0.036898  0.000049
0.078846 0.121005 0.121075  0.000487
0.168271 0.168343 0.215751  -0.000508
0.268510 0.268577 0.268648  0.019344
0.058080 0.058148 0.058218  0.000195
0.063645 0.063711 0.063787  0.000257
0.068540 0.068612 0.068682  0.000321
0.073415 0.073487 0.073558  0.000395
0.078249 0.078321 0.078387  0.000478
0.082842 0.082903 0.082984  0.000567
0.087551 0.087613 0.087689  0.000669
0.092341 0.092413 0.092484  0.000786
0.096967 0.097028 0.097104  0.000910
