-0.990857 -0.826691 -0.825837 -0.825431  -0.573919
-0.880717 -0.826691 -0.825837 -0.825431  -0.148694
-0.880717 -0.695549 -0.825837 -0.825431  0.074625
-0.880717 -0.695549 -0.825837 -0.825431  0.074625
-0.880717 -0.695549 -0.825837 -0.825431  0.074625
-0.690060 -0.695549 -0.825837 -0.825431  0.448040
-0.690060 -0.485459 -0.825837 -0.825431  0.583871
-0.690060 -0.485459 -0.825837 -0.825431  0.583871
-0.690060 -0.485459 -0.825837 -0.825431  0.583871
-0.690060 -0.485459 -0.825837 -0.825431  0.583871
-0.690060 -0.485459 -0.825837 -0.825431  0.583871
-0.690060 -0.485459 -1.027462 -0.825431  1.344809
-0.690060 -0.485459 -1.027462 -1.006030  1.992143
-0.690060 -0.485459 -1.027462 -1.006030  1.992143
-0.690060 -0.485459 -1.027462 -1.006030  1.992143
-0.690060 -0.485459 -1.149258 -1.006030  2.851957
-0.690060 -0.485459 -1.149258 -1.109731  3.504460
-0.690060 -0.485459 -1.149258 -1.109731  3.504460
-0.690060 -0.485459 -1.149258 -1.109731  3.504460
-0.690060 -0.485459 -1.196797 -1.109731  3.954873
-0.690060 -0.485459 -1.196797 -1.139211  4.190615
-0.690060 -0.485459 -1.196797 -1.139211  4.190615
-0.690060 -0.479779 -1.196797 -1.139211  4.192156
-0.690060 -0.479779 -1.196797 -1.139211  4.192156
-0.690060 -0.479779 -1.196797 -1.139211  4.192156
-0.631317 -0.479779 -1.196797 -1.139211  4.248341
-0.631317 -0.403259 -1.196797 -1.139211  4.263099
-0.631317 -0.403259 -1.196797 -1.139211  4.263099
-0.631317 -0.403259 -1.196797 -1.139211  4.263099
-0.503154 -0.403259 -1.196797 -1.139211  4.331137
-0.503154 -0.257060 -1.196797 -1.139211  4.340678
-0.503154 -0.257060 -1.196797 -1.139211  4.340678
-0.503154 -0.257060 -1.196797 -1.139211  4.340678
-0.304104 -0.257060 -1.196797 -1.139211  4.370326
-0.304104 -0.040213 -1.196797 -1.139211  4.371448
-0.304104 -0.040213 -1.196797 -1.139211  4.371448
-0.304104 -0.040213 -1.196797 -1.384996  7.548852
-0.304104 -0.040213 -1.196797 -1.384996  7.548852
-0.304104 -0.040213 -1.196797 -1.384996  7.548852
-0.304104 -0.040213 -1.386816 -1.384996  10.223290
-0.304104 -0.040213 -1.386816 -1.556647  14.267217
-0.304104 -0.040213 -1.386816 -1.556647  14.267217
-0.304104 -0.040213 -1.386816 -1.556647  14.267217
-0.304104 -0.040213 -1.505247 -1.556647  16.864991
-0.304104 -0.040213 -1.505247 -1.657159  20.222353
-0.304104 -0.040213 -1.505247 -1.657159  20.222353
-0.304104 -0.040213 -1.505247 -1.657159  20.222353
-0.304104 -0.040213 -1.554806 -1.657159  21.581032
-0.304104 -0.040213 -1.554806 -1.689309  22.841257
-0.304104 -0.040213 -1.554806 -1.689309  22.841257
-0.304104 -0.037120 -1.554806 -1.689309  22.841257
-0.304104 -0.037120 -1.554806 -1.689309  22.841257
-0.304104 -0.037120 -1.554806 -1.689309  22.841257
-0.222830 -0.037120 -1.554806 -1.689309  22.843309
-0.222830 0.062688 -1.554806 -1.689309  22.843310
-0.222830 0.062688 -1.554806 -1.689309  22.843310
-0.222830 0.062688 -1.554806 -1.689309  22.843310
-0.068939 0.062688 -1.554806 -1.689309  22.843858
-0.068939 0.234509 -1.554806 -1.689309  22.844566
-0.068939 0.234509 -1.554806 -1.689309  22.844566
-0.068939 0.234509 -1.554806 -1.689309  22.844566
0.154408 0.234509 -1.554806 -1.689309  22.844655
0.154408 0.475723 -1.554806 -1.689309  22.868311
0.154408 0.475723 -1.795873 -1.689309  32.462197
0.154408 0.475723 -1.795873 -1.913432  44.353188
0.154408 0.475723 -1.795873 -1.913432  44.353188
0.154408 0.475723 -1.795873 -1.913432  44.353188
0.154408 0.475723 -1.966515 -1.913432  55.082509
0.154408 0.475723 -1.966515 -2.065920  67.066716
0.154408 0.475723 -1.966515 -2.065920  67.066716
0.154408 0.475723 -1.966515 -2.065920  67.066716
0.154408 0.475723 -2.066222 -2.065920  75.317713
0.154408 0.475723 -2.066222 -2.148123  83.424833
0.154408 0.475723 -2.066222 -2.148123  83.424833
0.154408 0.475723 -2.066222 -2.148123  83.424833
0.154408 0.475723 -2.095965 -2.148123  86.214615
0.154408 0.475723 -2.095965 -2.160625  87.561206
0.159112 0.475723 -2.095965 -2.160625  87.561220
0.159112 0.498131 -2.095965 -2.160625  87.567525
0.159112 0.498131 -2.095965 -2.160625  87.567525
0.159112 0.498131 -2.095965 -2.160625  87.567525
0.233518 0.498131 -2.095965 -2.160625  87.568118
0.233518 0.589469 -2.095965 -2.160625  87.608619
0.233518 0.589469 -2.149917 -2.160625  93.089700
0.233518 0.589469 -2.149917 -2.193125  96.739168
0.233518 0.589469 -2.149917 -2.193125  96.739168
0.233518 0.593765 -2.149917 -2.193125  96.741800
0.233518 0.593765 -2.149917 -2.193125  96.741800
0.233518 0.593765 -2.149917 -2.193125  96.741800
0.289386 0.593765 -2.149917 -2.193125  96.743135
0.289386 0.666769 -2.149917 -2.193125  96.801121
0.289386 0.666769 -2.149917 -2.193125  96.801121
0.289386 0.666769 -2.149917 -2.193125  96.801121
0.412596 0.666769 -2.149917 -2.193125  96.811048
0.412596 0.807150 -2.149917 -2.193125  97.021848
0.412596 0.807150 -2.149917 -2.193125  97.021848
0.412596 0.807150 -2.149917 -2.193125  97.021848
0.608259 0.807150 -2.149917 -2.193125  97.093152
0.608259 1.020364 -2.149917 -2.193125  97.856613
0.608259 1.020364 -2.149917 -2.193125  97.856613
0.608259 1.020364 -2.149917 -2.193125  97.856613
0.608259 1.020364 -2.149917 -2.193125  97.856613
0.608259 1.020364 -2.149917 -2.193125  97.856613
0.608259 1.020364 -2.349189 -2.193125  123.472108
0.608259 1.020364 -2.349189 -2.374349  148.197164
0.608259 1.020364 -2.349189 -2.374349  148.197164
0.608259 1.020364 -2.349189 -2.374349  148.197164
0.608259 1.020364 -2.477918 -2.374349  170.069374
0.608259 1.020364 -2.477918 -2.485849  189.531763
0.608259 1.020364 -2.477918 -2.485849  189.531763
0.608259 1.020364 -2.477918 -2.485849  189.531763
0.608259 1.020364 -2.538453 -2.485849  201.513955
0.608259 1.020364 -2.538453 -2.529224  210.089523
0.608259 1.020364 -2.538453 -2.529224  210.089523
0.608259 1.020364 -2.538453 -2.529224  210.089523
0.608259 1.020364 -2.538453 -2.529224  210.089523
0.608259 1.020364 -2.538453 -2.529224  210.089523
0.649601 1.020364 -2.538453 -2.529224  210.121935
0.649601 1.079526 -2.538453 -2.529224  210.481990
0.649601 1.079526 -2.538453 -2.529224  210.481990
0.649601 1.079526 -2.538453 -2.529224  210.481990
0.762467 1.079526 -2.538453 -2.529224  210.624013
0.762467 1.209564 -2.538453 -2.529224  211.746976
0.762467 1.209564 -2.538453 -2.529224  211.746976
0.762467 1.209564 -2.538453 -2.529224  211.746976
0.943212 1.209564 -2.538453 -2.529224  212.235811
0.943212 1.407358 -2.538453 -2.529224  215.167813
0.943212 1.407358 -2.538453 -2.529224  215.167813
0.943212 1.407358 -2.538453 -2.529224  215.167813
1.192602 1.407358 -2.538453 -2.529224  216.833843
1.192602 1.407358 -2.538453 -2.529224  216.833843
1.192602 1.407358 -2.755241 -2.529224  270.213492
1.192602 1.407358 -2.755241 -2.728501  317.938330
1.192602 1.407358 -2.755241 -2.728501  317.938330
1.192602 1.407358 -2.755241 -2.728501  317.938330
1.192602 1.407358 -2.898274 -2.728501  363.659255
1.192602 1.407358 -2.898274 -2.853212  401.526057
1.192602 1.407358 -2.898274 -2.853212  401.526057
1.192602 1.407358 -2.898274 -2.853212  401.526057
1.192602 1.407358 -2.971249 -2.853212  428.601085
1.192602 1.407358 -2.971249 -2.908210  447.541644
1.192602 1.407358 -2.971249 -2.908210  447.541644
1.192602 1.407358 -2.971249 -2.908210  447.541644
1.192602 1.407358 -2.973180 -2.908210  448.295148
1.192602 1.407358 -2.973180 -2.908210  448.295148
1.225745 1.407358 -2.973180 -2.908210  448.649534
1.225745 1.457602 -2.973180 -2.908210  449.707985
1.225745 1.457602 -2.973180 -2.908210  449.707985
1.225745 1.457602 -2.973180 -2.908210  449.707985
1.328308 1.457602 -2.973180 -2.908210  451.076211
1.328308 1.577226 -2.973180 -2.908210  454.257131
1.328308 1.577226 -2.973180 -2.908210  454.257131
1.328308 1.577226 -2.973180 -2.908210  454.257131
1.498248 1.577226 -2.973180 -2.908210  457.671458
1.498248 1.765307 -2.973180 -2.908210  465.054600
1.498248 1.765307 -2.973180 -2.908210  465.054600
1.498248 1.765307 -2.973180 -2.908210  465.054600
1.740523 1.765307 -2.973180 -2.908210  473.478550
1.740523 1.765307 -2.973180 -2.908210  473.478550
1.740523 1.765307 -3.195177 -2.908210  574.171661
1.740523 1.765307 -3.195177 -3.112183  658.101962
1.740523 1.765307 -3.195177 -3.112183  658.101962
1.740523 1.765307 -3.195177 -3.112183  658.101962
1.740523 1.765307 -3.347164 -3.112183  745.209715
1.740523 1.765307 -3.347164 -3.247104  814.226573
1.740523 1.765307 -3.347164 -3.247104  814.226573
1.740523 1.765307 -3.347164 -3.247104  814.226573
1.740523 1.765307 -3.356630 -3.247104  820.201010
1.740523 1.765307 -3.356630 -3.247104  820.201010
1.790490 1.765307 -3.356630 -3.247104  822.629349
1.790490 1.846013 -3.356630 -3.247104  826.923242
1.790490 1.846013 -3.356630 -3.247104  826.923242
1.790490 1.846013 -3.356630 -3.247104  826.923242
1.954512 1.846013 -3.356630 -3.247104  837.044199
1.954512 2.041930 -3.356630 -3.247104  851.104794
1.954512 2.041930 -3.356630 -3.247104  851.104794
1.954512 2.041930 -3.356630 -3.487496  1006.029867
1.954512 2.041930 -3.356630 -3.487496  1006.029867
1.954512 2.041930 -3.356630 -3.487496  1006.029867
1.954512 2.041930 -3.510931 -3.487496  1113.396211
1.954512 2.041930 -3.510931 -3.606625  1207.739112
1.954512 2.041930 -3.510931 -3.606625  1207.739112
1.954512 2.041930 -3.510931 -3.606625  1207.739112
1.954512 2.041930 -3.548796 -3.606625  1237.133172
1.954512 2.041930 -3.548796 -3.617325  1246.238662
1.972046 2.041930 -3.548796 -3.617325  1247.541248
1.972046 2.086407 -3.548796 -3.617325  1251.579410
1.972046 2.086407 -3.548796 -3.617325  1251.579410
1.972046 2.086407 -3.548796 -3.617325  1251.579410
2.095072 2.086407 -3.548796 -3.617325  1262.118139
2.095072 2.241165 -3.548796 -3.617325  1279.123665
2.095072 2.241165 -3.548796 -3.617325  1279.123665
2.095072 2.241165 -3.548796 -3.617325  1279.123665
2.337626 2.241165 -3.548796 -3.617325  1308.562824
2.337626 2.241165 -3.548796 -3.617325  1308.562824
2.337626 2.241165 -3.748671 -3.617325  1485.960530
2.337626 2.241165 -3.748671 -3.790199  1648.794375
2.337626 2.241165 -3.748671 -3.790199  1648.794375
2.337626 2.241165 -3.748671 -3.790199  1648.794375
2.337626 2.241165 -3.838382 -3.790199  1741.714425
2.337626 2.241165 -3.838382 -3.851390  1806.927250
2.337626 2.241165 -3.838382 -3.851390  1806.927250
2.337626 2.241165 -3.838382 -3.851390  1806.927250
2.337626 2.241165 -3.838382 -3.851390  1806.927250
2.337626 2.241165 -3.838382 -3.851390  1806.927250
2.417333 2.241165 -3.838382 -3.851390  1819.667395
2.417333 2.346828 -3.838382 -3.851390  1834.313513
2.417333 2.346828 -3.838382 -3.851390  1834.313513
2.417333 2.346828 -3.838382 -3.851390  1834.313513
2.609739 2.346828 -3.838382 -3.851390  1872.825852
2.609739 2.567882 -3.838382 -3.851390  1913.292298
2.609739 2.567882 -3.838382 -3.851390  1913.292298
2.609739 2.567882 -3.838382 -4.080533  2197.210799
2.609739 2.567882 -3.838382 -4.080533  2197.210799
2.609739 2.567882 -3.838382 -4.080533  2197.210799
2.609739 2.567882 -3.981622 -4.080533  2364.718131
2.609739 2.567882 -3.981622 -4.198079  2537.327162
2.609739 2.567882 -3.981622 -4.198079  2537.327162
2.609739 2.567882 -3.981622 -4.198079  2537.327162
2.609739 2.567882 -4.015637 -4.198079  2580.808673
2.609739 2.567882 -4.015637 -4.201951  2586.833062
2.632774 2.567882 -4.015637 -4.201951  2592.270738
2.632774 2.623373 -4.015637 -4.201951  2604.867566
2.632774 2.623373 -4.015637 -4.201951  2604.867566
2.632774 2.623373 -4.015637 -4.201951  2604.867566
2.776300 2.623373 -4.015637 -4.201951  2643.316379
2.776300 2.799805 -4.015637 -4.201951  2691.109019
2.776300 2.799805 -4.015637 -4.201951  2691.109019
2.776300 2.799805 -4.015637 -4.201951  2691.109019
2.776300 2.799805 -4.015637 -4.201951  2691.109019
2.776300 2.799805 -4.015637 -4.201951  2691.109019
2.776300 2.799805 -4.180236 -4.201951  2923.387064
2.776300 2.799805 -4.180236 -4.335765  3145.682937
2.776300 2.799805 -4.180236 -4.335765  3145.682937
2.776300 2.799805 -4.180236 -4.335765  3145.682937
2.776300 2.799805 -4.220740 -4.335765  3208.733267
2.776300 2.799805 -4.220740 -4.347703  3229.943626
2.796427 2.799805 -4.220740 -4.347703  3236.009705
2.796427 2.853609 -4.220740 -4.347703  3253.188158
2.796427 2.853609 -4.220740 -4.347703  3253.188158
2.796427 2.853609 -4.220740 -4.347703  3253.188158
2.943411 2.853609 -4.220740 -4.347703  3303.109841
2.943411 3.031687 -4.220740 -4.347703  3369.995005
2.943411 3.031687 -4.220740 -4.347703  3369.995005
2.943411 3.031687 -4.220740 -4.347703  3369.995005
2.943411 3.031687 -4.220740 -4.347703  3369.995005
2.943411 3.031687 -4.220740 -4.347703  3369.995005
2.943411 3.031687 -4.369856 -4.347703  3623.933436
2.943411 3.031687 -4.369856 -4.464859  3844.825329
2.943411 3.031687 -4.369856 -4.464859  3844.825329
2.943411 3.031687 -4.369856 -4.464859  3844.825329
2.943411 3.031687 -4.399561 -4.464859  3899.725253
2.943411 3.031687 -4.399561 -4.465771  3901.537639
2.973946 3.031687 -4.399561 -4.465771  3913.237382
2.973946 3.091203 -4.399561 -4.465771  3939.382421
2.973946 3.091203 -4.399561 -4.465771  3939.382421
2.973946 3.091203 -4.399561 -4.465771  3939.382421
3.129761 3.091203 -4.399561 -4.465771  4007.053044
3.129761 3.275620 -4.399561 -4.465771  4101.910069
3.129761 3.275620 -4.399561 -4.465771  4101.910069
3.129761 3.275620 -4.399561 -4.465771  4101.910069
3.129761 3.275620 -4.399561 -4.465771  4101.910069
3.129761 3.275620 -4.399561 -4.465771  4101.910069
3.129761 3.275620 -4.559482 -4.465771  4424.074711
3.129761 3.275620 -4.559482 -4.593463  4692.950292
3.129761 3.275620 -4.559482 -4.593463  4692.950292
3.129761 3.275620 -4.559482 -4.593463  4692.950292
3.129761 3.275620 -4.600997 -4.593463  4784.309408
3.129761 3.275620 -4.600997 -4.605524  4811.299075
3.149146 3.275620 -4.600997 -4.605524  4820.715077
3.149146 3.326479 -4.600997 -4.605524  4850.914435
3.149146 3.326479 -4.600997 -4.605524  4850.914435
3.149146 3.326479 -4.600997 -4.605524  4850.914435
3.291347 3.326479 -4.600997 -4.605524  4927.447849
3.291347 3.499985 -4.600997 -4.605524  5045.346432
3.291347 3.499985 -4.600997 -4.605524  5045.346432
3.291347 3.499985 -4.600997 -4.605524  5045.346432
3.291347 3.499985 -4.600997 -4.605524  5045.346432
3.291347 3.499985 -4.600997 -4.605524  5045.346432
3.291347 3.499985 -4.781447 -4.605524  5482.659048
3.291347 3.499985 -4.781447 -4.754547  5840.294537
3.291347 3.499985 -4.781447 -4.754547  5840.294537
3.291347 3.499985 -4.781447 -4.754547  5840.294537
3.291347 3.499985 -4.839403 -4.754547  5995.472629
3.291347 3.499985 -4.839403 -4.781718  6065.693879
3.294711 3.499985 -4.839403 -4.781718  6067.671830
3.294711 3.534134 -4.839403 -4.781718  6093.798756
3.294711 3.534134 -4.839403 -4.781718  6093.798756
3.294711 3.534134 -4.839403 -4.781718  6093.798756
3.423535 3.534134 -4.839403 -4.781718  6175.870176
3.423535 3.695270 -4.839403 -4.781718  6313.554141
3.423535 3.695270 -4.839403 -4.781718  6313.554141
3.423535 3.695270 -4.839403 -4.781718  6313.554141
3.423535 3.695270 -4.839403 -4.781718  6313.554141
3.423535 3.695270 -4.839403 -4.781718  6313.554141
3.423535 3.695270 -5.017067 -4.781718  6837.900541
3.423535 3.695270 -5.017067 -4.926664  7240.467508
3.423535 3.695270 -5.017067 -4.926664  7240.467508
3.423535 3.695270 -5.017067 -4.926664  7240.467508
3.423535 3.695270 -5.072202 -4.926664  7419.009644
3.423535 3.695270 -5.072202 -4.949601  7487.206575
3.431133 3.695270 -5.072202 -4.949601  7492.448183
3.431133 3.732369 -5.072202 -4.949601  7527.736933
3.431133 3.732369 -5.072202 -4.949601  7527.736933
3.431133 3.732369 -5.072202 -4.949601  7527.736933
3.560168 3.732369 -5.072202 -4.949601  7624.139027
3.560168 3.891665 -5.072202 -4.949601  7792.473490
3.560168 3.891665 -5.072202 -4.949601  7792.473490
3.560168 3.891665 -5.072202 -4.949601  7792.473490
3.560168 3.891665 -5.072202 -4.949601  7792.473490
3.560168 3.891665 -5.072202 -4.949601  7792.473490
3.560168 3.891665 -5.259709 -4.949601  8460.625883
3.560168 3.891665 -5.259709 -5.105399  8958.534244
3.560168 3.891665 -5.259709 -5.105399  8958.534244
3.560168 3.891665 -5.259709 -5.105399  8958.534244
3.560168 3.891665 -5.322350 -5.105399  9204.016164
3.560168 3.891665 -5.322350 -5.136617  9311.367203
3.564846 3.891665 -5.322350 -5.136617  9315.134354
3.564846 3.925194 -5.322350 -5.136617  9354.256409
3.564846 3.925194 -5.322350 -5.136617  9354.256409
