-0.079023 -0.924718 -0.924108 -0.923748  0.670383
-0.047770 -0.924718 -0.924108 -0.923748  0.670386
-0.047770 -0.872037 -0.924108 -0.923748  0.842258
-0.047770 -0.872037 -0.924108 -0.923748  0.842258
-0.047770 -0.872037 -0.924108 -0.923748  0.842258
0.056244 -0.872037 -0.924108 -0.923748  0.842259
0.056244 -0.750210 -0.924108 -0.923748  1.108905
0.056244 -0.750210 -0.924108 -0.923748  1.108905
0.056244 -0.750210 -0.924108 -0.923748  1.108905
0.230374 -0.750210 -0.924108 -0.923748  1.109554
0.230374 -0.558220 -0.924108 -0.923748  1.292988
0.230374 -0.558220 -0.924108 -0.923748  1.292988
0.230374 -0.558220 -0.924108 -0.923748  1.292988
0.475134 -0.558220 -0.924108 -0.923748  1.316554
0.475134 -0.558220 -0.924108 -0.923748  1.316554
0.475134 -0.558220 -1.144842 -0.923748  2.609276
0.475134 -0.558220 -1.144842 -1.123624  3.727702
0.475134 -0.558220 -1.144842 -1.123624  3.727702
0.475134 -0.558220 -1.144842 -1.123624  3.727702
0.475134 -0.558220 -1.295436 -1.123624  5.409257
0.475134 -0.558220 -1.295436 -1.258327  6.772983
0.475134 -0.558220 -1.295436 -1.258327  6.772983
0.475134 -0.558220 -1.295436 -1.258327  6.772983
0.475134 -0.558220 -1.381771 -1.258327  8.161880
0.475134 -0.558220 -1.381771 -1.327988  9.137316
0.475134 -0.558220 -1.381771 -1.327988  9.137316
0.475134 -0.558220 -1.381771 -1.327988  9.137316
0.475134 -0.558220 -1.401332 -1.327988  9.504093
0.475134 -0.558220 -1.401332 -1.330828  9.548445
0.488514 -0.558220 -1.401332 -1.330828  9.552052
0.488514 -0.527704 -1.401332 -1.330828  9.565334
0.488514 -0.527704 -1.401332 -1.330828  9.565334
0.488514 -0.527704 -1.401332 -1.330828  9.565334
0.567127 -0.527704 -1.401332 -1.330828  9.596181
0.567127 -0.430155 -1.401332 -1.330828  9.622375
0.567127 -0.430155 -1.401332 -1.330828  9.622375
0.567127 -0.430155 -1.401332 -1.330828  9.622375
0.715027 -0.430155 -1.401332 -1.330828  9.750608
0.715027 -0.266235 -1.401332 -1.330828  9.763997
0.715027 -0.266235 -1.401332 -1.330828  9.763997
0.715027 -0.266235 -1.401332 -1.330828  9.763997
0.927377 -0.266235 -1.401332 -1.330828  10.263028
0.927377 -0.037309 -1.401332 -1.330828  10.264366
0.927377 -0.037309 -1.401332 -1.330828  10.264366
0.927377 -0.037309 -1.401332 -1.568867  15.594342
0.927377 -0.037309 -1.401332 -1.568867  15.594342
0.927377 -0.037309 -1.401332 -1.568867  15.594342
0.927377 -0.037309 -1.592209 -1.568867  20.423409
0.927377 -0.037309 -1.592209 -1.743997  27.052399
0.927377 -0.037309 -1.592209 -1.743997  27.052399
0.927377 -0.037309 -1.592209 -1.743997  27.052399
0.927377 -0.037309 -1.719763 -1.743997  31.862752
0.927377 -0.037309 -1.719763 -1.831660  36.346188
0.927377 -0.037309 -1.719763 -1.831660  36.346188
0.927377 -0.037309 -1.719763 -1.831660  36.346188
0.927377 -0.037309 -1.753616 -1.831660  37.886234
0.927377 -0.037309 -1.753616 -1.849481  38.908857
0.927377 -0.037309 -1.753616 -1.849481  38.908857
0.927377 -0.022994 -1.753616 -1.849481  38.908857
0.927377 -0.022994 -1.753616 -1.849481  38.908857
0.927377 -0.022994 -1.753616 -1.849481  38.908857
0.988759 -0.022994 -1.753616 -1.849481  39.167971
0.988759 0.054824 -1.753616 -1.849481  39.167971
0.988759 0.054824 -1.753616 -1.849481  39.167971
0.988759 0.054824 -1.753616 -1.849481  39.167971
1.115785 0.054824 -1.753616 -1.849481  39.952357
1.115785 0.198180 -1.753616 -1.849481  39.952662
1.115785 0.198180 -1.753616 -1.849481  39.952662
1.115785 0.198180 -1.753616 -1.849481  39.952662
1.308220 0.198180 -1.753616 -1.849481  42.055047
1.308220 0.407207 -1.753616 -1.849481  42.065938
1.308220 0.407207 -1.753616 -1.849481  42.065938
1.308220 0.407207 -1.753616 -1.849481  42.065938
1.308220 0.407207 -1.753616 -1.849481  42.065938
1.308220 0.407207 -1.753616 -1.849481  42.065938
1.308220 0.407207 -1.964486 -1.849481  54.740583
1.308220 0.407207 -1.964486 -2.044819  68.850884
1.308220 0.407207 -1.964486 -2.044819  68.850884
1.308220 0.407207 -1.964486 -2.044819  68.850884
1.308220 0.407207 -2.111144 -2.044819  81.529162
1.308220 0.407207 -2.111144 -2.174440  94.390557
1.308220 0.407207 -2.111144 -2.174440  94.390557
1.308220 0.407207 -2.111144 -2.174440  94.390557
1.308220 0.407207 -2.190888 -2.174440  102.932107
1.308220 0.407207 -2.190888 -2.202569  106.158738
1.308220 0.407207 -2.190888 -2.202569  106.158738
1.308220 0.415827 -2.190888 -2.202569  106.159975
1.308220 0.415827 -2.190888 -2.202569  106.159975
1.308220 0.415827 -2.190888 -2.202569  106.159975
1.365293 0.415827 -2.190888 -2.202569  107.071995
1.365293 0.490212 -2.190888 -2.202569  107.087871
1.365293 0.490212 -2.190888 -2.202569  107.087871
1.365293 0.490212 -2.190888 -2.202569  107.087871
1.487810 0.490212 -2.190888 -2.202569  109.634204
1.487810 0.630068 -2.190888 -2.202569  109.705192
1.487810 0.630068 -2.190888 -2.202569  109.705192
1.487810 0.630068 -2.190888 -2.202569  109.705192
1.676519 0.630068 -2.190888 -2.202569  115.659716
1.676519 0.835701 -2.190888 -2.202569  115.968037
1.676519 0.835701 -2.190888 -2.202569  115.968037
1.676519 0.835701 -2.190888 -2.202569  115.968037
1.676519 0.835701 -2.190888 -2.202569  115.968037
1.676519 0.835701 -2.190888 -2.202569  115.968037
1.676519 0.835701 -2.406424 -2.202569  146.187783
1.676519 0.835701 -2.406424 -2.401799  174.274924
1.676519 0.835701 -2.406424 -2.401799  174.274924
1.676519 0.835701 -2.406424 -2.401799  174.274924
1.676519 0.835701 -2.556692 -2.401799  202.819879
1.676519 0.835701 -2.556692 -2.535299  227.642776
1.676519 0.835701 -2.556692 -2.535299  227.642776
1.676519 0.835701 -2.556692 -2.535299  227.642776
1.676519 0.835701 -2.642748 -2.535299  247.307948
1.676519 0.835701 -2.642748 -2.605346  262.600335
1.676519 0.835701 -2.642748 -2.605346  262.600335
1.676519 0.835701 -2.642748 -2.605346  262.600335
1.676519 0.835701 -2.665223 -2.605346  268.175799
1.676519 0.835701 -2.665223 -2.611871  269.686517
1.686276 0.835701 -2.665223 -2.611871  270.076469
1.686276 0.862583 -2.665223 -2.611871  270.146384
1.686276 0.862583 -2.665223 -2.611871  270.146384
1.686276 0.862583 -2.665223 -2.611871  270.146384
1.762202 0.862583 -2.665223 -2.611871  273.505081
1.762202 0.954600 -2.665223 -2.611871  273.820243
1.762202 0.954600 -2.665223 -2.611871  273.820243
1.762202 0.954600 -2.665223 -2.611871  273.820243
1.903619 0.954600 -2.665223 -2.611871  281.824621
1.903619 1.112264 -2.665223 -2.611871  282.734239
1.903619 1.112264 -2.665223 -2.611871  282.734239
1.903619 1.112264 -2.665223 -2.611871  282.734239
2.108739 1.112264 -2.665223 -2.611871  299.434405
2.108739 1.334116 -2.665223 -2.611871  301.958474
2.108739 1.334116 -2.665223 -2.611871  301.958474
2.108739 1.334116 -2.665223 -2.857731  371.000328
2.108739 1.334116 -2.665223 -2.857731  371.000328
2.108739 1.334116 -2.665223 -2.857731  371.000328
2.108739 1.334116 -2.860235 -2.857731  427.946587
2.108739 1.334116 -2.860235 -3.036413  495.463414
2.108739 1.334116 -2.860235 -3.036413  495.463414
2.108739 1.334116 -2.860235 -3.036413  495.463414
2.108739 1.334116 -2.991270 -3.036413  543.519032
2.108739 1.334116 -2.991270 -3.150755  595.917519
2.108739 1.334116 -2.991270 -3.150755  595.917519
2.108739 1.334116 -2.991270 -3.150755  595.917519
2.108739 1.334116 -3.056576 -3.150755  623.226422
2.108739 1.334116 -3.056576 -3.199543  648.022929
2.108739 1.334116 -3.056576 -3.199543  648.022929
2.108739 1.334116 -3.056576 -3.199543  648.022929
2.108739 1.334116 -3.056576 -3.199543  648.022929
2.108739 1.334116 -3.056576 -3.199543  648.022929
2.140954 1.334116 -3.056576 -3.199543  651.306809
2.140954 1.382446 -3.056576 -3.199543  652.129839
2.140954 1.382446 -3.056576 -3.199543  652.129839
2.140954 1.382446 -3.056576 -3.199543  652.129839
2.237251 1.382446 -3.056576 -3.199543  663.197814
2.237251 1.494729 -3.056576 -3.199543  665.609653
2.237251 1.494729 -3.056576 -3.199543  665.609653
2.237251 1.494729 -3.056576 -3.199543  665.609653
2.396347 1.494729 -3.056576 -3.199543  688.582021
2.396347 1.669892 -3.056576 -3.199543  694.105773
2.396347 1.669892 -3.056576 -3.199543  694.105773
2.396347 1.669892 -3.056576 -3.199543  694.105773
2.619952 1.669892 -3.056576 -3.199543  738.526720
2.619952 1.910715 -3.056576 -3.199543  751.008820
2.619952 1.910715 -3.298476 -3.199543  874.666179
2.619952 1.910715 -3.298476 -3.424413  1010.263685
2.619952 1.910715 -3.298476 -3.424413  1010.263685
2.619952 1.924905 -3.298476 -3.424413  1011.223507
2.619952 1.924905 -3.298476 -3.424413  1011.223507
2.619952 1.924905 -3.298476 -3.424413  1011.223507
2.687655 1.924905 -3.298476 -3.424413  1028.019045
2.687655 2.009364 -3.298476 -3.424413  1034.348315
2.687655 2.009364 -3.298476 -3.424413  1034.348315
2.687655 2.009364 -3.298476 -3.424413  1034.348315
2.821362 2.009364 -3.298476 -3.424413  1072.879347
2.821362 2.159886 -3.298476 -3.424413  1087.129234
2.821362 2.159886 -3.298476 -3.424413  1087.129234
2.821362 2.159886 -3.298476 -3.424413  1087.129234
3.019221 2.159886 -3.298476 -3.424413  1159.244482
3.019221 2.374181 -3.298476 -3.424413  1187.672693
3.019221 2.374181 -3.298476 -3.424413  1187.672693
3.019221 2.374181 -3.298476 -3.424413  1187.672693
3.019221 2.374181 -3.298476 -3.424413  1187.672693
3.019221 2.374181 -3.298476 -3.424413  1187.672693
3.019221 2.374181 -3.506215 -3.424413  1327.120152
3.019221 2.374181 -3.506215 -3.616261  1474.659385
3.019221 2.374181 -3.506215 -3.616261  1474.659385
3.019221 2.374181 -3.506215 -3.616261  1474.659385
3.019221 2.374181 -3.649539 -3.616261  1592.186770
3.019221 2.374181 -3.649539 -3.742781  1708.212363
3.019221 2.374181 -3.649539 -3.742781  1708.212363
3.019221 2.374181 -3.649539 -3.742781  1708.212363
3.019221 2.374181 -3.728143 -3.742781  1781.002467
3.019221 2.374181 -3.728143 -3.805733  1844.881704
3.019221 2.374181 -3.728143 -3.805733  1844.881704
3.019221 2.374181 -3.728143 -3.805733  1844.881704
3.019221 2.374181 -3.743209 -3.805733  1859.551808
3.019221 2.374181 -3.743209 -3.805733  1859.551808
3.036134 2.374181 -3.743209 -3.805733  1866.658006
3.036134 2.407247 -3.743209 -3.805733  1872.059486
3.036134 2.407247 -3.743209 -3.805733  1872.059486
3.036134 2.407247 -3.743209 -3.805733  1872.059486
3.117532 2.407247 -3.743209 -3.805733  1908.547800
3.117532 2.505723 -3.743209 -3.805733  1926.491167
3.117532 2.505723 -3.743209 -3.805733  1926.491167
3.117532 2.505723 -3.743209 -3.805733  1926.491167
3.263616 2.505723 -3.743209 -3.805733  2002.261847
3.263616 2.667815 -3.743209 -3.805733  2038.621075
3.263616 2.667815 -3.743209 -3.805733  2038.621075
3.263616 2.667815 -3.743209 -3.805733  2038.621075
3.472420 2.667815 -3.743209 -3.805733  2173.219499
3.472420 2.893007 -3.743209 -3.805733  2240.731670
3.472420 2.893007 -3.743209 -3.805733  2240.731670
3.472420 2.893007 -3.743209 -4.047967  2529.273255
3.472420 2.893007 -3.743209 -4.047967  2529.273255
3.472420 2.893007 -3.743209 -4.047967  2529.273255
3.472420 2.893007 -3.937323 -4.047967  2740.634911
3.472420 2.893007 -3.937323 -4.225861  3001.393094
3.472420 2.893007 -3.937323 -4.225861  3001.393094
3.472420 2.893007 -3.937323 -4.225861  3001.393094
3.472420 2.893007 -4.067405 -4.225861  3168.380727
3.472420 2.893007 -4.067405 -4.340146  3360.737338
3.472420 2.893007 -4.067405 -4.340146  3360.737338
3.472420 2.893007 -4.067405 -4.340146  3360.737338
3.472420 2.893007 -4.134387 -4.340146  3455.470814
3.472420 2.893007 -4.134387 -4.391096  3548.010528
3.472420 2.893007 -4.134387 -4.391096  3548.010528
3.472420 2.893007 -4.134387 -4.391096  3548.010528
3.472420 2.893007 -4.137870 -4.391096  3553.107526
3.472420 2.893007 -4.137870 -4.391096  3553.107526
3.501557 2.893007 -4.137870 -4.391096  3574.646988
3.501557 2.938748 -4.137870 -4.391096  3591.182015
3.501557 2.938748 -4.137870 -4.391096  3591.182015
3.501557 2.938748 -4.137870 -4.391096  3591.182015
3.595074 2.938748 -4.137870 -4.391096  3665.330082
3.595074 3.048344 -4.137870 -4.391096  3709.365327
3.595074 3.048344 -4.137870 -4.391096  3709.365327
3.595074 3.048344 -4.137870 -4.391096  3709.365327
3.752137 3.048344 -4.137870 -4.391096  3852.521782
3.752137 3.221428 -4.137870 -4.391096  3936.231301
3.752137 3.221428 -4.137870 -4.391096  3936.231301
3.752137 3.221428 -4.137870 -4.391096  3936.231301
3.972535 3.221428 -4.137870 -4.391096  4181.862997
3.972535 3.458035 -4.137870 -4.391096  4329.410325
3.972535 3.458035 -4.385490 -4.391096  4738.492833
3.972535 3.458035 -4.385490 -4.622636  5216.756958
3.972535 3.458035 -4.385490 -4.622636  5216.756958
3.972535 3.458035 -4.385490 -4.622636  5216.756958
3.972535 3.458035 -4.393850 -4.622636  5232.276665
3.972535 3.458035 -4.393850 -4.622636  5232.276665
3.996917 3.458035 -4.393850 -4.622636  5263.012267
3.996917 3.498958 -4.393850 -4.622636  5292.971746
3.996917 3.498958 -4.393850 -4.622636  5292.971746
3.996917 3.498958 -4.393850 -4.622636  5292.971746
4.085984 3.498958 -4.393850 -4.622636  5411.805844
4.085984 3.603987 -4.393850 -4.622636  5495.385785
4.085984 3.603987 -4.393850 -4.622636  5495.385785
4.085984 3.603987 -4.393850 -4.622636  5495.385785
4.239419 3.603987 -4.393850 -4.622636  5725.896015
4.239419 3.773489 -4.393850 -4.622636  5882.974041
4.239419 3.773489 -4.393850 -4.622636  5882.974041
4.239419 3.773489 -4.393850 -4.622636  5882.974041
4.457100 3.773489 -4.393850 -4.622636  6272.554775
4.457100 4.007641 -4.393850 -4.622636  6541.277802
4.457100 4.007641 -4.642894 -4.622636  7061.075416
4.457100 4.007641 -4.642894 -4.854936  7647.496045
4.457100 4.007641 -4.642894 -4.854936  7647.496045
4.457100 4.007641 -4.642894 -4.854936  7647.496045
4.457100 4.007641 -4.825239 -4.854936  8105.766414
4.457100 4.007641 -4.825239 -5.021138  8600.157774
4.457100 4.007641 -4.825239 -5.021138  8600.157774
4.457100 4.007641 -4.825239 -5.021138  8600.157774
4.457100 4.007641 -4.942526 -5.021138  8933.897854
4.457100 4.007641 -4.942526 -5.122112  9267.979451
4.457100 4.007641 -4.942526 -5.122112  9267.979451
4.457100 4.007641 -4.942526 -5.122112  9267.979451
4.457100 4.007641 -4.994761 -5.122112  9427.165898
4.457100 4.007641 -4.994761 -5.158373  9553.743941
4.571732 4.007641 -4.994761 -5.158373  9791.876519
4.571732 4.138982 -4.994761 -5.158373  9972.754015
4.571732 4.138982 -4.994761 -5.158373  9972.754015
4.571732 4.138982 -4.994761 -5.158373  9972.754015
4.751987 4.138982 -4.994761 -5.158373  10398.763256
4.751987 4.335923 -4.994761 -5.158373  10716.592811
4.751987 4.335923 -5.193416 -5.158373  11385.962525
4.751987 4.335923 -5.193416 -5.339290  12072.963227
4.751987 4.335923 -5.193416 -5.339290  12072.963227
4.751987 4.335923 -5.193416 -5.339290  12072.963227
4.751987 4.335923 -5.322072 -5.339290  12564.695126
4.751987 4.335923 -5.322072 -5.450658  13036.518129
4.751987 4.335923 -5.322072 -5.450658  13036.518129
4.751987 4.335923 -5.322072 -5.450658  13036.518129
4.751987 4.335923 -5.381692 -5.450658  13281.093737
4.751987 4.335923 -5.381692 -5.493118  13471.427596
4.751987 4.335923 -5.381692 -5.493118  13471.427596
4.751987 4.335923 -5.381692 -5.493118  13471.427596
4.751987 4.335923 -5.381692 -5.493118  13471.427596
4.751987 4.335923 -5.381692 -5.493118  13471.427596
4.793421 4.335923 -5.381692 -5.493118  13578.926703
4.793421 4.394528 -5.381692 -5.493118  13685.334503
4.793421 4.394528 -5.381692 -5.493118  13685.334503
4.793421 4.394528 -5.381692 -5.493118  13685.334503
4.903219 4.394528 -5.381692 -5.493118  13988.751314
4.903219 4.521638 -5.381692 -5.493118  14239.892215
4.903219 4.521638 -5.381692 -5.493118  14239.892215
4.903219 4.521638 -5.381692 -5.493118  14239.892215
5.086420 4.521638 -5.381692 -5.493118  14810.410414
5.086420 4.734340 -5.381692 -5.493118  15298.804873
5.086420 4.734340 -5.381692 -5.493118  15298.804873
5.086420 4.734340 -5.381692 -5.720841  16425.096381
5.086420 4.734340 -5.381692 -5.720841  16425.096381
5.086420 4.734340 -5.381692 -5.720841  16425.096381
5.086420 4.734340 -5.519365 -5.720841  17032.826900
5.086420 4.734340 -5.519365 -5.828003  17628.651345
5.086420 4.734340 -5.519365 -5.828003  17628.651345
5.086420 4.734340 -5.519365 -5.828003  17628.651345
5.086420 4.734340 -5.548486 -5.828003  17765.208959
5.086420 4.734340 -5.548486 -5.833171  17795.074978
5.106022 4.734340 -5.548486 -5.833171  17861.184999
5.106022 4.779758 -5.548486 -5.833171  17977.480173
5.106022 4.779758 -5.548486 -5.833171  17977.480173
