-0.030904 -0.030729 -0.030621  -0.000030
-0.080244 -0.079983 -0.079841  -0.000519
-0.081382 -0.081231 -0.081127  -0.000541
0.009107 0.009210 0.009348  0.000001
-0.048322 -0.048218 -0.048133  -0.000113
0.414582 0.414729 0.414828  0.071207
0.426139 0.426251 0.426389  0.077309
0.051360 0.051458 0.051573  0.000135
0.112913 0.174573 0.174725  0.001426
0.245670 0.245768 0.317096  -0.002212
0.398832 0.398925 0.399035  0.063388
0.091127 0.091244 0.091387  0.000753
-0.098918 -0.098822 -0.098708  -0.000971
-0.088473 -0.088368 -0.088279  -0.000695
-0.079270 -0.079177 -0.079053  -0.000500
-0.069225 -0.069106 -0.069007  -0.000333
-0.059449 -0.059349 -0.059235  -0.000211
-0.049493 -0.049360 -0.049245  -0.000122
-0.041505 -0.041414 -0.041306  -0.000072
-0.032365 -0.032242 -0.032137  -0.000034
-0.055965 -0.055751 -0.055657  -0.000176
-0.069271 -0.069152 -0.069044  -0.000334
-0.072996 -0.072896 -0.072793  -0.000391
0.005292 0.005420 0.005558  0.000000
-0.053593 -0.053488 -0.053355  -0.000155
0.409340 0.409468 0.409620  0.068512
0.421598 0.421716 0.421835  0.074873
0.045543 0.045662 0.045809  0.000094
0.101583 0.157727 0.157851  0.001039
0.223709 0.223808 0.290008  -0.001985
0.365917 0.366036 0.366160  0.048945
0.086188 0.086326 0.086439  0.000638
0.096457 0.096590 0.096727  0.000894
-0.094711 -0.094621 -0.094507  -0.000853
-0.084574 -0.084475 -0.084356  -0.000607
-0.074367 -0.074278 -0.074163  -0.000413
-0.064942 -0.064823 -0.064734  -0.000275
-0.055992 -0.055887 -0.055763  -0.000177
-0.046434 -0.046301 -0.046173  -0.000101
-0.037356 -0.037256 -0.037109  -0.000053
-0.064708 -0.064537 -0.064395  -0.000273
-0.081772 -0.081653 -0.081549  -0.000549
-0.089743 -0.089649 -0.089511  -0.000726
0.001278 0.001402 0.001544  0.000000
-0.049752 -0.049614 -0.049481  -0.000124
0.413741 0.413879 0.414111  0.070706
0.424643 0.424742 0.424861  0.076508
0.049266 0.049374 0.049503  0.000119
0.109646 0.170120 0.170244  0.001307
0.240299 0.240427 0.310876  -0.002271
0.390778 0.390911 0.391058  0.059607
0.088497 0.088602 0.088716  0.000690
0.099374 0.099468 0.099592  0.000978
-0.091140 -0.091036 -0.090917  -0.000760
-0.080179 -0.080041 -0.079908  -0.000518
-0.070383 -0.070269 -0.070166  -0.000350
-0.060347 -0.060237 -0.060148  -0.000221
-0.051861 -0.051738 -0.051595  -0.000141
-0.042550 -0.042456 -0.042341  -0.000078
-0.032850 -0.032751 -0.032623  -0.000036
-0.056892 -0.056791 -0.056693  -0.000185
-0.070474 -0.070341 -0.070189  -0.000352
-0.074247 -0.074110 -0.074011  -0.000411
0.006724 0.006827 0.006955  0.000000
-0.053860 -0.053727 -0.053614  -0.000157
0.409480 0.409613 0.409756  0.068587
0.437178 0.437287 0.437402  0.083490
0.061261 0.061413 0.061522  0.000229
0.132406 0.203657 0.203771  0.002307
0.284232 0.284365 0.365206  -0.002752
0.455709 0.455837 0.455936  0.094576
0.099785 0.099914 -0.099967  0.002990
-0.089954 -0.089846 -0.089732  -0.000731
-0.080079 -0.079994 -0.079866  -0.000516
-0.070446 -0.070337 -0.070218  -0.000351
-0.062340 -0.062221 -0.062083  -0.000244
-0.052763 -0.052649 -0.052521  -0.000148
-0.043372 -0.043253 -0.043134  -0.000082
-0.034179 -0.034046 -0.033971  -0.000040
-0.026210 -0.026100 -0.025992  -0.000018
