-0.661789 -0.499235 -0.498476 -0.498069  -0.096523
-0.661789 -0.499235 -0.498476 -0.498069  -0.096523
-0.661789 -0.499235 -0.498476 -0.498069  -0.096523
-0.661789 -0.499235 -0.706076 -0.498069  0.048192
-0.661789 -0.499235 -0.706076 -0.686385  0.169889
-0.661789 -0.499235 -0.706076 -0.686385  0.169889
-0.661789 -0.499235 -0.706076 -0.686385  0.169889
-0.661789 -0.499235 -0.839858 -0.686385  0.412255
-0.661789 -0.499235 -0.839858 -0.801728  0.591140
-0.661789 -0.499235 -0.839858 -0.801728  0.591140
-0.661789 -0.499235 -0.839858 -0.801728  0.591140
-0.661789 -0.499235 -0.899254 -0.801728  0.761328
-0.661789 -0.499235 -0.899254 -0.843205  0.856346
-0.661789 -0.499235 -0.899254 -0.843205  0.856346
-0.661789 -0.499235 -0.899254 -0.843205  0.856346
-0.661789 -0.499235 -0.899254 -0.843205  0.856346
-0.661789 -0.499235 -0.899254 -0.843205  0.856346
-0.617971 -0.499235 -0.899254 -0.843205  0.893162
-0.617971 -0.436896 -0.899254 -0.843205  0.908256
-0.617971 -0.436896 -0.899254 -0.843205  0.908256
-0.617971 -0.436896 -0.899254 -0.843205  0.908256
-0.504142 -0.436896 -0.899254 -0.843205  0.965814
-0.504142 -0.305602 -0.899254 -0.843205  0.979066
-0.504142 -0.305602 -0.899254 -0.843205  0.979066
-0.504142 -0.305602 -0.899254 -0.843205  0.979066
-0.321476 -0.305602 -0.899254 -0.843205  1.008198
-0.321476 -0.103324 -0.899254 -0.843205  1.010852
-0.321476 -0.103324 -0.899254 -0.843205  1.010852
-0.321476 -0.103324 -0.899254 -0.843205  1.010852
-0.321476 -0.103324 -0.899254 -0.843205  1.010852
-0.321476 -0.103324 -0.899254 -0.843205  1.010852
-0.321476 -0.103324 -1.110638 -0.843205  2.112716
-0.321476 -0.103324 -1.110638 -1.036268  2.881446
-0.321476 -0.103324 -1.110638 -1.036268  2.881446
-0.321476 -0.103324 -1.110638 -1.036268  2.881446
-0.321476 -0.103324 -1.250021 -1.036268  4.243545
-0.321476 -0.103324 -1.250021 -1.157779  5.128875
-0.321476 -0.103324 -1.250021 -1.157779  5.128875
-0.321476 -0.103324 -1.250021 -1.157779  5.128875
-0.321476 -0.103324 -1.320421 -1.157779  6.090727
-0.321476 -0.103324 -1.320421 -1.210903  6.613849
-0.321476 -0.103324 -1.320421 -1.210903  6.613849
-0.321476 -0.103324 -1.320421 -1.210903  6.613849
-0.321476 -0.103324 -1.320421 -1.210903  6.613849
-0.321476 -0.103324 -1.320421 -1.210903  6.613849
-0.286447 -0.103324 -1.320421 -1.210903  6.615354
-0.286447 -0.051159 -1.320421 -1.210903  6.615365
-0.286447 -0.051159 -1.320421 -1.210903  6.615365
-0.286447 -0.051159 -1.320421 -1.210903  6.615365
-0.181835 -0.051159 -1.320421 -1.210903  6.617095
-0.181835 0.070812 -1.320421 -1.210903  6.617097
-0.181835 0.070812 -1.320421 -1.210903  6.617097
-0.181835 0.070812 -1.320421 -1.210903  6.617097
0.019481 0.070812 -1.320421 -1.210903  6.617296
0.019481 0.290637 -1.320421 -1.210903  6.619368
0.019481 0.290637 -1.320421 -1.210903  6.619368
0.019481 0.290637 -1.320421 -1.455773  10.554294
0.019481 0.290637 -1.320421 -1.455773  10.554294
0.019481 0.290637 -1.320421 -1.455773  10.554294
0.019481 0.290637 -1.511493 -1.455773  14.429598
0.019481 0.290637 -1.511493 -1.629353  19.374799
0.019481 0.290637 -1.511493 -1.629353  19.374799
0.019481 0.290637 -1.511493 -1.629353  19.374799
0.019481 0.290637 -1.614413 -1.629353  22.452264
0.019481 0.290637 -1.614413 -1.715314  25.818398
0.019481 0.290637 -1.614413 -1.715314  25.818398
0.019481 0.290637 -1.614413 -1.715314  25.818398
0.019481 0.290637 -1.650026 -1.715314  27.082540
0.019481 0.290637 -1.650026 -1.733031  27.865483
0.019513 0.290637 -1.650026 -1.733031  27.865483
0.019513 0.308744 -1.650026 -1.733031  27.866215
0.019513 0.308744 -1.650026 -1.733031  27.866215
0.019513 0.308744 -1.650026 -1.733031  27.866215
0.019513 0.308744 -1.650026 -1.733031  27.866215
0.019513 0.308744 -1.650026 -1.733031  27.866215
0.019513 0.308744 -1.838849 -1.733031  36.660146
0.019513 0.308744 -1.838849 -1.894153  45.409824
0.019513 0.308744 -1.838849 -1.894153  45.409824
0.019513 0.308744 -1.838849 -1.894153  45.409824
0.019513 0.308744 -1.940955 -1.894153  51.932318
0.019513 0.308744 -1.940955 -1.978576  57.872373
0.019513 0.308744 -1.940955 -1.978576  57.872373
0.019513 0.308744 -1.940955 -1.978576  57.872373
0.019513 0.308744 -1.940955 -1.978576  57.872373
0.019513 0.308744 -1.940955 -1.978576  57.872373
0.226074 0.308744 -1.940955 -1.978576  57.872963
0.226074 0.534468 -1.940955 -1.978576  57.913770
0.226074 0.534468 -1.940955 -1.978576  57.913770
0.226074 0.534468 -1.940955 -2.215215  80.934605
0.226074 0.534468 -1.940955 -2.215215  80.934605
0.226074 0.534468 -1.940955 -2.215215  80.934605
0.226074 0.534468 -2.125893 -2.215215  96.809152
0.226074 0.534468 -2.125893 -2.382270  120.194066
0.226074 0.534468 -2.125893 -2.382270  120.194066
0.226074 0.534468 -2.125893 -2.382270  120.194066
0.226074 0.534468 -2.238794 -2.382270  133.015557
0.226074 0.534468 -2.238794 -2.477298  149.589589
0.226074 0.534468 -2.238794 -2.477298  149.589589
0.226074 0.534468 -2.238794 -2.477298  149.589589
0.226074 0.534468 -2.282274 -2.477298  155.267501
0.226074 0.534468 -2.282274 -2.503670  160.340599
0.226074 0.534468 -2.282274 -2.503670  160.340599
0.226074 0.543021 -2.282274 -2.503670  160.344202
0.226074 0.543021 -2.282274 -2.503670  160.344202
0.226074 0.543021 -2.282274 -2.503670  160.344202
0.287858 0.543021 -2.282274 -2.503670  160.345588
0.287858 0.622152 -2.282274 -2.503670  160.391588
0.287858 0.622152 -2.282274 -2.503670  160.391588
0.287858 0.622152 -2.282274 -2.503670  160.391588
0.418299 0.622152 -2.282274 -2.503670  160.402418
0.418299 0.769514 -2.282274 -2.503670  160.579028
0.418299 0.769514 -2.282274 -2.503670  160.579028
0.418299 0.769514 -2.282274 -2.503670  160.579028
0.615918 0.769514 -2.282274 -2.503670  160.654858
0.615918 0.984077 -2.282274 -2.503670  161.307912
0.615918 0.984077 -2.282274 -2.503670  161.307912
0.615918 0.984077 -2.282274 -2.753427  221.191540
0.615918 0.984077 -2.282274 -2.753427  221.191540
0.615918 0.984077 -2.282274 -2.753427  221.191540
0.615918 0.984077 -2.449674 -2.753427  247.485200
0.615918 0.984077 -2.449674 -2.892821  291.811425
0.615918 0.984077 -2.449674 -2.892821  291.811425
0.615918 0.984077 -2.449674 -2.892821  291.811425
0.615918 0.984077 -2.500191 -2.892821  301.290191
0.615918 0.984077 -2.500191 -2.912850  308.401312
0.629898 0.984077 -2.500191 -2.912850  308.411839
0.629898 1.029163 -2.500191 -2.912850  308.643529
0.629898 1.029163 -2.500191 -2.912850  308.643529
0.629898 1.029163 -2.500191 -2.912850  308.643529
0.750864 1.029163 -2.500191 -2.912850  308.783042
0.750864 1.174982 -2.500191 -2.912850  309.867997
0.750864 1.174982 -2.500191 -2.912850  309.867997
0.750864 1.174982 -2.500191 -2.912850  309.867997
0.971214 1.174982 -2.500191 -2.912850  310.493443
0.971214 1.420266 -2.500191 -2.912850  314.032870
0.971214 1.420266 -2.736323 -2.912850  369.743298
0.971214 1.420266 -2.736323 -3.131173  461.025408
0.971214 1.420266 -2.736323 -3.131173  461.025408
0.971214 1.420266 -2.736323 -3.131173  461.025408
0.971214 1.420266 -2.902326 -3.131173  513.556946
0.971214 1.420266 -2.902326 -3.279555  591.958989
0.971214 1.420266 -2.902326 -3.279555  591.958989
0.971214 1.420266 -2.902326 -3.279555  591.958989
0.971214 1.420266 -2.998985 -3.279555  628.612453
0.971214 1.420266 -2.998985 -3.359183  676.960882
0.971214 1.420266 -2.998985 -3.359183  676.960882
0.971214 1.420266 -2.998985 -3.359183  676.960882
0.971214 1.420266 -3.027588 -3.359183  688.752570
0.971214 1.420266 -3.027588 -3.370237  695.836141
0.977273 1.420266 -3.027588 -3.370237  695.863434
0.977273 1.444659 -3.027588 -3.370237  696.377029
0.977273 1.444659 -3.027588 -3.370237  696.377029
0.977273 1.444659 -3.027588 -3.370237  696.377029
1.055131 1.444659 -3.027588 -3.370237  696.793388
1.055131 1.539747 -3.027588 -3.370237  699.155433
1.055131 1.539747 -3.027588 -3.370237  699.155433
1.055131 1.539747 -3.027588 -3.370237  699.155433
1.202398 1.539747 -3.027588 -3.370237  700.360939
1.202398 1.704857 -3.027588 -3.370237  706.108925
1.202398 1.704857 -3.027588 -3.370237  706.108925
1.202398 1.704857 -3.027588 -3.370237  706.108925
1.420336 1.704857 -3.027588 -3.370237  709.376019
1.420336 1.940241 -3.027588 -3.370237  722.469991
1.420336 1.940241 -3.274881 -3.370237  844.773810
1.420336 1.940241 -3.274881 -3.599220  1013.968057
1.556211 1.940241 -3.274881 -3.599220  1017.314977
1.556211 2.096914 -3.274881 -3.599220  1030.360222
1.556211 2.096914 -3.274881 -3.599220  1030.360222
1.556211 2.096914 -3.274881 -3.599220  1030.360222
1.762652 2.096914 -3.274881 -3.599220  1038.247949
1.762652 2.319422 -3.274881 -3.599220  1064.833454
1.762652 2.319422 -3.274881 -3.599220  1064.833454
1.762652 2.319422 -3.274881 -3.844196  1300.340685
1.762652 2.319422 -3.274881 -3.844196  1300.340685
1.762652 2.319422 -3.274881 -3.844196  1300.340685
1.762652 2.319422 -3.469887 -3.844196  1426.666042
1.762652 2.319422 -3.469887 -4.022696  1640.534849
1.762652 2.319422 -3.469887 -4.022696  1640.534849
1.762652 2.319422 -3.469887 -4.022696  1640.534849
1.762652 2.319422 -3.600466 -4.022696  1742.577869
1.762652 2.319422 -3.600466 -4.136804  1900.699500
1.762652 2.319422 -3.600466 -4.136804  1900.699500
1.762652 2.319422 -3.600466 -4.136804  1900.699500
1.762652 2.319422 -3.664509 -4.136804  1956.459837
1.762652 2.319422 -3.664509 -4.184662  2028.178678
1.762652 2.319422 -3.664509 -4.184662  2028.178678
1.762652 2.319422 -3.664509 -4.184662  2028.178678
1.762652 2.319422 -3.664509 -4.184662  2028.178678
1.762652 2.319422 -3.664509 -4.184662  2028.178678
1.795750 2.319422 -3.664509 -4.184662  2029.837293
1.795750 2.370071 -3.664509 -4.184662  2037.493646
1.795750 2.370071 -3.664509 -4.184662  2037.493646
1.795750 2.370071 -3.664509 -4.184662  2037.493646
1.895419 2.370071 -3.664509 -4.184662  2043.283910
1.895419 2.486684 -3.664509 -4.184662  2063.583279
1.895419 2.486684 -3.664509 -4.184662  2063.583279
1.895419 2.486684 -3.664509 -4.184662  2063.583279
2.060759 2.486684 -3.664509 -4.184662  2076.284511
2.060759 2.668056 -3.664509 -4.184662  2116.400965
2.060759 2.668056 -3.664509 -4.184662  2116.400965
2.060759 2.668056 -3.664509 -4.184662  2116.400965
2.290584 2.668056 -3.664509 -4.184662  2142.292531
2.290584 2.914540 -3.664509 -4.184662  2217.398383
2.290584 2.914540 -3.901092 -4.184662  2460.091438
2.290584 2.914540 -3.901092 -4.404345  2834.189809
2.290584 2.914540 -3.901092 -4.404345  2834.189809
2.290584 2.914540 -3.901092 -4.404345  2834.189809
2.290584 2.914540 -4.072111 -4.404345  3050.373795
2.290584 2.914540 -4.072111 -4.559249  3363.054013
2.290584 2.914540 -4.072111 -4.559249  3363.054013
2.290584 2.914540 -4.072111 -4.559249  3363.054013
2.290584 2.914540 -4.179927 -4.559249  3519.343026
2.290584 2.914540 -4.179927 -4.650889  3725.445302
2.290584 2.914540 -4.179927 -4.650889  3725.445302
2.290584 2.914540 -4.179927 -4.650889  3725.445302
2.290584 2.914540 -4.222308 -4.650889  3791.456075
2.290584 2.914540 -4.222308 -4.677334  3854.032207
2.290584 2.914540 -4.222308 -4.677334  3854.032207
2.290584 2.920194 -4.222308 -4.677334  3856.080059
2.290584 2.920194 -4.222308 -4.677334  3856.080059
2.290584 2.920194 -4.222308 -4.677334  3856.080059
2.344445 2.920194 -4.222308 -4.677334  3863.850546
2.344445 2.990087 -4.222308 -4.677334  3890.509156
2.344445 2.990087 -4.222308 -4.677334  3890.509156
2.344445 2.990087 -4.222308 -4.677334  3890.509156
2.461852 2.990087 -4.222308 -4.677334  3910.111297
2.461852 3.123929 -4.222308 -4.677334  3968.612614
2.461852 3.123929 -4.222308 -4.677334  3968.612614
2.461852 3.123929 -4.222308 -4.677334  3968.612614
2.644468 3.123929 -4.222308 -4.677334  4007.510910
2.644468 3.322824 -4.222308 -4.677334  4115.074247
2.644468 3.322824 -4.222308 -4.677334  4115.074247
2.644468 3.322824 -4.222308 -4.677334  4115.074247
2.891150 3.322824 -4.222308 -4.677334  4187.747595
2.891150 3.322824 -4.222308 -4.677334  4187.747595
2.891150 3.322824 -4.442930 -4.677334  4576.958100
2.891150 3.322824 -4.442930 -4.880868  5108.313207
2.891150 3.322824 -4.442930 -4.880868  5108.313207
2.891150 3.322824 -4.442930 -4.880868  5108.313207
2.891150 3.322824 -4.597385 -4.880868  5430.893869
2.891150 3.322824 -4.597385 -5.019325  5846.719072
2.891150 3.322824 -4.597385 -5.019325  5846.719072
2.891150 3.322824 -4.597385 -5.019325  5846.719072
2.891150 3.322824 -4.686716 -5.019325  6054.159504
2.891150 3.322824 -4.686716 -5.092765  6294.148557
3.024589 3.322824 -4.686716 -5.092765  6345.270685
3.024589 3.478568 -4.686716 -5.092765  6449.528088
3.024589 3.478568 -4.686716 -5.092765  6449.528088
3.024589 3.478568 -4.686716 -5.092765  6449.528088
3.230007 3.478568 -4.686716 -5.092765  6547.979185
3.230007 3.700859 -4.686716 -5.092765  6732.890525
3.230007 3.700859 -4.686716 -5.092765  6732.890525
3.230007 3.700859 -4.686716 -5.337533  7639.183986
3.230007 3.700859 -4.686716 -5.337533  7639.183986
3.230007 3.700859 -4.686716 -5.337533  7639.183986
3.230007 3.700859 -4.882627 -5.337533  8152.993678
3.230007 3.700859 -4.882627 -5.517068  8932.270081
3.230007 3.700859 -4.882627 -5.517068  8932.270081
3.230007 3.700859 -4.882627 -5.517068  8932.270081
3.230007 3.700859 -5.013936 -5.517068  9326.032272
3.230007 3.700859 -5.013936 -5.631988  9881.030049
3.230007 3.700859 -5.013936 -5.631988  9881.030049
3.230007 3.700859 -5.013936 -5.631988  9881.030049
3.230007 3.700859 -5.078067 -5.631988  10088.934102
3.230007 3.700859 -5.078067 -5.679140  10330.139187
3.230007 3.700859 -5.078067 -5.679140  10330.139187
3.230007 3.700859 -5.078067 -5.679140  10330.139187
3.230007 3.700859 -5.078067 -5.679140  10330.139187
3.230007 3.700859 -5.078067 -5.679140  10330.139187
3.265317 3.700859 -5.078067 -5.679140  10349.781225
3.265317 3.752285 -5.078067 -5.679140  10399.374872
3.265317 3.752285 -5.078067 -5.679140  10399.374872
3.265317 3.752285 -5.078067 -5.679140  10399.374872
3.364933 3.752285 -5.078067 -5.679140  10459.560905
3.364933 3.868160 -5.078067 -5.679140  10581.730604
3.364933 3.868160 -5.078067 -5.679140  10581.730604
3.364933 3.868160 -5.078067 -5.679140  10581.730604
3.530373 3.868160 -5.078067 -5.679140  10698.735566
3.530373 4.050438 -5.078067 -5.679140  10922.936913
3.530373 4.050438 -5.078067 -5.679140  10922.936913
3.530373 4.050438 -5.078067 -5.679140  10922.936913
3.761116 4.050438 -5.078067 -5.679140  11127.163736
3.761116 4.297441 -5.078067 -5.679140  11502.668535
3.761116 4.297441 -5.314665 -5.679140  12366.102192
3.761116 4.297441 -5.314665 -5.899623  13605.436642
3.761116 4.297441 -5.314665 -5.899623  13605.436642
3.761116 4.297441 -5.314665 -5.899623  13605.436642
3.761116 4.297441 -5.485974 -5.899623  14334.304513
3.761116 4.297441 -5.485974 -6.055170  15327.486026
3.761116 4.297441 -5.485974 -6.055170  15327.486026
3.761116 4.297441 -5.485974 -6.055170  15327.486026
3.761116 4.297441 -5.592478 -6.055170  15828.917201
3.761116 4.297441 -5.592478 -6.145332  16453.274125
3.761116 4.297441 -5.592478 -6.145332  16453.274125
3.761116 4.297441 -5.592478 -6.145332  16453.274125
3.761116 4.297441 -5.634806 -6.145332  16663.450192
3.761116 4.297441 -5.634806 -6.171698  16853.083714
3.761116 4.297441 -5.634806 -6.171698  16853.083714
3.761116 4.303672 -5.634806 -6.171698  16863.740937
3.761116 4.303672 -5.634806 -6.171698  16863.740937
3.761116 4.303672 -5.634806 -6.171698  16863.740937
3.815562 4.303672 -5.634806 -6.171698  16919.816420
3.815562 4.375171 -5.634806 -6.171698  17046.598492
3.815562 4.375171 -5.634806 -6.171698  17046.598492
3.815562 4.375171 -5.634806 -6.171698  17046.598492
3.935287 4.375171 -5.634806 -6.171698  17181.693873
3.935287 4.511109 -5.634806 -6.171698  17446.710487
3.935287 4.511109 -5.634806 -6.171698  17446.710487
3.935287 4.511109 -5.634806 -6.171698  17446.710487
4.118680 4.511109 -5.634806 -6.171698  17688.102083
4.118680 4.710961 -5.634806 -6.171698  18140.248620
4.118680 4.710961 -5.634806 -6.171698  18140.248620
4.118680 4.710961 -5.634806 -6.171698  18140.248620
4.118680 4.710961 -5.634806 -6.171698  18140.248620
4.118680 4.710961 -5.634806 -6.171698  18140.248620
4.118680 4.710961 -5.851247 -6.171698  19318.347607
4.118680 4.710961 -5.851247 -6.371860  20867.652525
4.118680 4.710961 -5.851247 -6.371860  20867.652525
4.118680 4.710961 -5.851247 -6.371860  20867.652525
4.118680 4.710961 -6.001923 -6.371860  21797.418403
