-0.176093 -0.019613 -0.018783 -0.018455  -0.005455
-0.200102 -0.019613 -0.018783 -0.018455  -0.008007
-0.200102 -0.009655 -0.018783 -0.018455  -0.008000
-0.200102 -0.009655 -0.001843 -0.018455  -0.008007
-0.200102 -0.009655 -0.001843 0.005150  -0.008013
-0.169145 -0.009655 -0.001843 0.005150  -0.004840
-0.169145 0.027899 -0.001843 0.005150  -0.004818
-0.169145 0.027899 0.042195 0.005150  -0.004893
-0.169145 0.027899 0.042195 0.055767  -0.005066
-0.111996 0.027899 0.042195 0.055767  -0.001632
-0.111996 0.091571 0.042195 0.055767  -0.000886
-0.111996 0.091571 0.112127 0.055767  -0.002220
-0.111996 0.091571 0.112127 0.132657  -0.004381
-0.028390 0.091571 0.112127 0.132657  -0.002999
-0.028390 0.181913 0.112127 0.132657  0.002253
-0.028390 0.181913 0.209076 0.132657  -0.005477
-0.028390 0.181913 0.209076 0.036218  -0.003190
-0.118293 0.181913 0.209076 0.036218  -0.004822
-0.118293 0.098528 0.209076 0.036218  -0.009886
-0.118293 0.098528 0.132284 0.036218  -0.003061
-0.118293 0.098528 0.132284 -0.034474  -0.002973
-0.182544 0.098528 0.132284 -0.034474  -0.007400
-0.182544 0.041007 0.132284 -0.034474  -0.008288
-0.182544 0.041007 0.081039 -0.034474  -0.006505
-0.182544 0.041007 0.081039 -0.079458  -0.006044
-0.221493 0.041007 0.081039 -0.079458  -0.010828
-0.221493 0.008555 0.081039 -0.079458  -0.010896
-0.221493 0.008555 0.055090 -0.079458  -0.010531
-0.221493 0.008555 0.055090 -0.098795  -0.010069
-0.234191 0.008555 0.055090 -0.098795  -0.012047
-0.234191 0.002338 0.055090 -0.098795  -0.012047
-0.234191 0.002338 0.055348 -0.098795  -0.012049
-0.234191 0.002338 0.055348 -0.092039  -0.012234
-0.221103 0.002338 0.055348 -0.092039  -0.010199
-0.221103 0.021886 0.055348 -0.092039  -0.010188
-0.221103 0.021886 0.081469 -0.092039  -0.010560
-0.221103 0.021886 0.081469 -0.059096  -0.011133
-0.181520 0.021886 0.081469 -0.059096  -0.006305
-0.181520 0.068337 0.081469 -0.059096  -0.005996
-0.181520 0.068337 0.133969 -0.059096  -0.007860
-0.181520 0.068337 0.133969 0.000053  -0.008066
-0.115692 0.068337 0.133969 0.000053  -0.003634
-0.115692 0.140288 0.133969 0.000053  -0.001192
-0.115692 0.140288 0.212148 0.000053  -0.008336
-0.115692 0.140288 0.212148 0.084384  -0.008937
-0.025165 0.140288 0.212148 0.084384  -0.007404
-0.025165 0.237132 0.212148 0.084384  0.003169
-0.025165 0.237132 0.115263 0.084384  0.011186
-0.025165 0.237132 0.115263 -0.006145  0.011787
-0.109144 0.237132 0.115263 -0.006145  0.010503
-0.109144 0.159633 0.115263 -0.006145  0.001237
-0.109144 0.159633 0.044356 -0.006145  0.002681
-0.109144 0.159633 0.044356 -0.070639  0.003033
-0.157425 0.159633 0.044356 -0.070639  0.000432
-0.157425 0.118248 0.044356 -0.070639  -0.001983
-0.157425 0.118248 0.009570 -0.070639  -0.001896
-0.157425 0.118248 0.009570 -0.098818  -0.001284
-0.179186 0.118248 0.009570 -0.098818  -0.003136
-0.179186 0.103047 0.009570 -0.098818  -0.003695
-0.179186 0.103047 0.000886 -0.098818  -0.003694
-0.179186 0.103047 0.000886 -0.101019  -0.003628
-0.174984 0.103047 0.000886 -0.101019  -0.003233
-0.174984 0.113459 0.000886 -0.101019  -0.002866
-0.174984 0.113459 0.017298 -0.101019  -0.002872
-0.174984 0.113459 0.017298 -0.078170  -0.003425
-0.145148 0.113459 0.017298 -0.078170  -0.001125
-0.145148 0.149640 0.017298 -0.078170  0.000765
-0.145148 0.149640 0.060282 -0.078170  0.000551
-0.145148 0.149640 0.060282 -0.028570  0.000097
-0.088931 0.149640 0.060282 -0.028570  0.002452
-0.088931 0.212716 0.060282 -0.028570  0.008726
-0.088931 0.212716 0.129871 -0.028570  0.006755
-0.088931 0.212716 0.129871 0.047561  0.006624
-0.006294 0.212716 0.129871 0.047561  0.007327
-0.006294 0.301647 0.129871 0.047561  0.025149
-0.006294 0.301647 0.225112 0.047561  0.015932
-0.006294 0.301647 0.225112 -0.050776  0.016170
-0.098147 0.301647 0.225112 -0.050776  0.015225
-0.098147 0.216382 0.225112 -0.050776  -0.002091
-0.098147 0.216382 0.146131 -0.050776  0.006196
-0.098147 0.216382 0.146131 -0.123681  0.007957
-0.164866 0.216382 0.146131 -0.123681  0.004422
-0.164866 0.155920 0.146131 -0.123681  -0.001919
-0.164866 0.155920 0.092014 -0.123681  0.000422
-0.164866 0.155920 0.092014 -0.171365  0.003563
-0.167917 0.155920 0.092014 -0.171365  0.003309
-0.167917 0.159885 0.092014 -0.171365  0.003606
-0.167917 0.159885 0.102207 -0.171365  0.003317
-0.167917 0.159885 0.102207 -0.155007  0.002009
-0.145113 0.159885 0.102207 -0.155007  0.003688
-0.145113 0.188538 0.102207 -0.155007  0.006303
-0.145113 0.188538 0.136942 -0.155007  0.004802
-0.145113 0.188538 0.136942 -0.113841  0.002553
-0.097302 0.188538 0.136942 -0.113841  0.004688
-0.097302 0.242743 0.136942 -0.113841  0.012290
-0.097302 0.242743 0.197531 -0.113841  0.007150
-0.097302 0.242743 0.197531 -0.046753  0.005777
-0.023816 0.242743 0.197531 -0.046753  0.006685
-0.023816 0.322514 0.197531 -0.046753  0.025928
-0.023816 0.322514 0.283792 -0.046753  0.010779
-0.023816 0.322514 0.283792 0.046432  0.010577
0.076128 0.322514 0.283792 0.046432  0.011031
0.076128 0.228999 0.283792 0.046432  -0.010506
0.076128 0.228999 0.196818 0.046432  0.004726
0.076128 0.228999 0.196818 -0.034210  0.004866
0.001663 0.228999 0.196818 -0.034210  0.004425
0.001663 0.160937 0.196818 -0.034210  -0.003416
0.001663 0.160937 0.135235 -0.034210  0.001735
0.001663 0.160937 0.135235 -0.089808  0.002419
-0.048001 0.160937 0.135235 -0.089808  0.002309
-0.048001 0.117630 0.135235 -0.089808  -0.000232
-0.048001 0.117630 0.098857 -0.089808  0.001275
-0.048001 0.117630 0.098857 -0.119469  0.002256
-0.071296 0.117630 0.098857 -0.119469  0.002004
-0.071296 0.100937 0.098857 -0.119469  0.001405
-0.071296 0.100937 0.088734 -0.119469  0.001672
-0.071296 0.100937 0.088734 -0.123446  0.001848
-0.069168 0.100937 0.088734 -0.123446  0.001880
-0.069168 0.109427 0.088734 -0.123446  0.002162
-0.069168 0.109427 0.103413 -0.123446  0.001755
-0.069168 0.109427 0.103413 -0.102439  0.000948
-0.041673 0.109427 0.103413 -0.102439  0.001207
-0.041673 0.143031 0.103413 -0.102439  0.002823
-0.041673 0.143031 0.143070 -0.102439  0.001000
-0.041673 0.143031 0.143070 -0.055990  0.000101
0.011455 0.143031 0.143070 -0.055990  0.000175
0.011455 0.202737 0.143070 -0.055990  0.005582
0.011455 0.202737 0.209274 -0.055990  -0.000655
0.011455 0.202737 0.209274 0.016837  -0.000836
0.090922 0.202737 0.209274 0.016837  -0.000085
0.090922 0.288722 0.209274 0.016837  0.015650
0.090922 0.288722 0.301737 0.016837  -0.002657
0.090922 0.288722 0.301737 0.115694  -0.004201
-0.003661 0.288722 0.301737 0.115694  -0.004952
-0.003661 0.200718 0.301737 0.115694  -0.020934
-0.003661 0.200718 0.220298 0.115694  -0.004153
-0.003661 0.200718 0.220298 0.040545  -0.002672
-0.072302 0.200718 0.220298 0.040545  -0.003049
-0.072302 0.138570 0.220298 0.040545  -0.008475
-0.072302 0.138570 0.164595 0.040545  -0.002243
-0.072302 0.138570 0.164595 -0.008750  -0.002176
-0.114941 0.138570 0.164595 -0.008750  -0.003316
-0.114941 0.102589 0.164595 -0.008750  -0.004897
-0.114941 0.102589 0.135018 -0.008750  -0.002900
-0.114941 0.102589 0.135018 -0.031748  -0.002868
-0.131744 0.102589 0.135018 -0.031748  -0.003636
-0.131744 0.092020 0.135018 -0.031748  -0.003937
-0.131744 0.092020 0.131065 -0.031748  -0.003727
-0.131744 0.092020 0.131065 -0.029321  -0.003734
-0.122819 0.092020 0.131065 -0.029321  -0.003300
-0.122819 0.107490 0.131065 -0.029321  -0.002837
-0.122819 0.107490 0.152848 -0.029321  -0.004156
-0.122819 0.107490 0.152848 -0.001072  -0.004182
-0.088045 0.107490 0.152848 -0.001072  -0.003011
-0.088045 0.148664 0.152848 -0.001072  -0.000968
-0.088045 0.148664 0.200364 -0.001072  -0.005441
-0.088045 0.148664 0.200364 0.052743  -0.005587
-0.027873 0.148664 0.200364 0.052743  -0.004927
-0.027873 0.214968 0.200364 0.052743  0.001722
-0.027873 0.214968 0.273058 0.052743  -0.010594
-0.027873 0.214968 0.273058 0.131782  -0.012736
0.057408 0.214968 0.273058 0.131782  -0.012525
0.057408 0.306368 0.273058 0.131782  0.006297
0.057408 0.306368 0.370824 0.131782  -0.024335
0.057408 0.306368 0.370824 0.036216  -0.022094
-0.031593 0.306368 0.370824 0.036216  -0.022315
-0.031593 0.223955 0.370824 0.036216  -0.039839
-0.031593 0.223955 0.294772 0.036216  -0.014459
-0.031593 0.223955 0.294772 -0.033579  -0.014374
-0.095265 0.223955 0.294772 -0.033579  -0.015207
-0.095265 0.250443 0.294772 -0.033579  -0.010731
-0.095265 0.250443 0.329713 -0.033579  -0.020962
-0.095265 0.250443 0.329713 0.007884  -0.021000
-0.047085 0.250443 0.329713 0.007884  -0.020240
-0.047085 0.304977 0.329713 0.007884  -0.007582
-0.047085 0.304977 0.390361 0.007884  -0.031223
-0.047085 0.304977 0.390361 0.074884  -0.031642
0.026365 0.304977 0.390361 0.074884  -0.031519
0.026365 0.384836 0.390361 0.074884  -0.002892
0.026365 0.384836 0.476486 0.074884  -0.051589
0.026365 0.384836 0.476486 0.167536  -0.055871
0.125407 0.384836 0.476486 0.167536  -0.053917
0.125407 0.290319 0.476486 0.167536  -0.086442
0.125407 0.290319 0.388400 0.167536  -0.036853
0.125407 0.290319 0.388400 0.085878  -0.032784
0.050232 0.290319 0.388400 0.085878  -0.034629
0.050232 0.221851 0.388400 0.085878  -0.048180
0.050232 0.221851 0.326824 0.085878  -0.024497
0.050232 0.221851 0.326824 0.030800  -0.023893
0.001705 0.221851 0.326824 0.030800  -0.024020
0.001705 0.180310 0.326824 0.030800  -0.029076
0.001705 0.180310 0.292119 0.030800  -0.019095
0.001705 0.180310 0.292119 0.002417  -0.019065
-0.020321 0.180310 0.292119 0.002417  -0.019074
-0.020321 0.164816 0.292119 0.002417  -0.020459
-0.020321 0.164816 0.282809 0.002417  -0.018151
-0.020321 0.164816 0.282809 -0.000711  -0.018151
-0.016857 0.164816 0.282809 -0.000711  -0.018147
-0.016857 0.174773 0.282809 -0.000711  -0.017286
-0.016857 0.174773 0.299302 -0.000711  -0.021478
-0.016857 0.174773 0.299302 0.022242  -0.021489
0.012689 0.174773 0.299302 0.022242  -0.021483
0.012689 0.210505 0.299302 0.022242  -0.017493
0.012689 0.210505 0.341324 0.022242  -0.030446
0.012689 0.210505 0.341324 0.070856  -0.030791
0.067749 0.210505 0.341324 0.070856  -0.030482
0.067749 0.271552 0.341324 0.070856  -0.019785
0.067749 0.271552 0.408357 0.070856  -0.048116
0.067749 0.271552 0.408357 0.144354  -0.050768
0.147830 0.271552 0.408357 0.144354  -0.047849
0.147830 0.357894 0.408357 0.144354  -0.022031
0.147830 0.357894 0.500951 0.144354  -0.079650
0.147830 0.357894 0.500951 0.243433  -0.091067
0.053288 0.357894 0.500951 0.243433  -0.094147
0.053288 0.269575 0.500951 0.243433  -0.120398
0.053288 0.269575 0.419082 0.243433  -0.068287
0.053288 0.269575 0.419082 0.167579  -0.058568
-0.016120 0.269575 0.419082 0.167579  -0.058723
-0.016120 0.206803 0.419082 0.167579  -0.069469
-0.016120 0.206803 0.362500 0.167579  -0.043501
-0.016120 0.206803 0.362500 0.117310  -0.040409
-0.060032 0.206803 0.362500 0.117310  -0.040621
-0.060032 0.169488 0.362500 0.117310  -0.044597
-0.060032 0.169488 0.331570 0.117310  -0.033414
-0.060032 0.169488 0.331570 0.092950  -0.032603
-0.077909 0.169488 0.331570 0.092950  -0.032860
-0.077909 0.158257 0.331570 0.092950  -0.033765
-0.077909 0.158257 0.326879 0.092950  -0.032239
-0.077909 0.158257 0.326879 0.094549  -0.032282
-0.070039 0.158257 0.326879 0.094549  -0.032152
-0.070039 0.172340 0.326879 0.094549  -0.030997
-0.070039 0.172340 0.347124 0.094549  -0.037897
-0.070039 0.172340 0.347124 0.121112  -0.038828
-0.037078 0.172340 0.347124 0.121112  -0.038536
-0.037078 0.211525 0.347124 0.121112  -0.034190
-0.037078 0.211525 0.392764 0.121112  -0.052953
-0.037078 0.211525 0.392764 0.173274  -0.056378
0.021734 0.211525 0.392764 0.173274  -0.056317
0.021734 0.276712 0.392764 0.173274  -0.044594
0.021734 0.276712 0.464065 0.173274  -0.083944
0.021734 0.276712 0.464065 0.250956  -0.094547
0.105718 0.276712 0.464065 0.250956  -0.093375
0.105718 0.366749 0.464065 0.250956  -0.065233
0.105718 0.366749 0.560392 0.250956  -0.141279
0.105718 0.366749 0.560392 0.153771  -0.129110
0.014776 0.366749 0.560392 0.153771  -0.130288
0.014776 0.282305 0.560392 0.153771  -0.157119
0.014776 0.282305 0.482058 0.153771  -0.093154
0.014776 0.282305 0.482058 0.081487  -0.090059
-0.051279 0.282305 0.482058 0.081487  -0.090198
-0.051279 0.222692 0.482058 0.081487  -0.101653
-0.051279 0.222692 0.429142 0.081487  -0.068664
-0.051279 0.222692 0.429142 0.034956  -0.068166
-0.091470 0.222692 0.429142 0.034956  -0.068796
-0.091470 0.189024 0.429142 0.034956  -0.073086
-0.091470 0.189024 0.401763 0.034956  -0.058904
-0.091470 0.189024 0.401763 0.085984  -0.059497
-0.031976 0.189024 0.401763 0.085984  -0.058764
-0.031976 0.254793 0.401763 0.085984  -0.048977
-0.031976 0.254793 0.473594 0.085984  -0.090351
-0.031976 0.254793 0.473594 0.164323  -0.094152
0.052852 0.254793 0.473594 0.164323  -0.093972
0.052852 0.345782 0.473594 0.164323  -0.069169
0.052852 0.345782 0.570589 0.164323  -0.148714
0.052852 0.345782 0.570589 0.067736  -0.144588
-0.037441 0.345782 0.570589 0.067736  -0.144788
-0.037441 0.262205 0.570589 0.067736  -0.168104
-0.037441 0.262205 0.493397 0.067736  -0.102449
-0.037441 0.262205 0.493397 -0.003356  -0.102138
-0.102249 0.262205 0.493397 -0.003356  -0.103155
-0.102249 0.203995 0.493397 -0.003356  -0.112693
-0.102249 0.203995 0.441642 -0.003356  -0.078721
-0.102249 0.203995 0.441642 -0.048626  -0.078606
-0.140945 0.203995 0.441642 -0.048626  -0.080337
-0.140945 0.172049 0.441642 -0.048626  -0.083734
-0.140945 0.172049 0.416359 -0.048626  -0.069770
-0.140945 0.172049 0.416359 -0.067567  -0.069577
-0.153701 0.172049 0.416359 -0.067567  -0.070408
-0.153701 0.165350 0.416359 -0.067567  -0.070980
-0.153701 0.165350 0.416055 -0.067567  -0.070822
-0.153701 0.165350 0.416055 -0.061491  -0.070898
-0.141037 0.165350 0.416055 -0.061491  -0.070072
-0.141037 0.184526 0.416055 -0.061491  -0.068310
-0.141037 0.184526 0.441687 -0.061491  -0.082458
-0.141037 0.184526 0.441687 -0.029422  -0.082665
-0.102793 0.184526 0.441687 -0.029422  -0.080945
-0.102793 0.229140 0.441687 -0.029422  -0.075197
-0.102793 0.229140 0.492619 -0.029422  -0.108575
-0.102793 0.229140 0.492619 0.028151  -0.108623
-0.038575 0.229140 0.492619 0.028151  -0.107594
-0.038575 0.299861 0.492619 0.028151  -0.092663
-0.038575 0.299861 0.569639 0.028151  -0.157959
-0.038575 0.299861 0.569639 0.111664  -0.159329
0.051484 0.299861 0.569639 0.111664  -0.159135
0.051484 0.396415 0.569639 0.111664  -0.123803
0.051484 0.396415 0.472491 0.111664  -0.044444
0.051484 0.396415 0.472491 0.020653  -0.043061
-0.033086 0.396415 0.472491 0.020653  -0.043233
-0.033086 0.318197 0.472491 0.020653  -0.073310
-0.033086 0.318197 0.400563 0.020653  -0.032098
-0.033086 0.318197 0.400563 -0.045351  -0.031996
-0.092810 0.318197 0.400563 -0.045351  -0.032759
-0.092810 0.265075 0.400563 -0.045351  -0.046351
-0.092810 0.265075 0.354073 -0.045351  -0.026470
-0.092810 0.265075 0.354073 -0.085357  -0.025941
-0.126380 0.265075 0.354073 -0.085357  -0.027160
-0.126380 0.238089 0.354073 -0.085357  -0.032290
-0.126380 0.238089 0.333661 -0.085357  -0.025047
-0.126380 0.238089 0.333661 -0.099489  -0.024684
-0.134051 0.238089 0.333661 -0.099489  -0.025074
-0.134051 0.236864 0.333661 -0.099489  -0.025281
-0.134051 0.236864 0.338786 -0.099489  -0.027019
-0.134051 0.236864 0.338786 -0.088026  -0.027322
-0.116474 0.236864 0.338786 -0.088026  -0.026493
-0.116474 0.260660 0.338786 -0.088026  -0.022072
-0.116474 0.260660 0.368918 -0.088026  -0.033398
-0.116474 0.260660 0.368918 -0.051325  -0.033945
-0.073032 0.260660 0.368918 -0.051325  -0.032754
-0.073032 0.310638 0.368918 -0.051325  -0.020489
-0.073032 0.310638 0.425380 -0.051325  -0.047251
-0.073032 0.310638 0.425380 0.011973  -0.047388
-0.003142 0.310638 0.425380 0.011973  -0.046998
-0.003142 0.386913 0.425380 0.011973  -0.019052
-0.003142 0.386913 0.508234 0.011973  -0.073358
-0.003142 0.386913 0.508234 0.101524  -0.074402
0.092456 0.386913 0.508234 0.101524  -0.073612
0.092456 0.288660 0.508234 0.101524  -0.107481
0.092456 0.288660 0.416349 0.101524  -0.048377
0.092456 0.288660 0.416349 0.015996  -0.047334
0.013337 0.288660 0.416349 0.015996  -0.048122
0.013337 0.216000 0.416349 0.015996  -0.062097
0.013337 0.216000 0.350535 0.015996  -0.032996
0.013337 0.216000 0.350535 -0.043277  -0.032911
-0.039178 0.216000 0.350535 -0.043277  -0.032973
-0.039178 0.170027 0.350535 -0.043277  -0.038136
-0.039178 0.170027 0.311096 -0.043277  -0.025172
-0.039178 0.170027 0.311096 -0.076497  -0.024805
-0.066050 0.170027 0.311096 -0.076497  -0.025033
-0.066050 0.149448 0.311096 -0.076497  -0.026611
-0.066050 0.149448 0.296954 -0.076497  -0.022689
-0.066050 0.149448 0.296954 -0.084368  -0.022536
0.003607 0.149448 0.296954 -0.084368  -0.022248
0.003607 0.225969 0.296954 -0.084368  -0.014047
0.003607 0.225969 0.379722 -0.084368  -0.042613
0.003607 0.225969 0.379722 0.005050  -0.043213
0.099698 0.225969 0.379722 0.005050  -0.042222
0.099698 0.128510 0.379722 0.005050  -0.051638
0.099698 0.128510 0.288980 0.005050  -0.021019
0.099698 0.128510 0.288980 -0.079118  -0.020524
0.022071 0.128510 0.288980 -0.079118  -0.021504
0.022071 0.057301 0.288980 -0.079118  -0.023438
0.022071 0.057301 0.224231 -0.079118  -0.010580
0.022071 0.057301 0.224231 -0.137449  -0.008479
-0.029619 0.057301 0.224231 -0.137449  -0.008515
-0.029619 0.012176 0.224231 -0.137449  -0.008702
-0.029619 0.012176 0.185537 -0.137449  -0.003814
-0.029619 0.012176 0.185537 -0.169669  -0.001527
-0.055407 0.012176 0.185537 -0.169669  -0.001671
-0.055407 -0.006994 0.185537 -0.169669  -0.001673
-0.055407 -0.006994 0.173017 -0.169669  -0.000465
-0.055407 -0.006994 0.173017 -0.175440  0.000050
-0.054485 -0.006994 0.173017 -0.175440  0.000059
-0.054485 0.000421 0.173017 -0.175440  0.000059
-0.054485 0.000421 0.187049 -0.175440  -0.001306
-0.054485 0.000421 0.187049 -0.154772  -0.002999
-0.027294 0.000421 0.187049 -0.154772  -0.002857
-0.027294 0.034029 0.187049 -0.154772  -0.002818
-0.027294 0.034029 0.226951 -0.154772  -0.007963
-0.027294 0.034029 0.226951 -0.108338  -0.010399
0.025775 0.034029 0.226951 -0.108338  -0.010361
0.025775 0.093364 0.226951 -0.108338  -0.009587
0.025775 0.093364 0.292548 -0.108338  -0.022935
0.025775 0.093364 0.292548 -0.036144  -0.024159
0.104662 0.093364 0.292548 -0.036144  -0.023030
0.104662 0.178834 0.292548 -0.036144  -0.018124
0.104662 0.178834 0.384298 -0.036144  -0.049842
0.104662 0.178834 0.384298 0.062161  -0.050129
0.009389 0.178834 0.384298 0.062161  -0.051275
0.009389 0.090473 0.384298 0.062161  -0.056254
0.009389 0.090473 0.302506 0.062161  -0.027181
0.009389 0.090473 0.302506 -0.013435  -0.026938
-0.059979 0.090473 0.302506 -0.013435  -0.027155
-0.059979 0.027492 0.302506 -0.013435  -0.027875
-0.059979 0.027492 0.245886 -0.013435  -0.015059
-0.059979 0.027492 0.245886 -0.063665  -0.014803
-0.103810 0.027492 0.245886 -0.063665  -0.015706
-0.103810 -0.009793 0.245886 -0.063665  -0.015728
-0.103810 -0.009793 0.215190 -0.063665  -0.010826
-0.103810 -0.009793 0.215190 -0.087722  -0.010409
-0.121487 -0.009793 0.215190 -0.087722  -0.011084
-0.121487 -0.021024 0.215190 -0.087722  -0.011092
-0.121487 -0.021024 0.210404 -0.087722  -0.010442
-0.121487 -0.021024 0.210404 -0.086108  -0.010478
-0.113185 -0.021024 0.210404 -0.086108  -0.010135
-0.113185 -0.006323 0.210404 -0.086108  -0.010126
-0.113185 -0.006323 0.231262 -0.086108  -0.013180
-0.113185 -0.006323 0.231262 -0.058890  -0.013614
-0.079464 -0.006323 0.231262 -0.058890  -0.012666
-0.079464 0.033815 0.231262 -0.058890  -0.012627
-0.079464 0.033815 0.277813 -0.058890  -0.021700
-0.079464 0.033815 0.277813 -0.005389  -0.021904
-0.019286 0.033815 0.277813 -0.005389  -0.021410
-0.019286 0.100345 0.277813 -0.005389  -0.020438
-0.019286 0.100345 0.350343 -0.005389  -0.041998
-0.019286 0.100345 0.350343 0.073411  -0.042393
0.065776 0.100345 0.350343 0.073411  -0.042102
0.065776 0.192044 0.350343 0.073411  -0.036029
0.065776 0.192044 0.448239 0.073411  -0.083088
0.065776 0.192044 0.448239 -0.022284  -0.082681
-0.023497 0.192044 0.448239 -0.022284  -0.082979
-0.023497 0.109198 0.448239 -0.022284  -0.088759
-0.023497 0.109198 0.371741 -0.022284  -0.050071
-0.023497 0.109198 0.371741 -0.092649  -0.049287
-0.087483 0.109198 0.371741 -0.092649  -0.049943
-0.087483 0.051625 0.371741 -0.092649  -0.051108
-0.087483 0.051625 0.320694 -0.092649  -0.032718
-0.087483 0.051625 0.320694 -0.137482  -0.030915
-0.125903 0.051625 0.320694 -0.137482  -0.032241
-0.125903 0.019812 0.320694 -0.137482  -0.032371
-0.125903 0.019812 0.295251 -0.137482  -0.025127
-0.125903 0.019812 0.295251 -0.156636  -0.023883
-0.138818 0.019812 0.295251 -0.156636  -0.024562
-0.138818 0.013048 0.295251 -0.156636  -0.024568
-0.138818 0.013048 0.294977 -0.156636  -0.024496
-0.138818 0.013048 0.294977 -0.150740  -0.024914
-0.058757 0.013048 0.294977 -0.150740  -0.022442
-0.058757 0.101287 0.294977 -0.150740  -0.021405
-0.058757 0.101287 0.389696 -0.150740  -0.054919
-0.058757 0.101287 0.389696 -0.249486  -0.042815
-0.151099 0.101287 0.389696 -0.249486  -0.046062
-0.151099 0.015030 0.389696 -0.249486  -0.047098
-0.151099 0.015030 0.309990 -0.249486  -0.017706
-0.151099 0.015030 0.309990 -0.322902  0.000433
-0.217914 0.015030 0.309990 -0.322902  -0.006465
-0.217914 -0.045129 0.309990 -0.322902  -0.006560
-0.217914 -0.045129 0.256737 -0.322902  0.006305
-0.217914 -0.045129 0.256737 -0.369719  0.023175
-0.258060 -0.045129 0.256737 -0.369719  0.016338
-0.258060 -0.078460 0.256737 -0.369719  0.015947
-0.258060 -0.078460 0.230307 -0.369719  0.020653
-0.258060 -0.078460 0.230307 -0.389480  0.029198
-0.271109 -0.078460 0.230307 -0.389480  0.026457
-0.271109 -0.084793 0.230307 -0.389480  0.026330
-0.271109 -0.084793 0.230747 -0.389480  0.026260
-0.271109 -0.084793 0.230747 -0.382208  0.023012
-0.257151 -0.084793 0.230747 -0.382208  0.025934
-0.257151 -0.064506 0.230747 -0.382208  0.026275
-0.257151 -0.064506 0.257314 -0.382208  0.021524
-0.257151 -0.064506 0.257314 -0.349333  0.008321
-0.217810 -0.064506 0.257314 -0.349333  0.014992
-0.217810 -0.018696 0.257314 -0.349333  0.015254
-0.217810 -0.018696 0.309362 -0.349333  0.002683
-0.217810 -0.018696 0.309362 -0.290868  -0.015338
-0.153097 -0.018696 0.309362 -0.290868  -0.008594
-0.153097 0.052444 0.309362 -0.290868  -0.008443
-0.153097 0.052444 0.387052 -0.290868  -0.036819
-0.153097 0.052444 0.387052 -0.206741  -0.052592
-0.062284 0.052444 0.387052 -0.206741  -0.049245
-0.062284 0.149861 0.387052 -0.206741  -0.046023
-0.062284 0.149861 0.290763 -0.206741  -0.012621
-0.062284 0.149861 0.290763 -0.296911  0.004717
-0.145894 0.149861 0.290763 -0.296911  0.001853
-0.145894 0.072867 0.290763 -0.296911  -0.001126
-0.145894 0.072867 0.220643 -0.296911  0.012715
-0.145894 0.072867 0.220643 -0.360614  0.033435
-0.203208 0.072867 0.220643 -0.360614  0.028149
-0.203208 0.022114 0.220643 -0.360614  0.027773
-0.203208 0.022114 0.176538 -0.360614  0.033013
-0.203208 0.022114 0.176538 -0.398399  0.049353
-0.234851 0.022114 0.176538 -0.398399  0.044791
-0.234851 -0.003135 0.176538 -0.398399  0.044780
-0.234851 -0.003135 0.158025 -0.398399  0.046335
-0.234851 -0.003135 0.158025 -0.410514  0.052281
-0.240386 -0.003135 0.158025 -0.410514  0.051344
-0.240386 -0.002234 0.158025 -0.410514  0.051344
-0.240386 -0.002234 0.165243 -0.410514  0.050778
-0.240386 -0.002234 0.165243 -0.397026  0.044180
-0.220452 -0.002234 0.165243 -0.397026  0.047357
-0.220452 0.023781 0.165243 -0.397026  0.047371
-0.220452 0.023781 0.197487 -0.397026  0.044180
-0.220452 0.023781 0.197487 -0.358037  0.027494
-0.174799 0.023781 0.197487 -0.358037  0.032867
-0.174799 0.075747 0.197487 -0.358037  0.033289
-0.174799 0.075747 0.255618 -0.358037  0.024288
-0.174799 0.075747 0.255618 -0.293184  0.003593
-0.103353 0.075747 0.255618 -0.293184  0.007830
-0.103353 0.153578 0.255618 -0.293184  0.011017
-0.103353 0.153578 0.339582 -0.293184  -0.011440
-0.103353 0.153578 0.339582 -0.202304  -0.028361
-0.006041 0.153578 0.339582 -0.202304  -0.027257
-0.006041 0.057089 0.339582 -0.202304  -0.030694
-0.006041 0.057089 0.249487 -0.202304  -0.007063
-0.006041 0.057089 0.249487 -0.286175  0.008094
-0.083642 0.057089 0.249487 -0.286175  0.007509
-0.083642 -0.014095 0.249487 -0.286175  0.007320
-0.083642 -0.014095 0.184924 -0.286175  0.016525
-0.083642 -0.014095 0.184924 -0.344419  0.033945
-0.135402 -0.014095 0.184924 -0.344419  0.032047
-0.135402 -0.059342 0.184924 -0.344419  0.031841
-0.135402 -0.059342 0.146013 -0.344419  0.035052
-0.135402 -0.059342 0.146013 -0.376940  0.047753
-0.161440 -0.059342 0.146013 -0.376940  0.046028
-0.161440 -0.078720 0.146013 -0.376940  0.045749
-0.161440 -0.078720 0.133243 -0.376940  0.046496
-0.161440 -0.078720 0.133243 -0.383322  0.049263
-0.161446 -0.078720 0.133243 -0.383322  0.049262
-0.161446 -0.072152 0.133243 -0.383322  0.049374
-0.161446 -0.072152 0.146100 -0.383322  0.048621
-0.161446 -0.072152 0.146100 -0.364056  0.040549
-0.065477 -0.072152 0.146100 -0.364056  0.044476
-0.065477 -0.169310 0.146100 -0.364056  0.039998
-0.065477 -0.169310 0.055449 -0.364056  0.042946
-0.065477 -0.169310 0.055449 -0.448124  0.084685
-0.142932 -0.169310 0.055449 -0.448124  0.082046
-0.142932 -0.240257 0.055449 -0.448124  0.073031
-0.142932 -0.240257 -0.009105 -0.448124  0.073202
-0.142932 -0.240257 -0.009105 -0.506292  0.112991
-0.194564 -0.240257 -0.009105 -0.506292  0.108546
-0.194564 -0.285107 -0.009105 -0.506292  0.099239
-0.194564 -0.285107 -0.047627 -0.506292  0.099346
-0.194564 -0.285107 -0.047627 -0.538606  0.125815
-0.220583 -0.285107 -0.047627 -0.538606  0.122447
-0.220583 -0.304695 -0.047627 -0.538606  0.117335
-0.220583 -0.304695 -0.060788 -0.538606  0.117452
-0.220583 -0.304695 -0.060788 -0.545291  0.123342
-0.221145 -0.304695 -0.060788 -0.545291  0.123260
-0.221145 -0.298602 -0.060788 -0.545291  0.124923
-0.221145 -0.298602 -0.048430 -0.545291  0.124812
-0.221145 -0.298602 -0.048430 -0.526511  0.108630
-0.195686 -0.298602 -0.048430 -0.526511  0.111952
-0.195686 -0.266740 -0.048430 -0.526511  0.119597
-0.195686 -0.266740 -0.010321 -0.526511  0.119485
-0.195686 -0.266740 -0.010321 -0.481922  0.085455
-0.144143 -0.266740 -0.010321 -0.481922  0.089954
-0.144143 -0.208837 -0.010321 -0.481922  0.099824
-0.144143 -0.208837 0.054039 -0.481922  0.099665
-0.144143 -0.208837 0.054039 -0.411136  0.057235
-0.066602 -0.208837 0.054039 -0.411136  0.059934
-0.066602 -0.124837 0.054039 -0.411136  0.067097
-0.066602 -0.124837 0.144424 -0.411136  0.064242
-0.066602 -0.124837 0.144424 -0.314176  0.025758
-0.163054 -0.124837 0.144424 -0.314176  0.021718
-0.163054 -0.214843 0.144424 -0.314176  0.013747
-0.163054 -0.214843 0.060877 -0.314176  0.016534
-0.163054 -0.214843 0.060877 -0.391362  0.045465
-0.233893 -0.214843 0.060877 -0.391362  0.037005
-0.233893 -0.279179 0.060877 -0.391362  0.025162
-0.233893 -0.279179 0.002898 -0.391362  0.025388
-0.233893 -0.279179 0.002898 -0.443080  0.052431
-0.279090 -0.279179 0.002898 -0.443080  0.043487
-0.279090 -0.317684 0.002898 -0.443080  0.033185
-0.279090 -0.317684 -0.029189 -0.443080  0.033210
-0.279090 -0.317684 -0.029189 -0.468208  0.048864
-0.297777 -0.317684 -0.029189 -0.468208  0.044199
-0.297777 -0.330057 -0.029189 -0.468208  0.040305
-0.297777 -0.330057 -0.035283 -0.468208  0.040324
-0.297777 -0.330057 -0.035283 -0.468059  0.040226
-0.291447 -0.330057 -0.035283 -0.468059  0.041874
-0.291447 -0.317628 -0.035283 -0.468059  0.045786
-0.291447 -0.317628 -0.016744 -0.468059  0.045746
-0.291447 -0.317628 -0.016744 -0.443397  0.030376
-0.260481 -0.317628 -0.016744 -0.443397  0.037459
-0.260481 -0.280506 -0.016744 -0.443397  0.047432
-0.260481 -0.280506 0.026649 -0.443397  0.047408
-0.260481 -0.280506 0.026649 -0.393553  0.021191
-0.203959 -0.280506 0.026649 -0.393553  0.030380
-0.203959 -0.217557 0.026649 -0.393553  0.042154
-0.203959 -0.217557 0.095783 -0.393553  0.041294
-0.203959 -0.217557 0.095783 -0.317911  0.012470
-0.121396 -0.217557 0.095783 -0.317911  0.019165
-0.121396 -0.128875 0.095783 -0.317911  0.027322
-0.121396 -0.128875 0.190608 -0.317911  0.021276
-0.121396 -0.128875 0.190608 -0.416564  0.061430
-0.213485 -0.128875 0.190608 -0.416564  0.053489
-0.213485 -0.214532 0.190608 -0.416564  0.045756
-0.213485 -0.214532 0.111107 -0.416564  0.051310
-0.213485 -0.214532 0.111107 -0.489486  0.096304
-0.280178 -0.214532 0.111107 -0.489486  0.084040
-0.280178 -0.274728 0.111107 -0.489486  0.073178
-0.280178 -0.274728 0.056931 -0.489486  0.074366
-0.280178 -0.274728 0.056931 -0.537278  0.112181
-0.321596 -0.274728 0.056931 -0.537278  0.100914
-0.321596 -0.309875 0.056931 -0.537278  0.091894
-0.321596 -0.309875 0.028192 -0.537278  0.092056
-0.321596 -0.309875 0.028192 -0.559655  0.112254
-0.337551 -0.309875 0.028192 -0.559655  0.107053
-0.337551 -0.319280 0.028192 -0.559655  0.104261
-0.337551 -0.319280 0.025252 -0.559655  0.104268
-0.337551 -0.319280 0.025252 -0.556325  0.101157
-0.327950 -0.319280 0.025252 -0.556325  0.104346
-0.327950 -0.303365 0.025252 -0.556325  0.108975
-0.327950 -0.303365 0.047470 -0.556325  0.108884
-0.327950 -0.303365 0.047470 -0.457323  0.032349
-0.421174 -0.303365 0.047470 -0.457323  -0.007090
-0.421174 -0.389739 0.047470 -0.457323  -0.038371
-0.421174 -0.389739 -0.032178 -0.457323  -0.038231
-0.421174 -0.389739 -0.032178 -0.530317  0.015267
-0.487632 -0.389739 -0.032178 -0.530317  -0.025973
-0.487632 -0.449646 -0.032178 -0.530317  -0.057683
-0.487632 -0.449646 -0.085672 -0.530317  -0.057088
-0.487632 -0.449646 -0.085672 -0.577484  -0.013648
-0.528547 -0.449646 -0.085672 -0.577484  -0.045353
-0.528547 -0.484090 -0.085672 -0.577484  -0.067886
-0.528547 -0.484090 -0.113642 -0.577484  -0.067047
-0.528547 -0.484090 -0.113642 -0.599189  -0.044506
-0.543830 -0.484090 -0.113642 -0.599189  -0.057688
-0.543830 -0.492733 -0.113642 -0.599189  -0.063873
-0.543830 -0.492733 -0.115842 -0.599189  -0.063786
-0.543830 -0.492733 -0.115842 -0.594972  -0.068297
-0.533143 -0.492733 -0.115842 -0.594972  -0.059000
-0.533143 -0.475420 -0.115842 -0.594972  -0.046828
-0.533143 -0.475420 -0.092372 -0.594972  -0.047595
-0.533143 -0.475420 -0.092372 -0.564795  -0.078043
-0.496197 -0.475420 -0.092372 -0.564795  -0.048671
-0.496197 -0.432070 -0.092372 -0.564795  -0.021876
-0.496197 -0.432070 -0.042501 -0.564795  -0.022587
-0.496197 -0.432070 -0.042501 -0.508298  -0.071426
-0.432797 -0.432070 -0.042501 -0.508298  -0.030326
-0.432797 -0.362141 -0.042501 -0.508298  0.002842
-0.432797 -0.362141 0.033836 -0.508298  0.002726
-0.432797 -0.362141 0.033836 -0.425248  -0.051701
-0.342950 -0.362141 0.033836 -0.425248  -0.010968
-0.342950 -0.265777 0.033836 -0.425248  0.017752
-0.342950 -0.265777 -0.063462 -0.425248  0.018046
-0.342950 -0.265777 -0.063462 -0.516224  0.078713
-0.427588 -0.265777 -0.063462 -0.516224  0.040872
-0.427588 -0.343993 -0.063462 -0.516224  0.018941
-0.427588 -0.343993 -0.135275 -0.516224  0.021161
-0.427588 -0.343993 -0.135275 -0.582056  0.080788
-0.487316 -0.343993 -0.135275 -0.582056  0.043238
-0.487316 -0.397265 -0.135275 -0.582056  0.021247
-0.487316 -0.397265 -0.182195 -0.582056  0.024820
-0.487316 -0.397265 -0.182195 -0.622848  0.069253
-0.522113 -0.397265 -0.182195 -0.622848  0.042650
-0.522113 -0.425526 -0.182195 -0.622848  0.028296
-0.522113 -0.425526 -0.204271 -0.622848  0.030771
-0.522113 -0.425526 -0.204271 -0.638871  0.049903
-0.532017 -0.425526 -0.204271 -0.638871  0.041649
-0.532017 -0.429127 -0.204271 -0.638871  0.039676
-0.532017 -0.429127 -0.201615 -0.638871  0.039348
-0.532017 -0.429127 -0.201615 -0.629794  0.028390
-0.516317 -0.429127 -0.201615 -0.629794  0.041332
-0.516317 -0.407399 -0.201615 -0.629794  0.052738
-0.516317 -0.407399 -0.173636 -0.629794  0.049777
-0.516317 -0.407399 -0.173636 -0.595618  0.011278
-0.475791 -0.407399 -0.173636 -0.595618  0.041211
-0.475791 -0.360607 -0.173636 -0.595618  0.061936
-0.475791 -0.360607 -0.120525 -0.595618  0.058452
-0.475791 -0.360607 -0.120525 -0.536020  0.001158
-0.409747 -0.360607 -0.120525 -0.536020  0.040073
-0.409747 -0.288405 -0.120525 -0.536020  0.062976
-0.409747 -0.288405 -0.042029 -0.536020  0.061300
-0.409747 -0.288405 -0.042029 -0.450737  -0.001135
-0.317472 -0.288405 -0.042029 -0.450737  0.035661
-0.317472 -0.189818 -0.042029 -0.450737  0.052811
-0.317472 -0.189818 -0.137029 -0.450737  0.055310
-0.317472 -0.189818 -0.137029 -0.539375  0.120654
-0.399854 -0.189818 -0.137029 -0.539375  0.088722
-0.399854 -0.265896 -0.137029 -0.539375  0.076762
-0.399854 -0.265896 -0.206832 -0.539375  0.083037
-0.399854 -0.265896 -0.206832 -0.602936  0.145305
-0.457268 -0.265896 -0.206832 -0.602936  0.113624
-0.457268 -0.317082 -0.206832 -0.602936  0.100543
-0.457268 -0.317082 -0.251950 -0.602936  0.107688
-0.457268 -0.317082 -0.251950 -0.641718  0.152763
-0.489845 -0.317082 -0.251950 -0.641718  0.130837
-0.489845 -0.343279 -0.251950 -0.641718  0.122265
-0.489845 -0.343279 -0.271574 -0.641718  0.126300
-0.489845 -0.343279 -0.271574 -0.654835  0.142838
-0.496701 -0.343279 -0.271574 -0.654835  0.137834
-0.496701 -0.343864 -0.271574 -0.654835  0.137627
-0.496701 -0.343864 -0.265987 -0.654835  0.136416
-0.496701 -0.343864 -0.265987 -0.643153  0.121654
-0.478568 -0.343864 -0.265987 -0.643153  0.134591
-0.478568 -0.247777 -0.265987 -0.643153  0.160039
-0.478568 -0.247777 -0.363610 -0.643153  0.189294
-0.478568 -0.247777 -0.363610 -0.734316  0.319214
-0.563389 -0.247777 -0.363610 -0.734316  0.249996
-0.563389 -0.325752 -0.363610 -0.734316  0.230641
-0.563389 -0.325752 -0.435168 -0.734316  0.264975
-0.563389 -0.325752 -0.435168 -0.799713  0.380467
-0.622577 -0.325752 -0.435168 -0.799713  0.317979
-0.622577 -0.378356 -0.435168 -0.799713  0.298383
-0.622577 -0.378356 -0.481359 -0.799713  0.327509
-0.622577 -0.378356 -0.481359 -0.839468  0.407638
-0.656103 -0.378356 -0.481359 -0.839468  0.366516
-0.656103 -0.405528 -0.481359 -0.839468  0.353989
-0.656103 -0.405528 -0.502146 -0.839468  0.369071
-0.656103 -0.405528 -0.502146 -0.854045  0.400427
-0.664401 -0.405528 -0.502146 -0.854045  0.389576
-0.664401 -0.407470 -0.502146 -0.854045  0.388613
-0.664401 -0.407470 -0.497798 -0.854045  0.385352
-0.664401 -0.407470 -0.497798 -0.843412  0.362374
-0.647313 -0.407470 -0.497798 -0.843412  0.384426
-0.647313 -0.384002 -0.497798 -0.843412  0.395455
-0.647313 -0.384002 -0.468173 -0.843412  0.374717
-0.647313 -0.384002 -0.468173 -0.807665  0.301618
-0.604981 -0.384002 -0.468173 -0.807665  0.351426
-0.604981 -0.335494 -0.468173 -0.807665  0.370288
-0.604981 -0.335494 -0.413523 -0.807665  0.338384
-0.604981 -0.335494 -0.413523 -0.746854  0.228114
-0.537244 -0.335494 -0.413523 -0.746854  0.294473
-0.537244 -0.261477 -0.413523 -0.746854  0.314358
-0.537244 -0.261477 -0.333345 -0.746854  0.280686
-0.537244 -0.261477 -0.333345 -0.660134  0.151770
-0.443724 -0.261477 -0.333345 -0.660134  0.219470
-0.443724 -0.161544 -0.333345 -0.660134  0.233132
-0.443724 -0.161544 -0.427055 -0.660134  0.273975
-0.443724 -0.161544 -0.427055 -0.747688  0.404290
-0.525068 -0.161544 -0.427055 -0.747688  0.346895
-0.525068 -0.236674 -0.427055 -0.747688  0.337854
-0.525068 -0.236674 -0.496001 -0.747688  0.381994
-0.525068 -0.236674 -0.496001 -0.810525  0.496483
-0.581615 -0.236674 -0.496001 -0.810525  0.444495
-0.581615 -0.286794 -0.496001 -0.810525  0.434163
-0.581615 -0.286794 -0.539669 -0.810525  0.469314
-0.581615 -0.286794 -0.539669 -0.848118  0.546894
-0.612985 -0.286794 -0.539669 -0.848118  0.513311
-0.612985 -0.311756 -0.539669 -0.848118  0.506600
-0.612985 -0.311756 -0.558274 -0.848118  0.523423
-0.612985 -0.311756 -0.558274 -0.860737  0.551062
-0.619500 -0.311756 -0.558274 -0.860737  0.543639
-0.619500 -0.311711 -0.558274 -0.860737  0.543653
-0.619500 -0.311711 -0.551902 -0.860737  0.537762
-0.619500 -0.311711 -0.551902 -0.847848  0.509540
-0.600078 -0.311711 -0.551902 -0.847848  0.531208
-0.600078 -0.286184 -0.551902 -0.847848  0.538056
-0.600078 -0.286184 -0.520462 -0.847848  0.510932
-0.600078 -0.286184 -0.520462 -0.810165  0.433227
-0.556049 -0.286184 -0.520462 -0.810165  0.477386
-0.556049 -0.235875 -0.520462 -0.810165  0.487702
-0.556049 -0.235875 -0.464006 -0.810165  0.446620
-0.556049 -0.235875 -0.464006 -0.747215  0.332046
-0.486639 -0.235875 -0.464006 -0.747215  0.388727
-0.486639 -0.160255 -0.464006 -0.747215  0.397734
-0.486639 -0.160255 -0.382088 -0.747215  0.353614
-0.486639 -0.160255 -0.382088 -0.658486  0.221944
-0.391301 -0.160255 -0.382088 -0.658486  0.277273
-0.391301 -0.258743 -0.382088 -0.658486  0.264067
-0.391301 -0.258743 -0.474338 -0.658486  0.315010
-0.391301 -0.258743 -0.474338 -0.744400  0.441982
-0.470739 -0.258743 -0.474338 -0.744400  0.397583
-0.470739 -0.331773 -0.474338 -0.744400  0.378386
-0.470739 -0.331773 -0.540922 -0.744400  0.429934
-0.470739 -0.331773 -0.540922 -0.804742  0.538597
-0.524991 -0.331773 -0.540922 -0.804742  0.498215
-0.524991 -0.379588 -0.540922 -0.804742  0.480041
-0.524991 -0.379588 -0.582504 -0.804742  0.519419
-0.524991 -0.379588 -0.582504 -0.840011  0.590988
-0.554155 -0.379588 -0.582504 -0.840011  0.565509
-0.554155 -0.402501 -0.582504 -0.840011  0.554995
-0.554155 -0.402501 -0.599284 -0.840011  0.572573
-0.554155 -0.402501 -0.599284 -0.850672  0.595429
-0.558537 -0.402501 -0.599284 -0.850672  0.591360
-0.558537 -0.400351 -0.599284 -0.850672  0.592400
-0.558537 -0.400351 -0.590735 -0.850672  0.583320
-0.558537 -0.400351 -0.590735 -0.766572  0.418199
-0.467626 -0.400351 -0.590735 -0.766572  0.490185
-0.467626 -0.303102 -0.590735 -0.766572  0.526507
-0.467626 -0.303102 -0.687255 -0.766572  0.644964
-0.467626 -0.303102 -0.687255 -0.857144  0.824241
-0.552127 -0.303102 -0.687255 -0.857144  0.758187
-0.552127 -0.381255 -0.687255 -0.857144  0.730615
-0.552127 -0.381255 -0.759138 -0.857144  0.843495
-0.552127 -0.381255 -0.759138 -0.922848  0.999695
-0.611473 -0.381255 -0.759138 -0.922848  0.939378
-0.611473 -0.434270 -0.759138 -0.922848  0.912896
-0.611473 -0.434270 -0.805682 -0.922848  0.998400
-0.611473 -0.434270 -0.805682 -0.962785  1.104916
-0.643500 -0.434270 -0.805682 -0.962785  1.067078
-0.643500 -0.459352 -0.805682 -0.962785  1.052053
-0.643500 -0.459352 -0.824028 -0.962785  1.088598
-0.643500 -0.459352 -0.824028 -0.974746  1.122275
-0.648764 -0.459352 -0.824028 -0.974746  1.115681
-0.648764 -0.458227 -0.824028 -0.974746  1.116391
-0.648764 -0.458227 -0.816717 -0.974746  1.101631
-0.648764 -0.458227 -0.816717 -0.960828  1.062524
-0.628457 -0.458227 -0.816717 -0.960828  1.087371
-0.628457 -0.431778 -0.816717 -0.960828  1.103089
-0.628457 -0.431778 -0.784159 -0.960828  1.040499
-0.628457 -0.431778 -0.784159 -0.921913  0.937027
-0.582732 -0.431778 -0.784159 -0.921913  0.987360
-0.582732 -0.379445 -0.784159 -0.921913  1.013225
-0.582732 -0.379445 -0.725669 -0.921913  0.913175
-0.582732 -0.379445 -0.725669 -0.857252  0.759598
-0.511644 -0.379445 -0.725669 -0.857252  0.823542
-0.511644 -0.302220 -0.725669 -0.857252  0.850570
-0.511644 -0.302220 -0.641977 -0.857252  0.733018
-0.511644 -0.302220 -0.641977 -0.766977  0.554217
-0.414848 -0.302220 -0.641977 -0.766977  0.616760
-0.414848 -0.398869 -0.641977 -0.766977  0.580905
-0.414848 -0.398869 -0.732388 -0.766977  0.709172
-0.414848 -0.398869 -0.732388 -0.851174  0.874669
-0.492936 -0.398869 -0.732388 -0.851174  0.826287
-0.492936 -0.470548 -0.732388 -0.851174  0.785559
-0.492936 -0.470548 -0.797566 -0.851174  0.900052
-0.492936 -0.470548 -0.797566 -0.909900  1.036700
-0.544984 -0.470548 -0.797566 -0.909900  0.994612
-0.544984 -0.516183 -0.797566 -0.909900  0.961264
-0.544984 -0.516183 -0.836863 -0.909900  1.040012
-0.544984 -0.516183 -0.836863 -0.943027  1.125323
-0.571836 -0.516183 -0.836863 -0.943027  1.100199
-0.571836 -0.536707 -0.836863 -0.943027  1.083133
-0.571836 -0.536707 -0.851164 -0.943027  1.113697
-0.571836 -0.536707 -0.851164 -0.951404  1.136245
-0.574136 -0.536707 -0.851164 -0.951404  1.133979
-0.574136 -0.532797 -0.851164 -0.951404  1.137333
-0.574136 -0.532797 -0.840814 -0.951404  1.115110
-0.574136 -0.532797 -0.840814 -0.934522  1.070075
-0.550832 -0.532797 -0.840814 -0.934522  1.092198
-0.550832 -0.503451 -0.840814 -0.934522  1.115838
-0.550832 -0.503451 -0.805363 -0.934522  1.043776
-0.550832 -0.503451 -0.805363 -0.892752  0.939158
-0.502574 -0.503451 -0.805363 -0.892752  0.979348
-0.502574 -0.449089 -0.805363 -0.892752  1.016382
-0.502574 -0.449089 -0.744782 -0.892752  0.907146
-0.502574 -0.449089 -0.744782 -0.825781  0.758730
-0.429176 -0.449089 -0.744782 -0.825781  0.806619
-0.429176 -0.369535 -0.744782 -0.825781  0.846730
-0.429176 -0.369535 -0.658967 -0.825781  0.719747
-0.429176 -0.369535 -0.658967 -0.733728  0.551643
-0.330729 -0.369535 -0.658967 -0.733728  0.594518
-0.330729 -0.465079 -0.658967 -0.733728  0.544384
-0.330729 -0.465079 -0.748164 -0.733728  0.677020
-0.330729 -0.465079 -0.748164 -0.816755  0.826860
-0.407546 -0.465079 -0.748164 -0.816755  0.795345
-0.407546 -0.535868 -0.748164 -0.816755  0.742064
-0.407546 -0.535868 -0.812790 -0.816755  0.860232
-0.407546 -0.535868 -0.812790 -0.875277  0.985943
-0.459760 -0.535868 -0.812790 -0.875277  0.956450
-0.459760 -0.581513 -0.812790 -0.875277  0.913684
-0.459760 -0.581513 -0.852155 -0.875277  0.995540
-0.459760 -0.581513 -0.852155 -0.908114  1.073878
-0.467198 -0.581513 -0.852155 -0.908114  1.069085
-0.467198 -0.582523 -0.852155 -0.908114  1.068058
-0.467198 -0.582523 -0.846630 -0.908114  1.056098
-0.467198 -0.582523 -0.846630 -0.895797  1.026036
-0.448396 -0.582523 -0.846630 -0.895797  1.037859
-0.448396 -0.483333 -0.846630 -0.895797  1.122617
-0.448396 -0.483333 -0.940737 -0.895797  1.348307
-0.448396 -0.483333 -0.940737 -0.983828  1.581737
-0.530294 -0.483333 -0.940737 -0.983828  1.522766
-0.530294 -0.558942 -0.940737 -0.983828  1.461056
-0.530294 -0.558942 -1.010017 -0.983828  1.658871
-0.530294 -0.558942 -1.010017 -1.046445  1.852514
-0.586503 -0.558942 -1.010017 -1.046445  1.799890
-0.586503 -0.608500 -1.010017 -1.046445  1.749202
-0.586503 -0.608500 -1.052817 -1.046445  1.885814
-0.586503 -0.608500 -1.052817 -1.082500  2.008386
-0.615941 -0.608500 -1.052817 -1.082500  1.976456
-0.615941 -0.631208 -1.052817 -1.082500  1.950280
-0.615941 -0.631208 -1.068845 -1.082500  2.004394
-0.615941 -0.631208 -1.068845 -1.092329  2.039265
-0.619461 -0.631208 -1.068845 -1.092329  2.035235
-0.619461 -0.628324 -1.068845 -1.092329  2.038666
-0.619461 -0.628324 -1.059829 -1.092329  2.008025
-0.619461 -0.628324 -1.059829 -1.076933  1.953687
-0.597638 -0.628324 -1.059829 -1.076933  1.977935
-0.597638 -0.600383 -1.059829 -1.076933  2.009579
-0.597638 -0.600383 -1.159252 -1.076933  2.377019
-0.597638 -0.600383 -1.159252 -1.167895  2.720991
-0.681503 -0.600383 -1.159252 -1.167895  2.617929
-0.681503 -0.676530 -1.159252 -1.167895  2.524699
-0.681503 -0.676530 -1.228148 -1.167895  2.819294
-0.681503 -0.676530 -1.228148 -1.230359  3.088807
-0.737715 -0.676530 -1.228148 -1.230359  3.003846
-0.737715 -0.726017 -1.228148 -1.230359  2.930806
-0.737715 -0.726017 -1.271231 -1.230359  3.132676
-0.737715 -0.726017 -1.271231 -1.267052  3.304333
-0.767981 -0.726017 -1.271231 -1.267052  3.252863
-0.767981 -0.749718 -1.271231 -1.267052  3.214146
-0.767981 -0.749718 -1.288349 -1.267052  3.298259
-0.767981 -0.749718 -1.288349 -1.224275  3.099110
-0.716320 -0.749718 -1.288349 -1.224275  3.184508
-0.716320 -0.691639 -1.288349 -1.224275  3.275053
-0.716320 -0.691639 -1.224004 -1.224275  2.970381
-0.716320 -0.691639 -1.224004 -1.153503  2.670192
-0.638950 -0.691639 -1.224004 -1.153503  2.776890
-0.638950 -0.608032 -1.224004 -1.153503  2.882955
-0.638950 -0.608032 -1.134278 -1.153503  2.508516
-0.638950 -0.608032 -1.134278 -1.057425  2.156058
-0.736379 -0.608032 -1.134278 -1.057425  2.017609
-0.736379 -0.698929 -1.134278 -1.057425  1.900972
-0.736379 -0.698929 -1.218459 -1.057425  2.250600
-0.736379 -0.698929 -1.218459 -1.135013  2.530429
-0.807905 -0.698929 -1.218459 -1.135013  2.402406
-0.807905 -0.764166 -1.218459 -1.135013  2.297600
-0.807905 -0.764166 -1.277007 -1.135013  2.571100
-0.807905 -0.764166 -1.277007 -1.187083  2.781708
-0.853718 -0.764166 -1.277007 -1.187083  2.686817
-0.853718 -0.803353 -1.277007 -1.187083  2.614587
-0.853718 -0.803353 -1.309777 -1.187083  2.779052
-0.853718 -0.803353 -1.309777 -1.213528  2.893361
-0.873713 -0.803353 -1.309777 -1.213528  2.848609
-0.873713 -0.816826 -1.309777 -1.213528  2.822084
-0.873713 -0.816826 -1.316752 -1.213528  2.858175
-0.873713 -0.816826 -1.316752 -1.214214  2.861207
-0.868038 -0.816826 -1.316752 -1.214214  2.874120
-0.868038 -0.804738 -1.316752 -1.214214  2.897960
-0.868038 -0.804738 -1.298351 -1.214214  2.803579
-0.868038 -0.804738 -1.298351 -1.189571  2.696780
-0.836959 -0.804738 -1.298351 -1.189571  2.764549
-0.836959 -0.767647 -1.298351 -1.189571  2.833338
-0.836959 -0.767647 -1.255161 -1.189571  2.622105
-0.836959 -0.767647 -1.255161 -1.140017  2.420376
-0.780977 -0.767647 -1.255161 -1.140017  2.530328
-0.780977 -0.705190 -1.255161 -1.140017  2.632002
-0.780977 -0.705190 -1.186438 -1.140017  2.324658
-0.780977 -0.705190 -1.186438 -1.064900  2.050657
-0.699286 -0.705190 -1.186438 -1.064900  2.185043
-0.699286 -0.617039 -1.186438 -1.064900  2.300800
-0.699286 -0.617039 -1.091951 -1.064900  1.932722
-0.699286 -0.617039 -1.091951 -1.164137  2.302771
-0.792276 -0.617039 -1.091951 -1.164137  2.147409
-0.792276 -0.703598 -1.091951 -1.164137  2.034022
-0.792276 -0.703598 -1.172209 -1.164137  2.342731
-0.792276 -0.703598 -1.172209 -1.238135  2.663107
-0.859842 -0.703598 -1.172209 -1.238135  2.524715
-0.859842 -0.764809 -1.172209 -1.238135  2.425669
-0.859842 -0.764809 -1.137899 -1.238135  2.288335
-0.859842 -0.764809 -1.137899 -1.194732  2.095644
-0.810075 -0.764809 -1.137899 -1.194732  2.199761
-0.810075 -0.708889 -1.137899 -1.194732  2.290890
-0.810075 -0.708889 -1.075723 -1.194732  2.062325
-0.810075 -0.708889 -1.075723 -1.126215  1.785427
-0.735149 -0.708889 -1.075723 -1.126215  1.919709
-0.735149 -0.627531 -1.075723 -1.126215  2.028823
-0.735149 -0.627531 -0.988284 -1.126215  1.749281
-0.735149 -0.627531 -0.988284 -1.032268  1.420797
-0.834843 -0.627531 -0.988284 -1.032268  1.236250
-0.834843 -0.720650 -0.988284 -1.032268  1.109109
-0.834843 -0.720650 -1.074843 -1.032268  1.385600
-0.834843 -0.720650 -1.074843 -1.112171  1.661312
-0.908258 -0.720650 -1.074843 -1.112171  1.493913
-0.908258 -0.787567 -1.074843 -1.112171  1.379676
-0.908258 -0.787567 -1.135571 -1.112171  1.602265
-0.908258 -0.787567 -1.135571 -1.166661  1.814532
-0.956506 -0.787567 -1.135571 -1.166661  1.688674
-0.956506 -0.829439 -1.135571 -1.166661  1.606544
-0.956506 -0.829439 -1.171102 -1.166661  1.748344
-0.956506 -0.829439 -1.171102 -1.195595  1.869442
-0.979187 -0.829439 -1.171102 -1.195595  1.805699
-0.979187 -0.845836 -1.171102 -1.195595  1.771183
-0.979187 -0.845836 -1.181327 -1.195595  1.813624
-0.979187 -0.845836 -1.181327 -1.199531  1.830559
-0.976848 -0.845836 -1.181327 -1.199531  1.837271
-0.976848 -0.837364 -1.181327 -1.199531  1.855272
-0.976848 -0.837364 -1.166737 -1.199531  1.794939
-0.976848 -0.837364 -1.166737 -1.178826  1.707100
-0.949575 -0.837364 -1.166737 -1.178826  1.783017
-0.949575 -0.803862 -1.166737 -1.178826  1.850708
-0.949575 -0.803862 -1.126878 -1.178826  1.693430
-0.949575 -0.803862 -1.126878 -1.132076  1.506159
-0.896264 -0.803862 -1.126878 -1.132076  1.642424
-0.896264 -0.744120 -1.126878 -1.132076  1.749845
-0.896264 -0.744120 -1.060709 -1.132076  1.512281
-0.896264 -0.744120 -1.060709 -1.059465  1.250632
-0.817189 -0.744120 -1.060709 -1.059465  1.424874
-0.817189 -0.658670 -1.060709 -1.059465  1.551143
-0.817189 -0.658670 -0.968827 -1.059465  1.267102
-0.817189 -0.658670 -0.968827 -0.960605  0.964297
-0.911656 -0.658670 -0.968827 -0.960605  0.752322
-0.911656 -0.746642 -0.968827 -0.960605  0.621848
-0.911656 -0.746642 -1.050506 -0.960605  0.871781
-0.911656 -0.746642 -1.050506 -1.036093  1.097606
-0.980722 -0.746642 -1.050506 -1.036093  0.912025
-0.980722 -0.809335 -1.050506 -1.036093  0.798127
-0.980722 -0.809335 -1.106775 -1.036093  0.994576
-0.980722 -0.809335 -1.106775 -1.085679  1.162030
-1.023753 -0.809335 -1.106775 -1.085679  1.032340
-1.023753 -0.845663 -1.106775 -1.085679  0.957701
-1.023753 -0.845663 -1.136478 -1.085679  1.069808
-1.023753 -0.845663 -1.136478 -1.108964  1.153924
-1.040416 -0.845663 -1.136478 -1.108964  1.100672
-1.040416 -0.855937 -1.136478 -1.108964  1.078361
-1.040416 -0.855937 -1.140519 -1.108964  1.094075
-1.040416 -0.855937 -1.140519 -1.106716  1.085798
-1.031688 -0.855937 -1.140519 -1.106716  1.113905
-1.031688 -0.840844 -1.140519 -1.106716  1.146496
-1.031688 -0.840844 -1.119165 -1.106716  1.064716
-1.031688 -0.840844 -1.119165 -1.078891  0.965025
-0.997408 -0.840844 -1.119165 -1.078891  1.070888
-0.997408 -0.800152 -1.119165 -1.078891  1.153090
-0.997408 -0.800152 -1.072164 -1.078891  0.983794
-0.997408 -0.800152 -1.072164 -1.025312  0.805831
-0.937093 -0.800152 -1.072164 -1.025312  0.975173
-0.937093 -0.733424 -1.072164 -1.025312  1.092948
-0.937093 -0.733424 -0.999213 -1.025312  0.858096
-0.937093 -0.733424 -0.999213 -0.945739  0.626113
-0.850785 -0.733424 -0.999213 -0.945739  0.833187
-0.850785 -0.640542 -0.999213 -0.945739  0.964893
-0.850785 -0.640542 -0.899970 -0.945739  0.696179
-0.850785 -0.640542 -0.899970 -1.039794  0.974482
-0.938279 -0.640542 -0.899970 -1.039794  0.764279
-0.938279 -0.721452 -0.899970 -1.039794  0.651578
-0.938279 -0.721452 -0.974325 -1.039794  0.847587
-0.938279 -0.721452 -0.974325 -1.107780  1.082833
-0.999540 -0.721452 -0.974325 -1.107780  0.910245
-0.999540 -0.775758 -0.974325 -1.107780  0.818905
-0.999540 -0.775758 -1.021995 -1.107780  0.961418
-0.999540 -0.775758 -1.021995 -1.148866  1.118360
-0.961134 -0.775758 -1.021995 -1.148866  1.229104
-0.961134 -0.729037 -1.021995 -1.148866  1.308475
-0.961134 -0.729037 -0.969056 -1.148866  1.151039
-0.961134 -0.729037 -0.969056 -1.089524  0.927989
-0.895331 -0.729037 -0.969056 -1.089524  1.098150
-0.895331 -0.656794 -0.969056 -1.089524  1.202303
-0.895331 -0.656794 -0.890404 -1.089524  0.998222
-0.895331 -0.656794 -0.890404 -1.004050  0.717090
-0.802786 -0.656794 -0.890404 -1.004050  0.917436
-0.802786 -0.557864 -0.890404 -1.004050  1.027149
-0.802786 -0.557864 -0.985047 -1.004050  1.277028
-0.802786 -0.557864 -0.985047 -1.092324  1.568158
-0.884552 -0.557864 -0.985047 -1.092324  1.393425
-0.884552 -0.633003 -0.985047 -1.092324  1.313399
-0.884552 -0.633003 -1.053636 -1.092324  1.527283
-0.884552 -0.633003 -1.053636 -1.154851  1.764155
-0.940960 -0.633003 -1.053636 -1.154851  1.623126
-0.940960 -0.682819 -1.053636 -1.154851  1.558408
-0.940960 -0.682819 -1.097038 -1.154851  1.708992
-0.940960 -0.682819 -1.097038 -1.192092  1.862853
-0.972096 -0.682819 -1.097038 -1.192092  1.777380
-0.972096 -0.707570 -1.097038 -1.192092  1.741489
-0.972096 -0.707570 -1.115107 -1.192092  1.807804
-0.972096 -0.707570 -1.115107 -1.203715  1.857838
-0.977278 -0.707570 -1.115107 -1.203715  1.843071
-0.977278 -0.705963 -1.115107 -1.203715  1.845480
-0.977278 -0.705963 -1.107268 -1.203715  1.816444
-0.977278 -0.705963 -1.107268 -1.189667  1.756090
-0.956646 -0.705963 -1.107268 -1.189667  1.813964
-0.956646 -0.679094 -1.107268 -1.189667  1.852628
-0.956646 -0.679094 -1.074322 -1.189667  1.735020
-0.956646 -0.679094 -1.074322 -1.150252  1.573151
-0.910975 -0.679094 -1.074322 -1.150252  1.692651
-0.910975 -0.627295 -1.074322 -1.150252  1.758988
-0.910975 -0.627295 -0.981713 -1.150252  1.465176
-0.910975 -0.627295 -0.981713 -1.051438  1.105689
-1.006161 -0.627295 -0.981713 -1.051438  0.843087
-1.006161 -0.716110 -0.981713 -1.051438  0.722695
-1.006161 -0.716110 -1.064163 -1.051438  0.981662
-1.006161 -0.716110 -1.064163 -1.127589  1.252955
-1.076156 -0.716110 -1.064163 -1.127589  1.025244
-1.076156 -0.780120 -1.064163 -1.127589  0.917705
-1.076156 -0.780120 -1.122072 -1.127589  1.125342
-1.076156 -0.780120 -1.122072 -1.179478  1.332515
-1.122027 -0.780120 -1.122072 -1.179478  1.166255
-1.122027 -0.819686 -1.122072 -1.179478  1.090291
-1.122027 -0.819686 -1.155529 -1.179478  1.220467
-1.122027 -0.819686 -1.155529 -1.206884  1.337522
-1.143749 -0.819686 -1.155529 -1.206884  1.253884
-1.143749 -0.835323 -1.155529 -1.206884  1.221758
-1.143749 -0.835323 -1.165100 -1.206884  1.260414
-1.143749 -0.835323 -1.165100 -1.210321  1.275480
-1.140935 -0.835323 -1.165100 -1.210321  1.286495
-1.140935 -0.826409 -1.165100 -1.210321  1.304956
-1.140935 -0.826409 -1.150390 -1.210321  1.245805
-1.140935 -0.826409 -1.150390 -1.189307  1.155046
-1.113750 -0.826409 -1.150390 -1.189307  1.258700
-1.113750 -0.793115 -1.150390 -1.189307  1.324204
-1.113750 -0.793115 -1.111061 -1.189307  1.173340
-1.113750 -0.793115 -1.111061 -1.143609  0.986784
-1.061681 -0.793115 -1.111061 -1.143609  1.171629
-1.061681 -0.735052 -1.111061 -1.143609  1.273374
-1.061681 -0.735052 -1.047192 -1.143609  1.050181
-1.061681 -0.735052 -1.047192 -1.073844  0.792814
-0.985868 -0.735052 -1.047192 -1.073844  1.031306
-0.985868 -0.653428 -1.047192 -1.073844  1.149463
-0.985868 -0.653428 -0.959835 -1.073844  0.885379
-0.985868 -0.653428 -0.959835 -0.980452  0.589582
-0.886276 -0.653428 -0.959835 -0.980452  0.851625
-0.886276 -0.748117 -0.959835 -0.980452  0.711912
-0.886276 -0.748117 -1.048352 -0.980452  0.979815
-0.886276 -0.748117 -1.048352 -1.062960  1.238342
-0.962637 -0.748117 -1.048352 -1.062960  1.042451
-0.962637 -0.818217 -1.048352 -1.062960  0.913377
-0.962637 -0.818217 -1.112256 -1.062960  1.137184
-0.962637 -0.818217 -1.112256 -1.121164  1.345475
-1.015050 -0.818217 -1.112256 -1.121164  1.191690
-1.015050 -0.864296 -1.112256 -1.121164  1.093833
-1.015050 -0.864296 -1.152222 -1.121164  1.247552
-1.015050 -0.864296 -1.152222 -1.155195  1.379820
-1.042887 -0.864296 -1.152222 -1.155195  1.291393
-1.042887 -0.886001 -1.152222 -1.155195  1.241520
-1.042887 -0.886001 -1.099186 -1.155195  1.039862
-1.042887 -0.886001 -1.099186 -1.094329  0.808801
-0.975916 -0.886001 -1.099186 -1.094329  1.013585
-0.975916 -0.813096 -1.099186 -1.094329  1.171536
-0.975916 -0.813096 -1.020513 -1.094329  0.906298
-0.975916 -0.813096 -1.020513 -1.009495  0.624534
-0.884997 -0.813096 -1.020513 -1.009495  0.860863
-0.884997 -0.716256 -1.020513 -1.009495  1.030965
-0.884997 -0.716256 -1.117693 -1.009495  1.364418
-0.884997 -0.716256 -1.117693 -1.100665  1.669078
-0.970152 -0.716256 -1.117693 -1.100665  1.449123
-0.970152 -0.795141 -1.117693 -1.100665  1.313852
-0.970152 -0.795141 -1.190312 -1.100665  1.604072
-0.970152 -0.795141 -1.190312 -1.167465  1.861878
-1.031108 -0.795141 -1.190312 -1.167465  1.678723
-1.031108 -0.850124 -1.190312 -1.167465  1.567057
-1.031108 -0.850124 -1.239134 -1.167465  1.783204
-1.031108 -0.850124 -1.239134 -1.210514  1.965799
-1.068199 -0.850124 -1.239134 -1.210514  1.843187
-1.068199 -0.881178 -1.239134 -1.210514  1.773367
-1.068199 -0.881178 -1.264102 -1.210514  1.890715
-1.068199 -0.881178 -1.264102 -1.229525  1.975609
-1.081048 -0.881178 -1.264102 -1.229525  1.931094
-1.081048 -0.887966 -1.264102 -1.229525  1.915160
-1.081048 -0.887966 -1.264961 -1.229525  1.919279
-1.081048 -0.887966 -1.264961 -1.224653  1.897273
-1.070305 -0.887966 -1.264961 -1.224653  1.934565
-1.070305 -0.871573 -1.264961 -1.224653  1.972632
-1.070305 -0.871573 -1.242981 -1.224653  1.868942
-1.070305 -0.871573 -1.242981 -1.196919  1.746962
-1.036689 -0.871573 -1.242981 -1.196919  1.858899
-1.036689 -0.832156 -1.242981 -1.196919  1.944726
-1.036689 -0.832156 -1.197943 -1.196919  1.743447
-1.036689 -0.832156 -1.197943 -1.145816  1.533056
-0.979437 -0.832156 -1.197943 -1.145816  1.707639
-0.979437 -0.768990 -1.197943 -1.145816  1.829154
-0.979437 -0.768990 -1.129005 -1.145816  1.549112
-0.979437 -0.768990 -1.129005 -1.070901  1.272919
-0.898360 -0.768990 -1.129005 -1.070901  1.487468
-0.898360 -0.682018 -1.129005 -1.070901  1.624967
-0.898360 -0.682018 -1.036284 -1.070901  1.298727
-0.898360 -0.682018 -1.036284 -0.971891  0.988607
-0.993182 -0.682018 -1.036284 -0.971891  0.733943
-0.993182 -0.770656 -1.036284 -0.971891  0.593481
-0.993182 -0.770656 -1.118689 -0.971891  0.880633
-0.993182 -0.770656 -1.118689 -1.048173  1.114203
-1.063558 -0.770656 -1.118689 -1.048173  0.890839
-1.063558 -0.834956 -1.118689 -1.048173  0.766449
-1.063558 -0.834956 -1.177112 -1.048173  0.997449
-1.063558 -0.834956 -1.177112 -1.100576  1.178950
-1.109834 -0.834956 -1.177112 -1.100576  1.014984
-1.109834 -0.875199 -1.177112 -1.100576  0.926696
-1.109834 -0.875199 -1.211307 -1.100576  1.073005
-1.109834 -0.875199 -1.211307 -1.128893  1.178574
-1.132247 -0.875199 -1.211307 -1.128893  1.094071
-1.132247 -0.891498 -1.211307 -1.128893  1.055915
-1.132247 -0.891498 -1.221515 -1.128893  1.101230
-1.132247 -0.891498 -1.221515 -1.133205  1.117779
-1.130824 -0.891498 -1.221515 -1.133205  1.123246
-1.130824 -0.884318 -1.221515 -1.133205  1.140228
-1.130824 -0.884318 -1.208581 -1.133205  1.082942
-1.130824 -0.884318 -1.208581 -1.114304  1.011334
-1.105921 -0.884318 -1.208581 -1.114304  1.104778
-1.105921 -0.853780 -1.208581 -1.114304  1.173974
-1.105921 -0.853780 -1.172358 -1.114304  1.019951
-1.105921 -0.853780 -1.172358 -1.072133  0.868730
-1.057232 -0.853780 -1.172358 -1.072133  1.039632
-1.057232 -0.798930 -1.172358 -1.072133  1.152040
-1.057232 -0.798930 -1.111431 -1.072133  0.913651
-1.057232 -0.798930 -1.111431 -1.005031  0.696436
-0.983759 -0.798930 -1.111431 -1.005031  0.926081
-0.983759 -0.719476 -1.111431 -1.005031  1.063595
-0.983759 -0.719476 -1.026342 -1.005031  0.771796
-0.983759 -0.719476 -1.026342 -0.913756  0.519568
-0.886352 -0.719476 -1.026342 -0.913756  0.775297
-0.886352 -0.816140 -1.026342 -0.913756  0.604114
-0.886352 -0.816140 -1.116821 -0.913756  0.915987
-0.886352 -0.816140 -1.116821 -0.998458  1.148427
-0.965043 -0.816140 -1.116821 -0.998458  0.946010
-0.965043 -0.888656 -1.116821 -0.998458  0.787848
-0.965043 -0.888656 -1.183237 -0.998458  1.051441
-0.965043 -0.888656 -1.183237 -1.058807  1.243059
-0.951308 -0.888656 -1.183237 -1.058807  1.280891
-0.951308 -0.868750 -1.183237 -1.058807  1.327001
-0.951308 -0.868750 -1.157368 -1.058807  1.220705
-0.951308 -0.868750 -1.157368 -1.026592  1.115622
-0.912736 -0.868750 -1.157368 -1.026592  1.216154
-0.912736 -0.824055 -1.157368 -1.026592  1.312234
-0.912736 -0.824055 -1.106664 -1.026592  1.117276
-0.912736 -0.824055 -1.106664 -0.969784  0.947422
-0.849723 -0.824055 -1.106664 -0.969784  1.094286
-0.849723 -0.755323 -1.106664 -0.969784  1.222954
-0.849723 -0.755323 -1.032002 -0.969784  0.966728
-0.849723 -0.755323 -1.032002 -0.889055  0.757391
-0.762950 -0.755323 -1.032002 -0.889055  0.926807
-0.762950 -0.662702 -1.032002 -0.889055  1.066686
-0.762950 -0.662702 -0.933690 -0.889055  0.781545
-0.762950 -0.662702 -0.933690 -0.984438  1.032857
-0.852187 -0.662702 -0.933690 -0.984438  0.858088
-0.852187 -0.745668 -0.933690 -0.984438  0.734522
-0.852187 -0.745668 -1.010395 -0.984438  0.952063
-0.852187 -0.745668 -1.010395 -1.055251  1.173107
-0.917082 -0.745668 -1.010395 -1.055251  1.020682
-0.917082 -0.804459 -1.010395 -1.055251  0.914681
-0.917082 -0.804459 -1.063009 -1.055251  1.084358
-0.917082 -0.804459 -1.063009 -1.102003  1.247562
-0.958008 -0.804459 -1.063009 -1.102003  1.139625
-0.958008 -0.839427 -1.063009 -1.102003  1.068741
-0.958008 -0.839427 -1.091992 -1.102003  1.169695
-0.958008 -0.839427 -1.091992 -1.125313  1.256429
-0.975513 -0.839427 -1.091992 -1.125313  1.207346
-0.975513 -0.850865 -1.091992 -1.125313  1.182837
-0.975513 -0.850865 -1.097519 -1.125313  1.202710
-0.975513 -0.850865 -1.097519 -1.125002  1.201528
-0.969296 -0.850865 -1.097519 -1.125002  1.219164
-0.969296 -0.838933 -1.097519 -1.125002  1.244717
-0.969296 -0.838933 -1.079843 -1.125002  1.181864
-0.969296 -0.838933 -1.079843 -1.101165  1.093261
-0.939277 -0.838933 -1.079843 -1.101165  1.175278
-0.939277 -0.803161 -1.079843 -1.101165  1.247634
-0.939277 -0.803161 -1.038503 -1.101165  1.108484
-0.939277 -0.803161 -1.038503 -1.054080  0.944424
-0.886155 -0.803161 -1.038503 -1.054080  1.077221
-0.886155 -0.744042 -1.038503 -1.054080  1.183413
-0.886155 -0.744042 -0.973679 -1.054080  0.986497
-0.886155 -0.744042 -0.973679 -0.983133  0.765572
-0.808898 -0.744042 -0.973679 -0.983133  0.932168
-0.808898 -0.660956 -0.973679 -0.983133  1.055322
-0.808898 -0.660956 -0.884892 -0.983133  0.825125
-0.808898 -0.660956 -0.884892 -0.888379  0.576003
-0.908134 -0.660956 -0.884892 -0.888379  0.356333
-0.908134 -0.754187 -0.884892 -0.888379  0.216100
-0.908134 -0.754187 -0.971952 -0.888379  0.441392
-0.908134 -0.754187 -0.971952 -0.969766  0.652281
-0.983526 -0.754187 -0.971952 -0.969766  0.449838
-0.983526 -0.823379 -0.971952 -0.969766  0.320606
-0.983526 -0.823379 -1.035015 -0.969766  0.511181
-0.983526 -0.823379 -1.035015 -1.026702  0.681431
-1.034547 -0.823379 -1.035015 -1.026702  0.525558
-1.034547 -0.868447 -1.035015 -1.026702  0.428787
-1.034547 -0.868447 -1.074007 -1.026702  0.558877
-1.034547 -0.868447 -1.074007 -1.059808  0.666982
-1.061784 -0.868447 -1.074007 -1.059808  0.577202
-1.061784 -0.889681 -1.074007 -1.059808  0.527975
-1.061784 -0.889681 -1.089220 -1.059808  0.581370
-1.061784 -0.889681 -1.089220 -1.068947  0.612430
-1.064765 -0.889681 -1.089220 -1.068947  0.602320
-1.064765 -0.886571 -1.089220 -1.068947  0.609678
-1.064765 -0.886571 -1.080230 -1.068947  0.577943
-1.064765 -0.886571 -1.080230 -1.053861  0.526957
-1.043584 -0.886571 -1.080230 -1.053861  0.597573
-1.043584 -0.859414 -1.080230 -1.053861  0.659668
-1.043584 -0.859414 -1.047219 -1.053861  0.547602
-1.043584 -0.859414 -1.047219 -1.015035  0.422946
-0.998583 -0.859414 -1.047219 -1.015035  0.563725
-0.998583 -0.808441 -1.047219 -1.015035  0.670102
-0.998583 -0.808441 -0.990212 -1.015035  0.492574
-0.998583 -0.808441 -0.990212 -0.951767  0.308956
-0.929253 -0.808441 -0.990212 -0.951767  0.502292
-0.929253 -0.733083 -0.990212 -0.951767  0.636703
-0.929253 -0.733083 -0.909025 -0.951767  0.416932
-0.929253 -0.733083 -0.909025 -0.864817  0.201567
-0.836355 -0.733083 -0.909025 -0.864817  0.418967
-0.836355 -0.634336 -0.909025 -0.864817  0.557689
-0.836355 -0.634336 -0.938887 -0.864817  0.634173
-0.836355 -0.634336 -0.938887 -0.888333  0.688384
-0.854283 -0.634336 -0.938887 -0.888333  0.649951
-0.854283 -0.646201 -0.938887 -0.888333  0.635358
-0.854283 -0.646201 -0.944790 -0.888333  0.651068
-0.854283 -0.646201 -0.944790 -0.888337  0.651078
-0.848309 -0.646201 -0.944790 -0.888337  0.664065
-0.848309 -0.634412 -0.944790 -0.888337  0.678566
-0.848309 -0.634412 -0.927315 -0.888337  0.632629
-0.848309 -0.634412 -0.927315 -0.865121  0.579092
-0.819061 -0.634412 -0.927315 -0.865121  0.640083
-0.819061 -0.599457 -0.927315 -0.865121  0.680006
-0.819061 -0.599457 -0.886848 -0.865121  0.580103
-0.819061 -0.599457 -0.886848 -0.818826  0.481619
-0.766717 -0.599457 -0.886848 -0.818826  0.580376
-0.766717 -0.541560 -0.886848 -0.818826  0.636958
-0.766717 -0.541560 -0.823302 -0.818826  0.497507
-0.766717 -0.541560 -0.823302 -0.749502  0.369540
-0.691259 -0.541560 -0.823302 -0.749502  0.489948
-0.691259 -0.460359 -0.823302 -0.749502  0.551216
-0.691259 -0.460359 -0.736532 -0.749502  0.392714
-0.691259 -0.460359 -0.736532 -0.656950  0.255207
-0.592808 -0.460359 -0.736532 -0.656950  0.377193
-0.592808 -0.556154 -0.736532 -0.656950  0.302735
-0.592808 -0.556154 -0.826198 -0.656950  0.467148
-0.592808 -0.556154 -0.826198 -0.740872  0.590277
-0.670748 -0.556154 -0.826198 -0.740872  0.496830
-0.670748 -0.628193 -0.826198 -0.740872  0.420950
-0.670748 -0.628193 -0.892229 -0.740872  0.567263
-0.670748 -0.628193 -0.892229 -0.801044  0.674611
-0.725201 -0.628193 -0.892229 -0.801044  0.594988
-0.725201 -0.676773 -0.892229 -0.801044  0.532914
-0.725201 -0.676773 -0.935007 -0.801044  0.640055
-0.725201 -0.676773 -0.935007 -0.838117  0.714775
-0.756686 -0.676773 -0.935007 -0.838117  0.662911
-0.756686 -0.702253 -0.935007 -0.838117  0.626565
-0.756686 -0.702253 -0.954487 -0.838117  0.678725
-0.756686 -0.702253 -0.954487 -0.851862  0.708169
-0.764502 -0.702253 -0.954487 -0.851862  0.694604
-0.764502 -0.704012 -0.954487 -0.851862  0.691995
-0.764502 -0.704012 -0.950321 -0.851862  0.680659
-0.764502 -0.704012 -0.950321 -0.841830  0.659075
-0.748655 -0.704012 -0.950321 -0.841830  0.686290
-0.748655 -0.682030 -0.950321 -0.841830  0.717964
-0.748655 -0.682030 -0.922169 -0.841830  0.643928
-0.748655 -0.682030 -0.922169 -0.807702  0.574273
-0.708546 -0.682030 -0.922169 -0.807702  0.638165
-0.708546 -0.636167 -0.922169 -0.807702  0.697960
-0.708546 -0.636167 -0.870481 -0.807702  0.573348
-0.708546 -0.636167 -0.870481 -0.750137  0.468524
-0.645042 -0.636167 -0.870481 -0.750137  0.555852
-0.645042 -0.566872 -0.870481 -0.750137  0.631153
-0.645042 -0.566872 -0.795390 -0.750137  0.474756
-0.645042 -0.566872 -0.795390 -0.669018  0.352092
-0.557926 -0.566872 -0.795390 -0.669018  0.446809
-0.557926 -0.473827 -0.795390 -0.669018  0.522590
-0.557926 -0.473827 -0.696436 -0.669018  0.357177
-0.557926 -0.473827 -0.696436 -0.764148  0.503939
-0.647436 -0.473827 -0.696436 -0.764148  0.406223
-0.647436 -0.557508 -0.696436 -0.764148  0.339321
-0.647436 -0.557508 -0.774372 -0.764148  0.465888
-0.647436 -0.557508 -0.774372 -0.836515  0.605043
-0.714259 -0.557508 -0.774372 -0.836515  0.512040
-0.714259 -0.618411 -0.774372 -0.836515  0.448822
-0.714259 -0.618411 -0.829727 -0.836515  0.555690
-0.714259 -0.618411 -0.829727 -0.886158  0.666209
-0.758177 -0.618411 -0.829727 -0.886158  0.594775
-0.758177 -0.656475 -0.829727 -0.886158  0.548361
-0.758177 -0.656475 -0.861966 -0.886158  0.617568
-0.758177 -0.656475 -0.861966 -0.912692  0.681968
-0.779252 -0.656475 -0.861966 -0.912692  0.644606
-0.779252 -0.671487 -0.861966 -0.912692  0.624749
-0.779252 -0.671487 -0.871063 -0.912692  0.645241
-0.779252 -0.671487 -0.871063 -0.916231  0.654119
-0.776913 -0.671487 -0.871063 -0.916231  0.658367
-0.776913 -0.663647 -0.871063 -0.916231  0.668850
-0.776913 -0.663647 -0.857588 -0.916231  0.638648
-0.776913 -0.663647 -0.857588 -0.896707  0.590518
-0.751460 -0.663647 -0.857588 -0.896707  0.635115
-0.751460 -0.632422 -0.857588 -0.896707  0.674460
-0.751460 -0.632422 -0.820586 -0.896707  0.596293
-0.751460 -0.632422 -0.820586 -0.853809  0.497683
-0.838195 -0.632422 -0.820586 -0.853809  0.333135
-0.838195 -0.713177 -0.820586 -0.853809  0.223341
-0.838195 -0.713177 -0.895350 -0.853809  0.388549
-0.838195 -0.713177 -0.895350 -0.922814  0.551986
-0.901509 -0.713177 -0.895350 -0.922814  0.408205
-0.901509 -0.770675 -0.895350 -0.922814  0.313206
-0.901509 -0.770675 -0.946985 -0.922814  0.444686
-0.901509 -0.770675 -0.946985 -0.968800  0.568121
-0.941657 -0.770675 -0.946985 -0.968800  0.465811
-0.941657 -0.804709 -0.946985 -0.968800  0.402451
-0.941657 -0.804709 -0.974971 -0.968800  0.479989
-0.941657 -0.804709 -0.974971 -0.990767  0.543255
-0.957657 -0.804709 -0.974971 -0.990767  0.499965
-0.957657 -0.814624 -0.974971 -0.990767  0.480466
-0.957657 -0.814624 -0.978746 -0.990767  0.491274
-0.957657 -0.814624 -0.978746 -0.988866  0.485685
-0.949835 -0.814624 -0.978746 -0.988866  0.507029
-0.949835 -0.801096 -0.978746 -0.988866  0.533515
-0.949835 -0.801096 -0.959313 -0.988866  0.478769
-0.949835 -0.801096 -0.959313 -0.963552  0.406395
-0.918464 -0.801096 -0.959313 -0.963552  0.488530
-0.918464 -0.763957 -0.959313 -0.963552  0.556769
-0.918464 -0.763957 -0.916492 -0.963552  0.443745
-0.918464 -0.763957 -0.916492 -0.914788  0.314679
-0.863698 -0.763957 -0.916492 -0.914788  0.445176
-0.863698 -0.703495 -0.916492 -0.914788  0.542881
-0.863698 -0.703495 -0.850290 -0.914788  0.387821
-0.863698 -0.703495 -0.850290 -0.842619  0.220559
-0.785364 -0.703495 -0.850290 -0.842619  0.380446
-0.785364 -0.619365 -0.850290 -0.842619  0.491013
-0.785364 -0.619365 -0.760525 -0.842619  0.316145
-0.785364 -0.619365 -0.760525 -0.747109  0.134896
-0.883822 -0.619365 -0.760525 -0.747109  -0.071084
-0.883822 -0.711513 -0.760525 -0.747109  -0.193691
-0.883822 -0.711513 -0.846451 -0.747109  -0.027113
-0.883822 -0.711513 -0.846451 -0.827067  0.121618
-0.957978 -0.711513 -0.846451 -0.827067  -0.067151
-0.957978 -0.779523 -0.846451 -0.827067  -0.180629
-0.957978 -0.779523 -0.908385 -0.827067  -0.037529
-0.957978 -0.779523 -0.908385 -0.882849  0.084837
-1.007756 -0.779523 -0.908385 -0.882849  -0.059454
-1.007756 -0.822920 -0.908385 -0.882849  -0.143052
-1.007756 -0.822920 -0.945379 -0.882849  -0.047694
-1.007756 -0.822920 -0.945379 -0.914014  0.027781
-1.032873 -0.822920 -0.945379 -0.914014  -0.050666
-1.032873 -0.841828 -0.945379 -0.914014  -0.089967
-1.032873 -0.841828 -0.958391 -0.914014  -0.054595
-1.032873 -0.841828 -0.958391 -0.921153  -0.036562
-1.034183 -0.841828 -0.958391 -0.921153  -0.040761
-1.034183 -0.837171 -0.958391 -0.921153  -0.030916
-1.034183 -0.837171 -0.947777 -0.921153  -0.059840
-1.034183 -0.837171 -0.947777 -0.904297  -0.101968
-1.011341 -0.837171 -0.947777 -0.904297  -0.030285
-1.011341 -0.808718 -0.947777 -0.904297  0.027530
-1.011341 -0.808718 -0.913385 -0.904297  -0.061829
-1.011341 -0.808718 -0.913385 -0.863920  -0.156528
-0.965020 -0.808718 -0.913385 -0.863920  -0.020806
-0.965020 -0.756520 -0.913385 -0.863920  0.075143
-0.965020 -0.756520 -0.855106 -0.863920  -0.061611
-0.965020 -0.756520 -0.855106 -0.799456  -0.195448
-0.894272 -0.756520 -0.855106 -0.799456  -0.011928
-0.894272 -0.680027 -0.855106 -0.799456  0.106576
-0.894272 -0.680027 -0.772807 -0.799456  -0.057138
-0.894272 -0.680027 -0.772807 -0.711308  -0.208202
-0.800176 -0.680027 -0.772807 -0.711308  -0.005370
-0.800176 -0.780012 -0.772807 -0.711308  -0.165476
-0.800176 -0.780012 -0.866744 -0.711308  0.024118
-0.800176 -0.780012 -0.866744 -0.799402  0.175079
-0.882392 -0.780012 -0.866744 -0.799402  0.000371
-0.882392 -0.855968 -0.866744 -0.799402  -0.152206
-0.882392 -0.855968 -0.936534 -0.799402  0.018087
-0.882392 -0.855968 -0.936534 -0.863248  0.150525
-0.940342 -0.855968 -0.936534 -0.863248  0.006078
-0.940342 -0.907790 -0.936534 -0.863248  -0.114864
-0.940342 -0.907790 -0.982308 -0.863248  0.011563
-0.940342 -0.907790 -0.982308 -0.903074  0.104768
-0.974259 -0.907790 -0.982308 -0.903074  0.011511
-0.974259 -0.935402 -0.982308 -0.903074  -0.058850
-0.974259 -0.935402 -1.003565 -0.903074  0.004026
-0.974259 -0.935402 -1.003565 -0.918212  0.041688
-0.983378 -0.935402 -1.003565 -0.918212  0.015480
-0.983378 -0.872195 -1.003565 -0.918212  0.170434
-0.983378 -0.872195 -0.932261 -0.918212  -0.030061
-0.983378 -0.872195 -0.932261 -0.840652  -0.210133
-0.899775 -0.872195 -0.932261 -0.840652  0.012370
-0.899775 -0.782848 -0.932261 -0.840652  0.196100
-0.899775 -0.782848 -0.837151 -0.840652  -0.027445
-0.899775 -0.782848 -0.837151 -0.939519  0.207779
-0.992783 -0.782848 -0.837151 -0.939519  -0.042272
-0.992783 -0.869723 -0.837151 -0.939519  -0.220378
-0.992783 -0.869723 -0.917959 -0.939519  -0.033554
-0.992783 -0.869723 -0.917959 -1.014460  0.181148
-1.061548 -0.869723 -0.917959 -1.014460  -0.036589
-1.061548 -0.932290 -0.917959 -1.014460  -0.189026
-1.061548 -0.932290 -0.974159 -1.014460  -0.038079
-1.061548 -0.932290 -0.974159 -1.064532  0.124270
-1.105322 -0.932290 -0.974159 -1.064532  -0.029900
-1.105322 -0.969536 -0.974159 -1.064532  -0.130952
-1.105322 -0.969536 -1.005201 -1.064532  -0.039731
-1.105322 -0.969536 -1.005201 -1.089817  0.048287
-1.124649 -0.969536 -1.005201 -1.089817  -0.023797
-1.124649 -0.982929 -1.005201 -1.089817  -0.062091
-1.124649 -0.982929 -1.012628 -1.089817  -0.039412
-1.124649 -0.982929 -1.012628 -1.091134  -0.034713
-1.120075 -0.982929 -1.012628 -1.091134  -0.017426
-1.120075 -0.972278 -1.012628 -1.091134  0.013112
-1.120075 -0.972278 -0.995987 -1.091134  -0.037244
-1.120075 -0.972278 -0.995987 -1.068393  -0.116787
-1.091010 -0.972278 -0.995987 -1.068393  -0.010210
-1.091010 -0.937015 -0.995987 -1.068393  0.086212
-1.091010 -0.937015 -0.954581 -1.068393  -0.031957
-1.091010 -0.937015 -0.954581 -1.020973  -0.187244
-1.037134 -0.937015 -0.954581 -1.020973  -0.004202
-1.037134 -0.877030 -0.954581 -1.020973  0.143900
-1.037134 -0.877030 -0.888468 -1.020973  -0.024604
-1.037134 -0.877030 -0.888468 -0.948645  -0.235138
-0.958574 -0.877030 -0.888468 -0.948645  -0.000347
-0.958574 -0.792290 -0.888468 -0.948645  0.176910
-0.958574 -0.792290 -0.797556 -0.948645  -0.017103
-0.958574 -0.792290 -0.797556 -0.851568  -0.253286
-1.055296 -0.792290 -0.797556 -0.851568  -0.547718
-1.055296 -0.882737 -0.797556 -0.851568  -0.738230
-1.055296 -0.882737 -0.881880 -0.851568  -0.559703
-1.055296 -0.882737 -0.881880 -0.929811  -0.373367
-1.127416 -0.882737 -0.881880 -0.929811  -0.631156
-1.127416 -0.948734 -0.881880 -0.929811  -0.797255
-1.127416 -0.948734 -0.941786 -0.929811  -0.647778
-1.127416 -0.948734 -0.941786 -0.983721  -0.499689
-1.175311 -0.948734 -0.941786 -0.983721  -0.690192
-1.175311 -0.990587 -0.941786 -0.983721  -0.808267
-1.175311 -0.990587 -0.977497 -0.983721  -0.709595
-1.175311 -0.990587 -0.977497 -1.013352  -0.620958
-1.198837 -0.990587 -0.977497 -1.013352  -0.720414
-1.198837 -1.007784 -0.977497 -1.013352  -0.771923
-1.198837 -1.007784 -0.988557 -1.013352  -0.739860
-1.198837 -1.007784 -0.988557 -1.018496  -0.723931
-1.197981 -1.007784 -0.988557 -1.018496  -0.720247
-1.197981 -1.001114 -0.988557 -1.018496  -0.700058
-1.197981 -1.001114 -0.976294 -1.018496  -0.735565
-1.197981 -1.001114 -0.976294 -1.000395  -0.790901
-1.173647 -1.001114 -0.976294 -1.000395  -0.688244
-1.173647 -0.971031 -0.976294 -1.000395  -0.600484
-1.173647 -0.971031 -0.940344 -1.000395  -0.699542
-1.173647 -0.971031 -0.940344 -0.958207  -0.820939
-1.125184 -0.971031 -0.940344 -0.958207  -0.628829
-1.125184 -0.916718 -0.940344 -0.958207  -0.483629
-1.125184 -0.916718 -0.880046 -0.958207  -0.633546
-1.125184 -0.916718 -0.880046 -0.891776  -0.804135
-1.052507 -0.916718 -0.880046 -0.891776  -0.545543
-1.052507 -0.838102 -0.880046 -0.891776  -0.363853
-1.052507 -0.838102 -0.795434 -0.891776  -0.542148
-1.052507 -0.838102 -0.795434 -0.800998  -0.737428
-0.955520 -0.838102 -0.795434 -0.800998  -0.443901
-0.955520 -0.934987 -0.795434 -0.800998  -0.672573
-0.955520 -0.934987 -0.886276 -0.800998  -0.479699
-0.955520 -0.934987 -0.886276 -0.885973  -0.298174
-1.034494 -0.934987 -0.886276 -0.885973  -0.532860
-1.034494 -1.007848 -0.886276 -0.885973  -0.739220
-1.034494 -1.007848 -0.953070 -0.885973  -0.569665
-1.034494 -1.007848 -0.953070 -0.946687  -0.416672
-1.089113 -1.007848 -0.953070 -0.946687  -0.601448
-1.089113 -1.056219 -0.953070 -0.946687  -0.756037
-1.089113 -1.056219 -0.969874 -0.946687  -0.709432
-1.089113 -1.056219 -0.969874 -0.957169  -0.680935
-1.093575 -1.056219 -0.969874 -0.957169  -0.696879
-1.093575 -1.054453 -0.969874 -0.957169  -0.690979
-1.093575 -1.054453 -0.962062 -0.957169  -0.712849
-1.093575 -1.054453 -0.962062 -0.943219  -0.750634
-1.073287 -1.054453 -0.962062 -0.943219  -0.679190
-1.073287 -1.028117 -0.962062 -0.943219  -0.593519
-1.073287 -1.028117 -0.929915 -0.943219  -0.679830
-1.073287 -1.028117 -0.929915 -0.904978  -0.777813
-1.028971 -1.028117 -0.929915 -0.904978  -0.630900
-1.028971 -0.977818 -0.929915 -0.904978  -0.479075
-1.028971 -0.977818 -0.873470 -0.904978  -0.616799
-1.028971 -0.977818 -0.873470 -0.842138  -0.760721
-0.959947 -0.977818 -0.873470 -0.842138  -0.555855
-0.959947 -0.902898 -0.873470 -0.842138  -0.356999
-0.959947 -0.902898 -0.792559 -0.842138  -0.525567
-0.959947 -0.902898 -0.792559 -0.755317  -0.691897
-0.867012 -0.902898 -0.792559 -0.755317  -0.459049
-0.867012 -0.804181 -0.792559 -0.755317  -0.243053
-0.867012 -0.804181 -0.888036 -0.755317  -0.040586
-0.867012 -0.804181 -0.888036 -0.844921  0.131685
-0.950731 -0.804181 -0.888036 -0.844921  -0.075928
-0.950731 -0.881718 -0.888036 -0.844921  -0.241331
-0.950731 -0.881718 -0.959574 -0.844921  -0.058085
-0.950731 -0.881718 -0.959574 -0.910558  0.093690
-1.010267 -0.881718 -0.959574 -0.910558  -0.078075
-1.010267 -0.935297 -0.959574 -0.910558  -0.210784
-1.010267 -0.935297 -1.007268 -0.910558  -0.072380
-1.010267 -0.935297 -1.007268 -0.952246  0.036132
-1.045785 -0.935297 -1.007268 -0.952246  -0.076488
-1.045785 -0.964720 -1.007268 -0.952246  -0.156158
-1.045785 -0.964720 -1.030562 -0.952246  -0.083602
-1.045785 -0.964720 -1.030562 -0.969695  -0.035258
-1.057155 -0.964720 -1.030562 -0.969695  -0.072971
-1.057155 -0.969942 -1.030562 -0.969695  -0.087630
-1.057155 -0.969942 -1.029532 -0.969695  -0.090908
-1.057155 -0.969942 -1.029532 -0.962434  -0.111238
-1.043666 -0.969942 -1.029532 -0.962434  -0.066586
-1.043666 -0.950485 -1.029532 -0.962434  -0.012768
-1.043666 -0.950485 -1.003885 -0.962434  -0.092306
-1.043666 -0.950485 -1.003885 -0.930612  -0.177842
-1.005378 -0.950485 -1.003885 -0.930612  -0.057261
-1.005378 -0.906137 -1.003885 -0.930612  0.057415
-1.005378 -0.906137 -0.953446 -0.930612  -0.087548
-1.005378 -0.906137 -0.953446 -0.874186  -0.225441
-0.943033 -0.906137 -0.953446 -0.874186  -0.047870
-0.943033 -0.837848 -0.953446 -0.874186  0.107982
-0.943033 -0.837848 -0.879285 -0.874186  -0.078945
-0.943033 -0.837848 -0.879285 -0.793911  -0.246601
-0.856677 -0.837848 -0.879285 -0.793911  -0.036662
-0.856677 -0.745782 -0.879285 -0.793911  0.136702
-0.856677 -0.745782 -0.781304 -0.793911  -0.066175
-0.856677 -0.745782 -0.781304 -0.889867  0.138080
-0.946477 -0.745782 -0.781304 -0.889867  -0.081080
-0.946477 -0.829396 -0.781304 -0.889867  -0.236823
-0.946477 -0.829396 -0.858785 -0.889867  -0.080394
-0.946477 -0.829396 -0.858785 -0.961619  0.104174
-1.012256 -0.829396 -0.858785 -0.961619  -0.085176
-1.012256 -0.889333 -0.858785 -0.961619  -0.218020
-1.012256 -0.889333 -0.912878 -0.961619  -0.090640
-1.012256 -0.889333 -0.912878 -1.009863  0.050021
-1.054685 -0.889333 -0.912878 -1.009863  -0.085947
-1.054685 -0.925880 -0.912878 -1.009863  -0.176279
-1.054685 -0.925880 -0.943298 -1.009863  -0.097665
-1.054685 -0.925880 -0.943298 -1.034239  -0.021272
-1.072980 -0.925880 -0.943298 -1.034239  -0.083390
-1.072980 -0.937697 -0.943298 -1.034239  -0.114169
-1.072980 -0.937697 -0.948928 -1.034239  -0.099048
-1.072980 -0.937697 -0.948928 -1.033922  -0.100067
-1.066553 -0.937697 -0.948928 -1.033922  -0.078002
-1.066553 -0.925399 -0.948928 -1.033922  -0.045986
-1.066553 -0.925399 -0.930535 -1.033922  -0.094716
-1.066553 -0.925399 -0.930535 -1.009333  -0.171711
-1.035808 -0.925399 -0.930535 -1.009333  -0.069787
-1.035808 -0.888900 -0.930535 -1.009333  0.020332
-1.035808 -0.888900 -0.887894 -1.009333  -0.085437
-1.035808 -0.888900 -0.887894 -0.960649  -0.227168
-0.980921 -0.888900 -0.887894 -0.960649  -0.059698
-0.980921 -0.827831 -0.887894 -0.960649  0.075344
-0.980921 -0.827831 -0.796716 -0.960649  -0.118912
-0.980921 -0.827831 -0.796716 -0.861871  -0.365227
-1.075987 -0.827831 -0.796716 -0.861871  -0.667101
-1.075987 -0.916765 -0.796716 -0.861871  -0.870285
-1.075987 -0.916765 -0.879440 -0.861871  -0.695835
-1.075987 -0.916765 -0.879440 -0.938561  -0.509277
-1.146611 -0.916765 -0.879440 -0.938561  -0.771024
-1.146611 -0.981289 -0.879440 -0.938561  -0.945433
-1.146611 -0.981289 -0.937902 -0.938561  -0.800570
-1.146611 -0.981289 -0.937902 -0.991170  -0.653601
-1.193011 -0.981289 -0.937902 -0.991170  -0.844115
-1.193011 -1.021404 -0.937902 -0.991170  -0.964802
-1.193011 -1.021404 -0.971689 -0.991170  -0.872388
-1.193011 -1.021404 -0.971689 -1.018691  -0.789003
-1.214329 -1.021404 -0.971689 -1.018691  -0.881664
-1.214329 -1.036807 -0.971689 -1.018691  -0.930602
-1.214329 -1.036807 -0.981176 -1.018691  -0.903465
-1.214329 -1.036807 -0.981176 -1.022231  -0.892406
-1.212030 -1.036807 -0.981176 -1.022231  -0.882256
-1.212030 -1.028579 -0.981176 -1.022231  -0.855932
-1.212030 -1.028579 -0.967157 -1.022231  -0.895846
-1.212030 -1.028579 -0.967157 -1.002182  -0.957472
-1.185996 -1.028579 -0.967157 -1.002182  -0.845183
-1.185996 -0.996739 -0.967157 -1.002182  -0.747221
-1.185996 -0.996739 -0.929430 -1.002182  -0.849014
-1.185996 -0.996739 -0.929430 -0.958389  -0.975284
-1.135629 -0.996739 -0.929430 -0.958389  -0.771647
-1.135629 -0.940415 -0.929430 -0.958389  -0.613082
-1.135629 -0.940415 -0.867081 -0.958389  -0.764063
-1.135629 -0.940415 -0.867081 -0.889983  -0.939426
-1.061365 -0.940415 -0.867081 -0.889983  -0.670482
-1.061365 -0.860502 -0.867081 -0.889983  -0.475968
-1.061365 -0.860502 -0.781542 -0.889983  -0.650492
-1.061365 -0.860502 -0.781542 -0.798510  -0.846275
-0.963580 -0.860502 -0.781542 -0.798510  -0.545322
-0.963580 -0.956645 -0.781542 -0.798510  -0.783645
-0.963580 -0.956645 -0.871410 -0.798510  -0.599307
-0.963580 -0.956645 -0.871410 -0.882379  -0.421439
-1.041229 -0.956645 -0.871410 -0.882379  -0.655626
-1.041229 -1.028171 -0.871410 -0.882379  -0.867050
-1.041229 -1.028171 -0.936689 -0.882379  -0.706921
-1.041229 -1.028171 -0.936689 -0.941724  -0.558773
-1.094484 -1.028171 -0.936689 -0.941724  -0.740992
-1.094484 -1.075146 -0.936689 -0.941724  -0.896878
-1.094484 -1.075146 -0.977753 -0.941724  -0.783982
-1.094484 -1.075146 -0.977753 -0.976816  -0.687095
-1.123680 -1.075146 -0.977753 -0.976816  -0.794841
-1.123680 -1.098300 -0.977753 -0.976816  -0.876878
-1.123680 -1.098300 -0.994755 -0.976816  -0.827265
-1.123680 -1.098300 -0.994755 -0.987804  -0.795458
-1.128364 -1.098300 -0.994755 -0.987804  -0.813276
-1.128364 -1.096618 -0.994755 -0.987804  -0.807199
-1.128364 -1.096618 -0.986992 -0.987804  -0.830065
-1.128364 -1.096618 -0.986992 -0.973908  -0.870171
-1.108387 -1.096618 -0.986992 -0.973908  -0.795211
-1.108387 -1.070698 -0.986992 -0.973908  -0.703891
-1.108387 -1.070698 -0.955322 -0.973908  -0.793506
-1.108387 -1.070698 -0.955322 -0.936073  -0.897036
-1.064186 -1.070698 -0.955322 -0.936073  -0.740541
-1.064186 -1.020327 -0.955322 -0.936073  -0.575327
-1.064186 -1.020327 -0.898832 -0.936073  -0.721027
-1.064186 -1.020327 -0.898832 -0.873411  -0.874965
-0.995322 -1.020327 -0.898832 -0.873411  -0.655812
-0.995322 -0.945551 -0.898832 -0.873411  -0.438970
-0.995322 -0.945551 -0.818347 -0.873411  -0.617097
-0.995322 -0.945551 -0.818347 -0.787001  -0.795931
-0.902788 -0.945551 -0.818347 -0.787001  -0.545696
-0.902788 -0.847297 -0.818347 -0.787001  -0.308594
-0.902788 -0.847297 -0.914111 -0.787001  -0.092803
-0.902788 -0.847297 -0.914111 -0.876855  0.093944
-0.986771 -0.847297 -0.914111 -0.876855  -0.131096
-0.986771 -0.925250 -0.914111 -0.876855  -0.314906
-0.986771 -0.925250 -0.985974 -0.876855  -0.120228
-0.986771 -0.925250 -0.985974 -0.942690  0.043316
-1.046511 -0.925250 -0.985974 -0.942690  -0.141971
-1.046511 -0.978846 -0.985974 -0.942690  -0.287747
-1.046511 -0.978846 -1.033447 -0.942690  -0.142523
-1.046511 -0.978846 -1.033447 -0.984320  -0.026565
-1.082183 -0.978846 -1.033447 -0.984320  -0.147809
-1.082183 -1.008603 -1.033447 -0.984320  -0.235969
-1.082183 -1.008603 -1.057076 -0.984320  -0.158517
-1.082183 -1.008603 -1.057076 -0.977910  -0.177028
-1.069549 -1.008603 -1.057076 -0.977910  -0.133158
-1.069549 -0.990301 -1.057076 -0.977910  -0.078311
-1.069549 -0.990301 -1.032922 -0.977910  -0.157445
-1.069549 -0.990301 -1.032922 -0.911052  -0.336441
-0.996145 -0.990301 -1.032922 -0.911052  -0.101426
-0.996145 -0.910812 -1.032922 -0.911052  0.114170
-0.996145 -0.910812 -0.947119 -0.911052  -0.138283
-0.996145 -0.910812 -0.947119 -0.819173  -0.344769
-0.898223 -0.910812 -0.947119 -0.819173  -0.080979
-0.898223 -0.971688 -0.947119 -0.819173  -0.242836
-0.898223 -0.971688 -1.001373 -0.819173  -0.088310
-0.898223 -0.971688 -1.001373 -0.866768  0.013180
-0.939115 -0.971688 -1.001373 -0.866768  -0.090371
-0.939115 -1.005946 -1.001373 -0.866768  -0.190868
-0.939115 -1.005946 -1.029155 -0.866768  -0.104953
-0.939115 -1.005946 -1.029155 -0.888181  -0.055490
-0.954038 -1.005946 -1.029155 -0.888181  -0.095604
-0.954038 -1.014428 -1.029155 -0.888181  -0.121571
-0.954038 -1.014428 -1.031271 -0.888181  -0.114834
-0.954038 -1.014428 -1.031271 -0.884108  -0.124429
-0.943480 -1.014428 -1.031271 -0.884108  -0.095918
-0.943480 -0.997505 -1.031271 -0.884108  -0.044542
-0.943480 -0.997505 -1.007756 -0.884108  -0.117871
-0.943480 -0.997505 -1.007756 -0.845066  -0.205437
-0.897444 -0.997505 -1.007756 -0.845066  -0.088399
-0.897444 -0.945255 -1.007756 -0.845066  0.059544
-0.897444 -0.945255 -0.949353 -0.845066  -0.108278
-0.897444 -0.945255 -0.949353 -0.780350  -0.236580
-0.826130 -0.945255 -0.949353 -0.780350  -0.077600
-0.826130 -0.867111 -0.949353 -0.780350  0.115026
-0.826130 -0.867111 -0.864655 -0.780350  -0.094160
-0.826130 -0.867111 -0.864655 -0.689068  -0.242172
-0.728264 -0.867111 -0.864655 -0.689068  -0.064594
-0.728264 -0.963207 -0.864655 -0.689068  -0.306260
-0.728264 -0.963207 -0.954527 -0.689068  -0.083011
-0.728264 -0.963207 -0.954527 -0.773006  0.051710
-0.806074 -0.963207 -0.954527 -0.773006  -0.085793
-0.806074 -1.034783 -0.954527 -0.773006  -0.300184
-0.806074 -1.034783 -1.019786 -0.773006  -0.109333
-0.806074 -1.034783 -1.019786 -0.735282  -0.173709
-0.760127 -1.034783 -1.019786 -0.735282  -0.089154
-0.760127 -0.981849 -1.019786 -0.735282  0.072338
-0.760127 -0.981849 -0.959761 -0.735282  -0.104127
-0.760127 -0.981849 -0.959761 -0.668389  -0.203051
-0.686697 -0.981849 -0.959761 -0.668389  -0.087669
-0.686697 -0.901784 -0.959761 -0.668389  0.125517
-0.686697 -0.901784 -0.873367 -0.668389  -0.092379
-0.686697 -0.901784 -0.873367 -0.575645  -0.200228
-0.587563 -0.901784 -0.873367 -0.575645  -0.079260
-0.587563 -0.995726 -0.873367 -0.575645  -0.333148
-0.587563 -0.995726 -0.960834 -0.575645  -0.112284
-0.587563 -0.995726 -0.960834 -0.656946  -0.019511
-0.662551 -0.995726 -0.960834 -0.656946  -0.107509
-0.662551 -1.064168 -0.960834 -0.656946  -0.325396
-0.662551 -1.064168 -1.022568 -0.656946  -0.143195
-0.662551 -1.064168 -1.022568 -0.712149  -0.065548
-0.711189 -1.064168 -1.022568 -0.712149  -0.134417
-0.711189 -1.105904 -1.022568 -0.712149  -0.281846
-0.711189 -1.105904 -1.057628 -0.712149  -0.168053
-0.711189 -1.105904 -1.057628 -0.655060  -0.248135
-0.646854 -1.105904 -1.057628 -0.655060  -0.159079
-0.646854 -1.035151 -1.057628 -0.655060  0.084266
-0.646854 -1.035151 -0.980476 -0.655060  -0.156208
-0.646854 -1.035151 -0.980476 -0.570783  -0.251340
-0.555780 -1.035151 -0.980476 -0.570783  -0.152359
-0.555780 -0.937550 -0.980476 -0.570783  0.132737
-0.555780 -0.937550 -1.076044 -0.570783  0.436094
-0.555780 -0.937550 -1.076044 -0.659607  0.537119
-0.638106 -0.937550 -1.076044 -0.659607  0.448971
-0.638106 -1.013373 -1.076044 -0.659607  0.232421
-0.638106 -1.013373 -1.145350 -0.659607  0.489002
-0.638106 -1.013373 -1.145350 -0.722262  0.578797
-0.694206 -1.013373 -1.145350 -0.722262  0.504067
-0.694206 -1.063132 -1.145350 -0.722262  0.343120
-0.694206 -1.063132 -1.188507 -0.722262  0.519443
-0.694206 -1.063132 -1.188507 -0.759357  0.580528
-0.724736 -1.063132 -1.188507 -0.759357  0.534420
-0.724736 -1.086940 -1.188507 -0.759357  0.451870
-0.724736 -1.086940 -1.205636 -0.759357  0.525509
-0.724736 -1.086940 -1.205636 -0.770306  0.544725
-0.649098 -1.086940 -1.205636 -0.770306  0.651904
-0.649098 -1.004983 -1.205636 -0.770306  0.921034
-0.649098 -1.004983 -1.117670 -0.770306  0.564749
-0.649098 -1.004983 -1.117670 -0.675689  0.416161
-0.747731 -1.004983 -1.117670 -0.675689  0.271586
-0.747731 -1.097061 -1.117670 -0.675689  -0.033751
-0.747731 -1.097061 -1.202966 -0.675689  0.310915
-0.747731 -1.097061 -1.202966 -0.754572  0.432062
-0.820405 -1.097061 -1.202966 -0.754572  0.297936
-0.820405 -1.163261 -1.202966 -0.754572  0.044201
-0.820405 -1.163261 -1.262687 -0.754572  0.316556
-0.820405 -1.163261 -1.262687 -0.808179  0.414783
-0.867844 -1.163261 -1.262687 -0.808179  0.313347
-0.867844 -1.204540 -1.262687 -0.808179  0.139759
-0.867844 -1.204540 -1.297324 -0.808179  0.310019
-0.867844 -1.204540 -1.297324 -0.836546  0.367577
-0.889751 -1.204540 -1.297324 -0.836546  0.316819
-0.889751 -1.219996 -1.297324 -0.836546  0.248674
-0.889751 -1.219996 -1.306377 -0.836546  0.294703
-0.889751 -1.219996 -1.306377 -0.839545  0.301024
-0.886618 -1.219996 -1.306377 -0.839545  0.308438
-0.886618 -1.210707 -1.306377 -0.839545  0.349600
-0.886618 -1.210707 -1.290481 -0.839545  0.269201
-0.886618 -1.210707 -1.290481 -0.817260  0.223318
-0.857516 -1.210707 -1.290481 -0.817260  0.289721
-0.857516 -1.175462 -1.290481 -0.817260  0.440238
-0.857516 -1.175462 -1.249071 -0.817260  0.239920
-0.857516 -1.175462 -1.249071 -0.769133  0.149054
-0.802829 -1.175462 -1.249071 -0.769133  0.262163
-0.802829 -1.114618 -1.249071 -0.769133  0.501542
-0.802829 -1.114618 -1.182009 -0.769133  0.204208
-0.802829 -1.114618 -1.182009 -0.772354  0.209948
-0.762060 -1.114618 -1.182009 -0.772354  0.284845
-0.762060 -1.067155 -1.182009 -0.772354  0.454318
-0.762060 -1.067155 -1.128243 -0.772354  0.239057
-0.762060 -1.067155 -1.128243 -0.711834  0.139015
-0.695050 -1.067155 -1.128243 -0.711834  0.245795
-0.695050 -0.993847 -1.128243 -0.711834  0.479440
-0.695050 -0.993847 -1.048507 -0.711834  0.195958
-0.695050 -0.993847 -1.048507 -0.625639  0.080156
-0.601863 -0.993847 -1.048507 -0.625639  0.197914
-0.601863 -0.894095 -1.048507 -0.625639  0.464823
-0.601863 -0.894095 -1.142419 -0.625639  0.803123
-0.601863 -0.894095 -1.142419 -0.713289  0.921142
-0.683138 -0.894095 -1.142419 -0.713289  0.820355
-0.683138 -0.969085 -1.142419 -0.713289  0.625006
-0.683138 -0.969085 -1.210849 -0.713289  0.909305
-0.683138 -0.969085 -1.210849 -0.775524  1.012827
-0.738691 -0.969085 -1.210849 -0.775524  0.928554
-0.738691 -1.018064 -1.210849 -0.775524  0.783471
-0.738691 -1.018064 -1.253102 -0.775524  0.975879
-0.738691 -1.018064 -1.253102 -0.811320  1.043494
-0.768050 -1.018064 -1.253102 -0.811320  0.993497
-0.768050 -1.040756 -1.253102 -0.811320  0.921356
-0.768050 -1.040756 -1.269005 -0.811320  0.997226
-0.768050 -1.040756 -1.269005 -0.820749  1.016063
-0.770919 -1.040756 -1.269005 -0.820749  1.010967
-0.770919 -1.036960 -1.269005 -0.820749  1.023257
-0.770919 -1.036960 -1.258948 -0.820749  0.975055
-0.770919 -1.036960 -1.258948 -0.804333  0.942537
-0.747833 -1.036960 -1.258948 -0.804333  0.982479
-0.747833 -1.007322 -1.258948 -0.804333  1.075377
-0.747833 -1.007322 -1.223150 -0.804333  0.909957
-0.747833 -1.007322 -1.223150 -0.761874  0.831825
-0.698835 -1.007322 -1.223150 -0.761874  0.908764
-0.698835 -0.952063 -1.223150 -0.761874  1.067919
-0.698835 -0.952063 -1.161539 -0.761874  0.805086
-0.698835 -0.952063 -1.161539 -0.693941  0.697025
-0.624503 -0.952063 -1.161539 -0.693941  0.794756
-0.624503 -0.871751 -1.161539 -0.693941  0.995244
-0.624503 -0.871751 -1.075073 -0.693941  0.670677
-0.624503 -0.871751 -1.075073 -0.601006  0.553595
-0.525250 -0.871751 -1.075073 -0.601006  0.652243
-0.525250 -0.966141 -1.075073 -0.601006  0.412905
-0.525250 -0.966141 -1.162790 -0.601006  0.742539
-0.525250 -0.966141 -1.162790 -0.682239  0.842999
-0.600094 -0.966141 -1.162790 -0.682239  0.771808
-0.600094 -1.034453 -1.162790 -0.682239  0.566671
-0.600094 -1.034453 -1.224751 -0.682239  0.831632
-0.600094 -1.034453 -1.224751 -0.738195  0.916349
-0.649907 -1.034453 -1.224751 -0.738195  0.857943
-0.649907 -1.032764 -1.224751 -0.738195  0.863355
-0.649907 -1.032764 -1.214834 -0.738195  0.819087
-0.649907 -1.032764 -1.214834 -0.721860  0.792969
-0.626912 -1.032764 -1.214834 -0.721860  0.821088
-0.626912 -1.003489 -1.214834 -0.721860  0.912133
-0.626912 -1.003489 -1.179089 -0.721860  0.758486
-0.626912 -1.003489 -1.179089 -0.679654  0.696291
-0.578403 -1.003489 -1.179089 -0.679654  0.749174
-0.578403 -0.948838 -1.179089 -0.679654  0.905446
-0.578403 -0.948838 -1.118271 -0.679654  0.664646
-0.578403 -0.948838 -1.118271 -0.612480  0.580455
-0.504646 -0.948838 -1.118271 -0.612480  0.645443
-0.504646 -0.869028 -1.118271 -0.612480  0.843377
-0.504646 -0.869028 -1.032171 -0.612480  0.544599
-0.504646 -0.869028 -1.032171 -0.519868  0.455339
-0.405772 -0.869028 -1.032171 -0.519868  0.517045
-0.405772 -0.963941 -1.032171 -0.519868  0.277664
-0.405772 -0.963941 -1.120572 -0.519868  0.585094
-0.405772 -0.963941 -1.120572 -0.602031  0.662794
-0.481859 -0.963941 -1.120572 -0.602031  0.617723
-0.481859 -1.033545 -1.120572 -0.602031  0.409353
-0.481859 -1.033545 -1.183578 -0.602031  0.660294
-0.481859 -1.033545 -1.183578 -0.658879  0.728126
-0.532238 -1.033545 -1.183578 -0.658879  0.689238
-0.532238 -1.077363 -1.183578 -0.658879  0.542777
-0.532238 -1.077363 -1.220951 -0.658879  0.704850
-0.532238 -1.077363 -1.220951 -0.689900  0.747183
-0.556979 -1.077363 -1.220951 -0.689900  0.725165
-0.556979 -1.095535 -1.220951 -0.689900  0.660815
-0.556979 -1.095535 -1.232553 -0.689900  0.713197
-0.556979 -1.095535 -1.232553 -0.695175  0.720787
-0.556012 -1.095535 -1.232553 -0.695175  0.721685
-0.556012 -1.088550 -1.232553 -0.695175  0.746677
-0.556012 -1.088550 -1.219381 -0.695175  0.687287
-0.556012 -1.088550 -1.219381 -0.675467  0.659517
-0.529797 -1.088550 -1.219381 -0.675467  0.682701
-0.529797 -1.056097 -1.219381 -0.675467  0.794659
-0.529797 -1.056097 -1.180862 -0.675467  0.628207
-0.529797 -1.056097 -1.180862 -0.630801  0.571023
-0.478769 -1.056097 -1.180862 -0.630801  0.609985
-0.478769 -0.998823 -1.180862 -0.630801  0.791422
-0.478769 -0.998823 -1.117312 -0.630801  0.539624
-0.478769 -0.998823 -1.117312 -0.560767  0.464961
-0.401947 -0.998823 -1.117312 -0.560767  0.509766
-0.401947 -0.915712 -1.117312 -0.560767  0.738388
-0.401947 -0.915712 -1.027884 -0.560767  0.429556
-0.401947 -0.915712 -1.027884 -0.465040  0.353788
-0.499693 -0.915712 -1.027884 -0.465040  0.293957
-0.499693 -1.006997 -1.027884 -0.465040  0.040667
-0.499693 -1.006997 -1.112495 -0.465040  0.331537
-0.499693 -1.006997 -1.112495 -0.543111  0.391167
-0.571341 -1.006997 -1.112495 -0.543111  0.329433
-0.571341 -1.072090 -1.112495 -0.543111  0.118338
-0.571341 -1.072090 -1.170981 -0.543111  0.347107
-0.571341 -1.072090 -1.170981 -0.594952  0.397499
-0.616702 -1.072090 -1.170981 -0.594952  0.349458
-0.616702 -1.110944 -1.170981 -0.594952  0.210571
-0.616702 -1.110944 -1.203497 -0.594952  0.348077
-0.616702 -1.110944 -1.203497 -0.621183  0.377178
-0.636511 -1.110944 -1.203497 -0.621183  0.353843
-0.636511 -1.124529 -1.203497 -0.621183  0.302923
-0.636511 -1.124529 -1.210812 -0.621183  0.334903
-0.636511 -1.124529 -1.210812 -0.622314  0.336214
-0.631257 -1.124529 -1.210812 -0.622314  0.342548
-0.631257 -1.113042 -1.210812 -0.622314  0.385682
-0.631257 -1.113042 -1.193230 -0.622314  0.309470
-0.631257 -1.113042 -1.193230 -0.598068  0.282384
-0.600290 -1.113042 -1.193230 -0.598068  0.317617
-0.600290 -1.075516 -1.193230 -0.598068  0.452439
-0.600290 -1.075516 -1.149328 -0.598068  0.271731
-0.600290 -1.075516 -1.149328 -0.547639  0.222052
-0.543263 -1.075516 -1.149328 -0.547639  0.278030
-0.543263 -1.012099 -1.149328 -0.547639  0.485376
-0.543263 -1.012099 -1.079480 -0.547639  0.225059
-0.543263 -1.012099 -1.079480 -0.471160  0.165411
-0.460120 -1.012099 -1.079480 -0.471160  0.228335
-0.460120 -0.922615 -1.079480 -0.471160  0.479728
-0.460120 -0.922615 -0.983790 -0.471160  0.173991
-0.460120 -0.922615 -0.983790 -0.568736  0.253360
-0.551202 -0.922615 -0.983790 -0.568736  0.183304
-0.551202 -1.007341 -0.983790 -0.568736  -0.053534
-0.551202 -1.007341 -1.061762 -0.568736  0.191277
-0.551202 -1.007341 -1.061762 -0.611379  0.235837
-0.585802 -1.007341 -1.061762 -0.611379  0.202280
-0.585802 -1.035191 -1.061762 -0.611379  0.115132
-0.585802 -1.035191 -1.083104 -0.611379  0.188771
-0.585802 -1.035191 -1.083104 -0.626541  0.206199
-0.594820 -1.035191 -1.083104 -0.626541  0.196770
-0.594820 -1.037764 -1.083104 -0.626541  0.188479
-0.594820 -1.037764 -1.079502 -0.626541  0.175843
-0.594820 -1.037764 -1.079502 -0.616692  0.164425
-0.578378 -1.037764 -1.079502 -0.616692  0.181400
-0.578378 -1.014908 -1.079502 -0.616692  0.253628
-0.578378 -1.014908 -1.050404 -0.616692  0.154621
-0.578378 -1.014908 -1.050404 -0.581291  0.116505
-0.536317 -1.014908 -1.050404 -0.581291  0.155721
-0.536317 -0.966387 -1.050404 -0.581291  0.298603
-0.536317 -0.966387 -0.995555 -0.581291  0.126364
-0.536317 -0.966387 -0.995555 -0.519816  0.070404
-0.467997 -0.966387 -0.995555 -0.519816  0.122167
-0.467997 -0.891792 -0.995555 -0.519816  0.315445
-0.467997 -0.891792 -0.914883 -0.519816  0.094489
-0.467997 -0.891792 -0.914883 -0.432822  0.035113
-0.374562 -0.891792 -0.914883 -0.432822  0.085064
-0.374562 -0.792248 -0.914883 -0.432822  0.297040
-0.374562 -0.792248 -1.009243 -0.432822  0.559261
