0.494635 0.494783 0.494892  0.120939
0.442913 0.443136 0.443207  0.086845
0.421040 0.421110 0.421191  0.074596
-0.016110 -0.016053 -0.015983  -0.000004
0.410073 0.410134 0.410211  0.068919
0.739447 0.739508 0.739579  0.404201
0.746145 0.746201 0.746283  0.415267
0.006008 0.006064 0.006145  0.000000
0.019078 0.032209 0.032290  0.000007
0.051089 0.051157 0.070175  -0.000078
0.094496 0.094553 0.094634  0.000842
0.029629 0.029695 0.029776  0.000026
0.034690 0.034762 0.034827  0.000042
0.040054 0.040126 0.040192  0.000064
0.044693 0.044750 0.044831  0.000089
0.049632 0.049693 0.049763  0.000122
0.054517 0.054578 0.054659  0.000161
0.059388 0.059449 0.059526  0.000209
0.064037 0.064103 0.064179  0.000262
0.068822 0.068899 0.068965  0.000325
0.142606 0.142720 0.142791  0.002896
0.222205 0.222286 0.222357  0.010961
0.307140 0.307212 0.307283  0.028954
0.089911 0.089967 0.090049  0.000725
0.514538 0.514610 0.514675  0.136171
0.643400 0.643466 0.643538  0.266255
0.650311 0.650378 0.650448  0.274930
-0.089357 -0.089285 -0.089215  -0.000715
-0.172836 -0.256250 -0.256173  -0.005178
-0.333478 -0.333412 -0.410497  -0.004976
-0.482835 -0.482753 -0.482688  -0.112609
-0.067329 -0.067262 -0.067191  -0.000306
-0.061832 -0.061760 -0.061689  -0.000237
-0.056291 -0.056225 -0.056148  -0.000179
-0.051277 -0.051221 -0.051139  -0.000135
-0.046396 -0.046331 -0.046259  -0.000100
-0.041051 -0.040990 -0.040913  -0.000070
-0.035558 -0.035486 -0.035421  -0.000045
-0.030279 -0.030218 -0.030141  -0.000028
-0.025333 -0.025256 -0.025195  -0.000016
-0.045855 -0.045774 -0.045708  -0.000097
-0.061016 -0.060946 -0.060869  -0.000228
-0.070904 -0.070837 -0.070767  -0.000358
-0.004704 -0.004627 -0.004561  -0.000000
0.420114 0.420170 0.420252  0.074105
0.749297 0.749374 0.749435  0.420587
0.756299 0.756375 0.756441  0.432481
0.016404 0.016465 0.016542  0.000004
0.038936 0.061540 0.061606  0.000058
0.089456 0.089517 0.117561  -0.000192
0.150960 0.151017 0.151087  0.003435
0.038432 0.038493 0.038574  0.000056
0.043602 0.043668 0.043745  0.000082
0.048459 0.048520 0.048602  0.000113
0.053405 0.053477 0.053543  0.000152
0.058012 0.058073 0.058154  0.000194
0.062641 0.062713 0.062783  0.000245
0.067527 0.067588 0.067649  0.000307
0.072550 0.072607 0.072688  0.000381
0.077379 0.077436 0.077506  0.000462
0.159611 0.159681 0.159758  0.004060
0.247258 0.247319 0.247396  0.015102
0.340052 0.340119 0.340190  0.039298
0.097684 0.097761 0.097822  0.000930
0.322908 0.322980 0.323051  0.033648
0.651699 0.651766 0.651837  0.276694
0.658165 0.658221 0.658303  0.284999
-0.081772 -0.081706 -0.081640  -0.000548
-0.147711 -0.213575 -0.213489  -0.003235
-0.273690 -0.273629 -0.333606  -0.003860
-0.387873 -0.387801 -0.387735  -0.058383
-0.049044 -0.048987 -0.048906  -0.000119
-0.043883 -0.043822 -0.043756  -0.000085
-0.038988 -0.038918 -0.038846  -0.000060
-0.033767 -0.033694 -0.033624  -0.000039
-0.028714 -0.028653 -0.028582  -0.000024
-0.023957 -0.023891 -0.023819  -0.000014
-0.019156 -0.019095 -0.019025  -0.000007
-0.014157 -0.014096 -0.014030  -0.000003
-0.009012 -0.008940 -0.008874  -0.000001
