-0.087434 -0.931024 -0.930218 -0.929858  0.801225
-0.098111 -0.931024 -0.930218 -0.929858  0.800949
-0.098111 -0.912070 -0.930218 -0.929858  0.849239
-0.098111 -0.912070 -0.904438 -0.929858  0.784155
-0.098111 -0.912070 -0.904438 -0.897543  0.703213
-0.059667 -0.912070 -0.904438 -0.897543  0.703945
-0.059667 -0.867631 -0.904438 -0.897543  0.809533
-0.059667 -0.867631 -0.854331 -0.897543  0.693255
-0.059667 -0.867631 -0.854331 -0.841360  0.565796
0.002783 -0.867631 -0.854331 -0.841360  0.566008
0.002783 -0.798409 -0.854331 -0.841360  0.710196
0.002783 -0.798409 -0.779103 -0.841360  0.559552
0.002783 -0.798409 -0.779103 -0.759938  0.402833
0.090038 -0.798409 -0.779103 -0.759938  0.403563
0.090038 -0.705299 -0.779103 -0.759938  0.561665
0.090038 -0.705299 -0.680325 -0.759938  0.403632
0.090038 -0.705299 -0.680325 -0.855097  0.590005
0.000969 -0.705299 -0.680325 -0.855097  0.589275
0.000969 -0.788013 -0.680325 -0.855097  0.450794
0.000969 -0.788013 -0.757138 -0.855097  0.569947
0.000969 -0.788013 -0.757138 -0.925986  0.738695
-0.064035 -0.788013 -0.757138 -0.925986  0.738432
-0.064035 -0.846954 -0.757138 -0.925986  0.620214
-0.064035 -0.846954 -0.810178 -0.925986  0.717970
-0.064035 -0.846954 -0.810178 -0.973041  0.845265
-0.104980 -0.846954 -0.810178 -0.973041  0.844371
-0.104980 -0.881795 -0.810178 -0.973041  0.766267
-0.104980 -0.881795 -0.838990 -0.973041  0.825043
-0.104980 -0.881795 -0.838990 -0.995747  0.891056
-0.121511 -0.881795 -0.838990 -0.995747  0.890419
-0.121511 -0.892346 -0.838990 -0.995747  0.865512
-0.121511 -0.892346 -0.843501 -0.995747  0.875091
-0.121511 -0.892346 -0.843501 -0.994306  0.870811
-0.114057 -0.892346 -0.843501 -0.994306  0.871121
-0.114057 -0.878957 -0.843501 -0.994306  0.902627
-0.114057 -0.878957 -0.824396 -0.994306  0.862764
-0.114057 -0.878957 -0.824396 -0.969159  0.790050
-0.082918 -0.878957 -0.824396 -0.969159  0.790964
-0.082918 -0.841970 -0.824396 -0.969159  0.873131
-0.082918 -0.841970 -0.781499 -0.969159  0.790141
-0.082918 -0.841970 -0.781499 -0.920419  0.659591
-0.028215 -0.841970 -0.781499 -0.920419  0.660139
-0.028215 -0.781248 -0.781499 -0.920419  0.780190
-0.028215 -0.781248 -0.714782 -0.920419  0.668088
-0.028215 -0.781248 -0.714782 -0.847810  0.497725
0.050312 -0.781248 -0.714782 -0.847810  0.497875
0.050312 -0.696866 -0.714782 -0.847810  0.636294
0.050312 -0.696866 -0.624585 -0.847810  0.514758
0.050312 -0.696866 -0.624585 -0.751651  0.330035
-0.047571 -0.696866 -0.624585 -0.751651  0.329800
-0.047571 -0.788403 -0.624585 -0.751651  0.178160
-0.047571 -0.788403 -0.710103 -0.751651  0.292572
-0.047571 -0.788403 -0.710103 -0.821692  0.422692
-0.111594 -0.788403 -0.710103 -0.821692  0.421410
-0.111594 -0.846386 -0.710103 -0.821692  0.305139
-0.111594 -0.846386 -0.761987 -0.821692  0.389500
-0.111594 -0.846386 -0.761987 -0.867461  0.487468
-0.151249 -0.846386 -0.761987 -0.867461  0.485397
-0.151249 -0.880008 -0.761987 -0.867461  0.410233
-0.151249 -0.880008 -0.789637 -0.867461  0.460164
-0.151249 -0.880008 -0.789637 -0.889287  0.510685
-0.167222 -0.880008 -0.789637 -0.889287  0.509469
-0.167222 -0.889970 -0.789637 -0.889287  0.486061
-0.167222 -0.889970 -0.793604 -0.889287  0.493519
-0.167222 -0.889970 -0.793604 -0.887126  0.488406
-0.158904 -0.889970 -0.793604 -0.887126  0.489069
-0.158904 -0.875685 -0.793604 -0.887126  0.522471
-0.158904 -0.875685 -0.773727 -0.887126  0.485849
-0.158904 -0.875685 -0.773727 -0.861419  0.426897
-0.127293 -0.875685 -0.773727 -0.861419  0.428847
-0.127293 -0.837997 -0.773727 -0.861419  0.511868
-0.127293 -0.837997 -0.730267 -0.861419  0.438117
-0.127293 -0.837997 -0.730267 -0.812090  0.334473
-0.071623 -0.837997 -0.730267 -0.812090  0.336169
-0.071623 -0.775938 -0.730267 -0.812090  0.457466
-0.071623 -0.775938 -0.662251 -0.812090  0.358469
-0.071623 -0.775938 -0.662251 -0.738088  0.224995
0.008432 -0.775938 -0.662251 -0.738088  0.225363
0.008432 -0.689746 -0.662251 -0.738088  0.364394
0.008432 -0.689746 -0.570181 -0.738088  0.259316
0.008432 -0.689746 -0.570181 -0.640261  0.119689
-0.087730 -0.689746 -0.570181 -0.640261  0.119013
-0.087730 -0.779537 -0.570181 -0.640261  -0.026549
-0.087730 -0.779537 -0.624081 -0.640261  0.031147
-0.087730 -0.779537 -0.624081 -0.687475  0.093597
-0.128905 -0.779537 -0.624081 -0.687475  0.092130
-0.128905 -0.813133 -0.624081 -0.687475  0.028207
-0.128905 -0.813133 -0.651642 -0.687475  0.061854
-0.128905 -0.813133 -0.651642 -0.709207  0.093652
-0.144736 -0.813133 -0.651642 -0.709207  0.092761
-0.144736 -0.823153 -0.651642 -0.709207  0.072639
-0.144736 -0.823153 -0.655724 -0.709207  0.077872
-0.144736 -0.823153 -0.655724 -0.707488  0.075284
-0.136984 -0.823153 -0.655724 -0.707488  0.075746
-0.136984 -0.809772 -0.655724 -0.707488  0.102508
-0.136984 -0.809772 -0.636574 -0.707488  0.078520
-0.136984 -0.809772 -0.636574 -0.681872  0.041431
-0.105212 -0.809772 -0.636574 -0.681872  0.042837
-0.105212 -0.772085 -0.636574 -0.681872  0.113578
-0.105212 -0.772085 -0.593168 -0.681872  0.064326
-0.105212 -0.772085 -0.593168 -0.632485  0.000306
-0.049648 -0.772085 -0.593168 -0.632485  0.001349
-0.049648 -0.710203 -0.593168 -0.632485  0.103382
-0.049648 -0.710203 -0.525261 -0.632485  0.039596
-0.049648 -0.710203 -0.525261 -0.558579  -0.039139
0.030386 -0.710203 -0.525261 -0.558579  -0.038988
0.030386 -0.624168 -0.525261 -0.558579  0.076063
0.030386 -0.624168 -0.433402 -0.558579  0.012553
0.030386 -0.624168 -0.433402 -0.460852  -0.063852
-0.065678 -0.624168 -0.433402 -0.460852  -0.064163
-0.065678 -0.714146 -0.433402 -0.460852  -0.185214
-0.065678 -0.714146 -0.517114 -0.460852  -0.128343
-0.065678 -0.714146 -0.517114 -0.538313  -0.070228
-0.137030 -0.714146 -0.517114 -0.538313  -0.072518
-0.137030 -0.779061 -0.517114 -0.538313  -0.181141
-0.137030 -0.779061 -0.575815 -0.538313  -0.128501
-0.137030 -0.779061 -0.575815 -0.591043  -0.078025
-0.183608 -0.779061 -0.575815 -0.591043  -0.081641
-0.183608 -0.819635 -0.575815 -0.591043  -0.159433
-0.183608 -0.819635 -0.610289 -0.591043  -0.123048
-0.183608 -0.819635 -0.610289 -0.619705  -0.091530
-0.206237 -0.819635 -0.610289 -0.619705  -0.094112
-0.206237 -0.836454 -0.610289 -0.619705  -0.128710
-0.206237 -0.836454 -0.621174 -0.619705  -0.116329
-0.206237 -0.836454 -0.621174 -0.624784  -0.110429
-0.205345 -0.836454 -0.621174 -0.624784  -0.110316
-0.205345 -0.829518 -0.621174 -0.624784  -0.095879
-0.205345 -0.829518 -0.608134 -0.624784  -0.110659
-0.205345 -0.829518 -0.608134 -0.605705  -0.132326
-0.180257 -0.829518 -0.608134 -0.605705  -0.129524
-0.180257 -0.798748 -0.608134 -0.605705  -0.068333
-0.180257 -0.798748 -0.571582 -0.605705  -0.106498
-0.180257 -0.798748 -0.571582 -0.563343  -0.149939
-0.131884 -0.798748 -0.571582 -0.563343  -0.146376
-0.131884 -0.744717 -0.571582 -0.563343  -0.049797
-0.131884 -0.744717 -0.511731 -0.563343  -0.102531
-0.131884 -0.744717 -0.511731 -0.497282  -0.158338
-0.059729 -0.744717 -0.511731 -0.497282  -0.156257
-0.059729 -0.666613 -0.511731 -0.497282  -0.039459
-0.059729 -0.666613 -0.427576 -0.497282  -0.095295
-0.059729 -0.666613 -0.427576 -0.407140  -0.150780
0.036860 -0.666613 -0.427576 -0.407140  -0.150516
0.036860 -0.763703 -0.427576 -0.407140  -0.299715
0.036860 -0.763703 -0.518442 -0.407140  -0.238537
0.036860 -0.763703 -0.518442 -0.492058  -0.186888
-0.042031 -0.763703 -0.518442 -0.492058  -0.187012
-0.042031 -0.836503 -0.518442 -0.492058  -0.326920
-0.042031 -0.836503 -0.585089 -0.492058  -0.265976
-0.042031 -0.836503 -0.585089 -0.552681  -0.216293
-0.096758 -0.836503 -0.585089 -0.552681  -0.217124
-0.096758 -0.885036 -0.585089 -0.552681  -0.325032
-0.096758 -0.885036 -0.627499 -0.552681  -0.278244
-0.096758 -0.885036 -0.627499 -0.589190  -0.242529
-0.127232 -0.885036 -0.627499 -0.589190  -0.243683
-0.127232 -0.909455 -0.627499 -0.589190  -0.302662
-0.127232 -0.909455 -0.645930 -0.589190  -0.280243
-0.127232 -0.909455 -0.645930 -0.601641  -0.267001
-0.133744 -0.909455 -0.645930 -0.601641  -0.267334
-0.133744 -0.909810 -0.645930 -0.601641  -0.268217
-0.133744 -0.909810 -0.640205 -0.601641  -0.275320
-0.133744 -0.909810 -0.640205 -0.589792  -0.287935
-0.115710 -0.909810 -0.640205 -0.589792  -0.287091
-0.115710 -0.885652 -0.640205 -0.589792  -0.228680
-0.115710 -0.885652 -0.609923 -0.589792  -0.264180
-0.115710 -0.885652 -0.609923 -0.675138  -0.161606
-0.194823 -0.885652 -0.609923 -0.675138  -0.167452
-0.194823 -0.958756 -0.609923 -0.675138  -0.354065
-0.194823 -0.958756 -0.676955 -0.675138  -0.270733
-0.194823 -0.958756 -0.676955 -0.736308  -0.179279
-0.250124 -0.958756 -0.676955 -0.736308  -0.187533
-0.250124 -1.007972 -0.676955 -0.736308  -0.330340
-0.250124 -1.007972 -0.719172 -0.736308  -0.268606
-0.250124 -1.007972 -0.719172 -0.772586  -0.206648
-0.280506 -1.007972 -0.719172 -0.772586  -0.213070
-0.280506 -1.032263 -0.719172 -0.772586  -0.288907
-0.280506 -1.032263 -0.737234 -0.772586  -0.260171
-0.280506 -1.032263 -0.737234 -0.784885  -0.237795
-0.287008 -1.032263 -0.737234 -0.784885  -0.239366
-0.287008 -1.032866 -0.737234 -0.784885  -0.241296
-0.287008 -1.032866 -0.731822 -0.784885  -0.250056
-0.287008 -1.032866 -0.731822 -0.773662  -0.270501
-0.269833 -1.032866 -0.731822 -0.773662  -0.266506
-0.269833 -1.009937 -0.731822 -0.773662  -0.194740
-0.269833 -1.009937 -0.702931 -0.773662  -0.239351
-0.269833 -1.009937 -0.702931 -0.738833  -0.299120
-0.229065 -1.009937 -0.702931 -0.738833  -0.291492
-0.229065 -0.963202 -0.702931 -0.738833  -0.155002
-0.229065 -0.963202 -0.650362 -0.738833  -0.227244
-0.229065 -0.963202 -0.650362 -0.680420  -0.315538
-0.164628 -0.963202 -0.650362 -0.680420  -0.307981
-0.164628 -0.892894 -0.650362 -0.680420  -0.126230
-0.164628 -0.892894 -0.574096 -0.680420  -0.212100
-0.164628 -0.892894 -0.574096 -0.597723  -0.313565
-0.075640 -0.892894 -0.574096 -0.597723  -0.309536
-0.075640 -0.797777 -0.574096 -0.597723  -0.105413
-0.075640 -0.797777 -0.672933 -0.597723  0.010103
-0.075640 -0.797777 -0.672933 -0.690607  0.125931
-0.162481 -0.797777 -0.672933 -0.690607  0.122074
-0.162481 -0.878656 -0.672933 -0.690607  -0.048536
-0.162481 -0.878656 -0.747726 -0.690607  0.064783
-0.162481 -0.878656 -0.747726 -0.759504  0.173522
-0.225349 -0.878656 -0.747726 -0.759504  0.166368
-0.225349 -0.935714 -0.747726 -0.759504  0.025447
-0.225349 -0.935714 -0.798865 -0.759504  0.117221
-0.225349 -0.935714 -0.798865 -0.804505  0.199802
-0.264246 -0.935714 -0.798865 -0.804505  0.192795
-0.264246 -0.968492 -0.798865 -0.804505  0.103646
-0.264246 -0.968492 -0.825267 -0.804505  0.155884
-0.264246 -0.968492 -0.825267 -0.824940  0.196580
-0.278416 -0.968492 -0.825267 -0.824940  0.193450
-0.278416 -0.976471 -0.825267 -0.824940  0.170812
-0.278416 -0.976471 -0.827237 -0.824940  0.174847
-0.278416 -0.976471 -0.827237 -0.821071  0.166983
-0.268446 -0.976471 -0.827237 -0.821071  0.169219
-0.268446 -0.960521 -0.827237 -0.821071  0.214105
-0.268446 -0.960521 -0.805614 -0.821071  0.170863
-0.268446 -0.960521 -0.805614 -0.793560  0.117068
-0.235074 -0.960521 -0.805614 -0.793560  0.123423
-0.235074 -0.921252 -0.805614 -0.793560  0.227728
-0.235074 -0.921252 -0.760507 -0.793560  0.144728
-0.235074 -0.921252 -0.760507 -0.742414  0.054196
-0.177771 -0.921252 -0.760507 -0.742414  0.061568
-0.177771 -0.858263 -0.760507 -0.742414  0.211230
-0.177771 -0.858263 -0.691428 -0.742414  0.101927
-0.177771 -0.858263 -0.691428 -0.667263  -0.010184
-0.096478 -0.858263 -0.691428 -0.667263  -0.005464
-0.096478 -0.770704 -0.691428 -0.667263  0.168960
-0.096478 -0.770704 -0.597858 -0.667263  0.052102
-0.096478 -0.770704 -0.597858 -0.567624  -0.062104
-0.190506 -0.770704 -0.597858 -0.567624  -0.068120
-0.190506 -0.858386 -0.597858 -0.567624  -0.242814
-0.190506 -0.858386 -0.679473 -0.567624  -0.142808
-0.190506 -0.858386 -0.679473 -0.643461  -0.059275
-0.260371 -0.858386 -0.679473 -0.643461  -0.070012
-0.260371 -0.922047 -0.679473 -0.643461  -0.221428
-0.260371 -0.922047 -0.737110 -0.643461  -0.134633
-0.260371 -0.922047 -0.737110 -0.695184  -0.065085
-0.306046 -0.922047 -0.737110 -0.695184  -0.076099
-0.306046 -0.961456 -0.737110 -0.695184  -0.180968
-0.306046 -0.961456 -0.770533 -0.695184  -0.123981
-0.306046 -0.961456 -0.770533 -0.722820  -0.082299
-0.327677 -0.961456 -0.770533 -0.722820  -0.088817
-0.327677 -0.977020 -0.770533 -0.722820  -0.132684
-0.327677 -0.977020 -0.779681 -0.722820  -0.116197
-0.327677 -0.977020 -0.779681 -0.725776  -0.111544
-0.258498 -0.977020 -0.779681 -0.725776  -0.093634
-0.258498 -0.901419 -0.779681 -0.725776  0.106546
-0.258498 -0.901419 -0.698023 -0.725776  -0.027321
-0.258498 -0.901419 -0.698023 -0.637995  -0.149936
-0.164650 -0.901419 -0.698023 -0.637995  -0.137127
-0.164650 -0.801784 -0.698023 -0.637995  0.079893
-0.164650 -0.801784 -0.792578 -0.637995  0.237673
-0.164650 -0.801784 -0.792578 -0.726521  0.361466
-0.246992 -0.801784 -0.792578 -0.726521  0.350862
-0.246992 -0.878086 -0.792578 -0.726521  0.189259
-0.246992 -0.878086 -0.862852 -0.726521  0.333784
-0.246992 -0.878086 -0.862852 -0.790999  0.445214
-0.305721 -0.878086 -0.862852 -0.790999  0.431708
-0.305721 -0.930858 -0.862852 -0.790999  0.302158
-0.305721 -0.930858 -0.909861 -0.790999  0.412977
-0.305721 -0.930858 -0.909861 -0.832548  0.495134
-0.341454 -0.930858 -0.909861 -0.832548  0.483898
-0.341454 -0.960539 -0.909861 -0.832548  0.404257
-0.341454 -0.960539 -0.933523 -0.832548  0.464564
-0.341454 -0.960539 -0.933523 -0.850418  0.502528
-0.353515 -0.960539 -0.933523 -0.850418  0.498159
-0.353515 -0.966759 -0.933523 -0.850418  0.480830
-0.353515 -0.966759 -0.933620 -0.850418  0.481083
-0.353515 -0.966759 -0.933620 -0.844459  0.468245
-0.341603 -0.966759 -0.933620 -0.844459  0.472562
-0.341603 -0.949003 -0.933620 -0.844459  0.521440
-0.341603 -0.949003 -0.909915 -0.844459  0.461015
-0.341603 -0.949003 -0.909915 -0.814944  0.400054
-0.306145 -0.949003 -0.909915 -0.814944  0.411223
-0.306145 -0.907830 -0.909915 -0.814944  0.517708
-0.306145 -0.907830 -0.862888 -0.814944  0.406834
-0.306145 -0.907830 -0.862888 -0.762116  0.308254
-0.247455 -0.907830 -0.862888 -0.762116  0.321795
-0.247455 -0.843395 -0.862888 -0.762116  0.470067
-0.247455 -0.843395 -0.792776 -0.762116  0.325837
-0.247455 -0.843395 -0.792776 -0.685909  0.205884
-0.165115 -0.843395 -0.792776 -0.685909  0.216535
-0.165115 -0.754979 -0.792776 -0.685909  0.386122
-0.165115 -0.754979 -0.698375 -0.685909  0.228483
-0.165115 -0.754979 -0.698375 -0.785597  0.390624
-0.258974 -0.754979 -0.698375 -0.785597  0.377756
-0.258974 -0.842855 -0.698375 -0.785597  0.209321
-0.258974 -0.842855 -0.780361 -0.785597  0.343915
-0.258974 -0.842855 -0.780361 -0.861743  0.499006
-0.329211 -0.842855 -0.780361 -0.861743  0.480695
-0.329211 -0.907049 -0.780361 -0.861743  0.333200
-0.329211 -0.907049 -0.838431 -0.861743  0.447378
-0.329211 -0.907049 -0.838431 -0.914069  0.571171
-0.375745 -0.907049 -0.838431 -0.914069  0.553802
-0.375745 -0.947663 -0.838431 -0.914069  0.449001
-0.375745 -0.947663 -0.873102 -0.914069  0.525184
-0.375745 -0.947663 -0.873102 -0.942934  0.599846
-0.398706 -0.947663 -0.873102 -0.942934  0.589515
-0.398706 -0.964784 -0.873102 -0.942934  0.542548
-0.398706 -0.964784 -0.884289 -0.942934  0.568462
-0.398706 -0.964784 -0.884289 -0.948540  0.583503
-0.398562 -0.964784 -0.884289 -0.948540  0.583571
-0.398562 -0.958858 -0.884289 -0.948540  0.600018
-0.398562 -0.958858 -0.872681 -0.948540  0.573143
-0.398562 -0.958858 -0.872681 -0.931003  0.526676
-0.374972 -0.958858 -0.872681 -0.931003  0.537266
-0.374972 -0.929444 -0.872681 -0.931003  0.615935
-0.374972 -0.929444 -0.837429 -0.931003  0.538601
-0.374972 -0.929444 -0.837429 -0.889659  0.435800
-0.327310 -0.929444 -0.837429 -0.889659  0.453457
-0.327310 -0.875749 -0.837429 -0.889659  0.584728
-0.327310 -0.875749 -0.777886 -0.889659  0.468155
-0.327310 -0.875749 -0.777886 -0.824120  0.323715
-0.255500 -0.875749 -0.777886 -0.824120  0.342101
-0.255500 -0.797802 -0.777886 -0.824120  0.505954
-0.255500 -0.797802 -0.693967 -0.824120  0.369458
-0.255500 -0.797802 -0.693967 -0.734125  0.205386
-0.159410 -0.797802 -0.693967 -0.734125  0.218015
-0.159410 -0.896043 -0.693967 -0.734125  0.006378
-0.159410 -0.896043 -0.786085 -0.734125  0.157916
-0.159410 -0.896043 -0.786085 -0.820456  0.314556
-0.239731 -0.896043 -0.786085 -0.820456  0.304830
-0.239731 -0.970138 -0.786085 -0.820456  0.111196
-0.239731 -0.970138 -0.854113 -0.820456  0.248532
-0.239731 -0.970138 -0.854113 -0.882403  0.383312
-0.295672 -0.970138 -0.854113 -0.882403  0.371241
-0.295672 -0.956519 -0.854113 -0.882403  0.409157
-0.295672 -0.956519 -0.832782 -0.882403  0.363630
-0.295672 -0.956519 -0.832782 -0.854934  0.301442
-0.262113 -0.956519 -0.832782 -0.854934  0.309283
-0.262113 -0.917110 -0.832782 -0.854934  0.413055
-0.262113 -0.917110 -0.787392 -0.854934  0.323673
-0.262113 -0.917110 -0.787392 -0.803445  0.217434
-0.204529 -0.917110 -0.787392 -0.803445  0.226886
-0.204529 -0.853788 -0.787392 -0.803445  0.375888
-0.204529 -0.853788 -0.718301 -0.803445  0.258328
-0.204529 -0.853788 -0.718301 -0.728254  0.125918
-0.123343 -0.853788 -0.718301 -0.728254  0.132598
-0.123343 -0.766967 -0.718301 -0.728254  0.303809
-0.123343 -0.766967 -0.625797 -0.728254  0.178273
-0.123343 -0.766967 -0.625797 -0.629963  0.042044
-0.219029 -0.766967 -0.625797 -0.629963  0.033412
-0.219029 -0.856799 -0.625797 -0.629963  -0.144408
-0.219029 -0.856799 -0.709716 -0.629963  -0.032003
-0.219029 -0.856799 -0.709716 -0.707871  0.072694
-0.290743 -0.856799 -0.709716 -0.707871  0.058625
-0.290743 -0.922322 -0.709716 -0.707871  -0.096994
-0.290743 -0.922322 -0.769211 -0.707871  0.000656
-0.290743 -0.922322 -0.769211 -0.761332  0.087243
-0.338190 -0.922322 -0.769211 -0.761332  0.073140
-0.338190 -0.963446 -0.769211 -0.761332  -0.036557
-0.338190 -0.963446 -0.804145 -0.761332  0.028312
-0.338190 -0.963446 -0.804145 -0.790015  0.080091
-0.360593 -0.963446 -0.804145 -0.790015  0.071883
-0.360593 -0.979753 -0.804145 -0.790015  0.025699
-0.360593 -0.979753 -0.814262 -0.790015  0.045573
-0.360593 -0.979753 -0.814262 -0.794099  0.053261
-0.358710 -0.979753 -0.814262 -0.794099  0.053992
-0.358710 -0.971828 -0.814262 -0.794099  0.076632
-0.358710 -0.971828 -0.800284 -0.794099  0.049302
-0.358710 -0.971828 -0.800284 -0.774083  0.012382
-0.332594 -0.971828 -0.800284 -0.774083  0.021747
-0.332594 -0.939706 -0.800284 -0.774083  0.109784
-0.332594 -0.939706 -0.762186 -0.774083  0.040014
-0.332594 -0.939706 -0.762186 -0.730066  -0.034699
-0.282429 -0.939706 -0.762186 -0.730066  -0.020436
-0.282429 -0.883778 -0.762186 -0.730066  0.119082
-0.282429 -0.883778 -0.700433 -0.730066  0.019945
-0.282429 -0.883778 -0.700433 -0.662435  -0.078487
-0.208809 -0.883778 -0.700433 -0.662435  -0.065063
-0.208809 -0.804366 -0.700433 -0.662435  0.104795
-0.208809 -0.804366 -0.615188 -0.662435  -0.006021
-0.208809 -0.804366 -0.615188 -0.571200  -0.110347
-0.111240 -0.804366 -0.615188 -0.571200  -0.102619
-0.111240 -0.900711 -0.615188 -0.571200  -0.312920
-0.111240 -0.900711 -0.705358 -0.571200  -0.194805
-0.111240 -0.900711 -0.705358 -0.655408  -0.099633
-0.189537 -0.900711 -0.705358 -0.655408  -0.105065
-0.189537 -0.972946 -0.705358 -0.655408  -0.295351
-0.189537 -0.972946 -0.771603 -0.655408  -0.186898
-0.189537 -0.972946 -0.771603 -0.715672  -0.101877
-0.243697 -0.972946 -0.771603 -0.715672  -0.109541
-0.243697 -1.021029 -0.771603 -0.715672  -0.252950
-0.243697 -1.021029 -0.813292 -0.715672  -0.174393
-0.243697 -1.021029 -0.813292 -0.751351  -0.116791
-0.273380 -1.021029 -0.813292 -0.751351  -0.122749
-0.273380 -1.044524 -0.813292 -0.751351  -0.197931
-0.273380 -1.044524 -0.830525 -0.751351  -0.163005
-0.273380 -1.044524 -0.830525 -0.762480  -0.143878
-0.278229 -1.044524 -0.830525 -0.762480  -0.144984
-0.278229 -1.043196 -0.830525 -0.762480  -0.140643
-0.278229 -1.043196 -0.823150 -0.762480  -0.155769
-0.278229 -1.043196 -0.823150 -0.748697  -0.179376
-0.258283 -1.043196 -0.823150 -0.748697  -0.175068
-0.258283 -1.017237 -0.823150 -0.748697  -0.092409
-0.258283 -1.017237 -0.791191 -0.748697  -0.154883
-0.258283 -1.017237 -0.791191 -0.710847  -0.215370
-0.214442 -1.017237 -0.791191 -0.710847  -0.208001
-0.214442 -0.967438 -0.791191 -0.710847  -0.060856
-0.214442 -0.967438 -0.735317 -0.710847  -0.158550
-0.214442 -0.967438 -0.735317 -0.648711  -0.244749
-0.146273 -0.967438 -0.735317 -0.648711  -0.238017
-0.146273 -0.893302 -0.735317 -0.648711  -0.045400
-0.146273 -0.893302 -0.654933 -0.648711  -0.162054
-0.146273 -0.893302 -0.654933 -0.562456  -0.257111
-0.054070 -0.893302 -0.654933 -0.562456  -0.254140
-0.054070 -0.794950 -0.654933 -0.562456  -0.043661
-0.054070 -0.794950 -0.750482 -0.562456  0.098102
-0.054070 -0.794950 -0.750482 -0.587635  0.123084
-0.072868 -0.794950 -0.750482 -0.587635  0.122855
-0.072868 -0.807350 -0.750482 -0.587635  0.098978
-0.072868 -0.807350 -0.756674 -0.587635  0.109527
-0.072868 -0.807350 -0.756674 -0.587835  0.109735
-0.066907 -0.807350 -0.756674 -0.587835  0.109822
-0.066907 -0.795390 -0.756674 -0.587835  0.132865
-0.066907 -0.795390 -0.738735 -0.587835  0.102778
-0.066907 -0.795390 -0.738735 -0.563764  0.078833
-0.036751 -0.795390 -0.738735 -0.563764  0.079082
-0.036751 -0.759233 -0.738735 -0.563764  0.144633
-0.036751 -0.759233 -0.696844 -0.563764  0.079864
-0.036751 -0.759233 -0.696844 -0.515802  0.037913
0.017302 -0.759233 -0.696844 -0.515802  0.037968
0.017302 -0.699341 -0.696844 -0.515802  0.133585
0.017302 -0.699341 -0.631089 -0.515802  0.046550
0.017302 -0.699341 -0.631089 -0.443943  -0.003185
0.095412 -0.699341 -0.631089 -0.443943  -0.002322
0.095412 -0.615125 -0.631089 -0.443943  0.106959
0.095412 -0.615125 -0.541012 -0.443943  0.013964
0.095412 -0.615125 -0.541012 -0.347638  -0.031518
-0.001916 -0.615125 -0.541012 -0.347638  -0.032387
-0.001916 -0.706041 -0.541012 -0.347638  -0.151594
-0.001916 -0.706041 -0.625814 -0.347638  -0.064849
-0.001916 -0.706041 -0.625814 -0.426293  -0.029393
-0.074604 -0.706041 -0.625814 -0.426293  -0.029809
-0.074604 -0.772581 -0.625814 -0.426293  -0.138990
-0.074604 -0.772581 -0.686179 -0.426293  -0.061005
-0.074604 -0.772581 -0.686179 -0.480520  -0.027521
-0.122679 -0.772581 -0.686179 -0.480520  -0.028952
-0.122679 -0.814594 -0.686179 -0.480520  -0.108349
-0.122679 -0.814594 -0.722139 -0.480520  -0.054845
-0.122679 -0.814594 -0.722139 -0.510348  -0.032874
-0.146486 -0.814594 -0.722139 -0.510348  -0.034171
-0.146486 -0.832412 -0.722139 -0.510348  -0.070422
-0.146486 -0.832412 -0.733948 -0.510348  -0.051644
-0.146486 -0.832412 -0.733948 -0.516311  -0.046930
-0.146284 -0.832412 -0.733948 -0.516311  -0.046917
-0.146284 -0.826224 -0.733948 -0.516311  -0.034150
-0.146284 -0.826224 -0.721812 -0.516311  -0.053439
-0.146284 -0.826224 -0.721812 -0.498441  -0.067242
-0.122447 -0.826224 -0.721812 -0.498441  -0.065948
-0.122447 -0.796320 -0.721812 -0.498441  -0.006895
-0.122447 -0.796320 -0.685960 -0.498441  -0.060196
-0.122447 -0.796320 -0.685960 -0.456375  -0.088977
-0.074020 -0.796320 -0.685960 -0.456375  -0.087547
-0.074020 -0.741684 -0.685960 -0.456375  0.009423
-0.074020 -0.741684 -0.625158 -0.456375  -0.069023
-0.074020 -0.741684 -0.625158 -0.389407  -0.105027
-0.000791 -0.741684 -0.625158 -0.389407  -0.104622
-0.000791 -0.662218 -0.625158 -0.389407  0.012970
-0.000791 -0.662218 -0.539606 -0.389407  -0.074236
-0.000791 -0.662218 -0.539606 -0.297888  -0.106850
0.096895 -0.662218 -0.539606 -0.297888  -0.105941
0.096895 -0.758608 -0.539606 -0.297888  -0.252104
0.096895 -0.758608 -0.630001 -0.297888  -0.159176
0.096895 -0.758608 -0.630001 -0.382421  -0.129682
0.018268 -0.758608 -0.630001 -0.382421  -0.130586
0.018268 -0.831126 -0.630001 -0.382421  -0.268134
0.018268 -0.831126 -0.696641 -0.382421  -0.180096
0.018268 -0.831126 -0.696641 -0.443260  -0.148932
-0.036471 -0.831126 -0.696641 -0.443260  -0.148987
-0.036471 -0.879566 -0.696641 -0.443260  -0.255335
-0.036471 -0.879566 -0.738912 -0.443260  -0.189983
-0.036471 -0.879566 -0.738912 -0.479473  -0.166846
-0.066689 -0.879566 -0.738912 -0.479473  -0.167094
-0.066689 -0.903650 -0.738912 -0.479473  -0.224534
-0.066689 -0.903650 -0.756603 -0.479473  -0.194858
-0.066689 -0.903650 -0.756603 -0.491268  -0.186522
-0.072256 -0.903650 -0.756603 -0.491268  -0.186602
-0.072256 -0.902841 -0.756603 -0.491268  -0.184622
-0.072256 -0.902841 -0.749965 -0.491268  -0.195922
-0.072256 -0.902841 -0.749965 -0.478729  -0.204771
-0.053637 -0.902841 -0.749965 -0.478729  -0.204548
-0.053637 -0.878426 -0.749965 -0.478729  -0.146445
-0.053637 -0.878426 -0.719768 -0.478729  -0.195374
-0.053637 -0.878426 -0.719768 -0.442535  -0.218424
-0.011343 -0.878426 -0.719768 -0.442535  -0.218271
-0.011343 -0.830285 -0.719768 -0.442535  -0.112825
-0.011343 -0.830285 -0.665872 -0.442535  -0.190473
-0.011343 -0.830285 -0.665872 -0.382588  -0.221137
-0.079811 -0.830285 -0.665872 -0.382588  -0.221644
-0.079811 -0.892358 -0.665872 -0.382588  -0.359855
-0.079811 -0.892358 -0.721581 -0.382588  -0.279381
-0.079811 -0.892358 -0.721581 -0.432325  -0.254578
-0.123656 -0.892358 -0.721581 -0.432325  -0.255961
-0.123656 -0.930255 -0.721581 -0.432325  -0.350393
-0.123656 -0.930255 -0.753322 -0.432325  -0.298600
-0.123656 -0.930255 -0.753322 -0.457913  -0.283386
-0.143240 -0.930255 -0.753322 -0.457913  -0.284434
-0.143240 -0.943592 -0.753322 -0.457913  -0.319556
-0.143240 -0.943592 -0.760592 -0.457913  -0.307060
-0.143240 -0.943592 -0.760592 -0.459102  -0.306311
-0.138324 -0.943592 -0.760592 -0.459102  -0.306018
-0.138324 -0.932785 -0.760592 -0.459102  -0.277483
-0.138324 -0.932785 -0.743908 -0.459102  -0.305807
-0.138324 -0.932785 -0.743908 -0.436428  -0.319448
-0.109711 -0.932785 -0.743908 -0.436428  -0.318122
-0.109711 -0.898423 -0.743908 -0.436428  -0.231692
-0.109711 -0.898423 -0.703916 -0.436428  -0.294582
-0.109711 -0.898423 -0.703916 -0.390403  -0.318205
-0.057567 -0.898423 -0.703916 -0.390403  -0.317075
-0.057567 -0.840070 -0.703916 -0.390403  -0.184753
-0.057567 -0.840070 -0.639435 -0.390403  -0.272091
-0.057567 -0.840070 -0.639435 -0.319220  -0.299065
0.019973 -0.840070 -0.639435 -0.319220  -0.298866
0.019973 -0.756498 -0.639435 -0.319220  -0.138949
0.019973 -0.756498 -0.549961 -0.319220  -0.234059
0.019973 -0.756498 -0.549961 -0.223585  -0.255411
-0.078127 -0.756498 -0.549961 -0.223585  -0.255896
-0.078127 -0.848318 -0.549961 -0.223585  -0.433446
-0.078127 -0.848318 -0.635704 -0.223585  -0.342885
-0.078127 -0.848318 -0.635704 -0.303394  -0.326135
-0.151855 -0.848318 -0.635704 -0.303394  -0.329160
-0.151855 -0.915827 -0.635704 -0.303394  -0.486814
-0.151855 -0.915827 -0.696688 -0.303394  -0.405560
-0.151855 -0.915827 -0.696688 -0.358524  -0.387403
-0.201128 -0.915827 -0.696688 -0.358524  -0.392037
-0.201128 -0.959256 -0.696688 -0.358524  -0.506578
-0.201128 -0.959256 -0.733964 -0.358524  -0.449344
-0.201128 -0.959256 -0.733964 -0.390037  -0.436092
-0.226636 -0.959256 -0.733964 -0.390037  -0.439597
-0.226636 -0.978826 -0.733964 -0.390037  -0.494730
-0.226636 -0.978826 -0.747497 -0.390037  -0.472454
-0.226636 -0.978826 -0.747497 -0.397711  -0.468882
-0.228334 -0.978826 -0.747497 -0.397711  -0.469146
-0.228334 -0.974580 -0.747497 -0.397711  -0.456995
-0.228334 -0.974580 -0.737359 -0.397711  -0.473759
-0.228334 -0.974580 -0.737359 -0.381692  -0.481057
-0.206139 -0.974580 -0.737359 -0.381692  -0.477913
-0.206139 -0.946334 -0.737359 -0.381692  -0.399737
-0.206139 -0.946334 -0.703135 -0.381692  -0.453009
-0.206139 -0.946334 -0.703135 -0.341469  -0.468802
-0.159986 -0.946334 -0.703135 -0.341469  -0.464137
-0.159986 -0.894413 -0.703135 -0.341469  -0.332158
-0.159986 -0.894413 -0.645357 -0.341469  -0.411005
-0.159986 -0.894413 -0.645357 -0.277843  -0.429372
-0.090363 -0.894413 -0.645357 -0.277843  -0.426015
-0.090363 -0.818753 -0.645357 -0.277843  -0.259364
-0.090363 -0.818753 -0.563820 -0.277843  -0.348912
-0.090363 -0.818753 -0.563820 -0.190234  -0.363476
0.003402 -0.818753 -0.563820 -0.190234  -0.362738
0.003402 -0.718836 -0.563820 -0.190234  -0.185323
0.003402 -0.718836 -0.657983 -0.190234  -0.079689
0.003402 -0.718836 -0.657983 -0.278482  -0.064976
-0.078935 -0.718836 -0.657983 -0.278482  -0.065468
-0.078935 -0.794952 -0.657983 -0.278482  -0.196396
-0.078935 -0.794952 -0.727614 -0.278482  -0.096049
-0.078935 -0.794952 -0.727614 -0.342178  -0.077582
-0.136551 -0.794952 -0.727614 -0.342178  -0.079636
-0.136551 -0.846440 -0.727614 -0.342178  -0.183708
-0.136551 -0.846440 -0.772917 -0.342178  -0.107181
-0.136551 -0.846440 -0.772917 -0.381533  -0.091706
-0.169744 -0.846440 -0.772917 -0.381533  -0.094051
-0.169744 -0.873457 -0.772917 -0.381533  -0.153996
-0.169744 -0.873457 -0.793863 -0.381533  -0.115430
-0.169744 -0.873457 -0.793863 -0.396447  -0.108659
-0.178651 -0.873457 -0.793863 -0.396447  -0.109470
-0.178651 -0.876227 -0.793863 -0.396447  -0.115830
-0.178651 -0.876227 -0.790453 -0.396447  -0.122249
-0.178651 -0.876227 -0.790453 -0.386980  -0.126607
-0.099672 -0.876227 -0.790453 -0.386980  -0.121896
-0.099672 -0.790763 -0.790453 -0.386980  0.056381
-0.099672 -0.790763 -0.698629 -0.386980  -0.096519
-0.099672 -0.790763 -0.698629 -0.288486  -0.130461
-0.195145 -0.790763 -0.698629 -0.288486  -0.136903
-0.195145 -0.880207 -0.698629 -0.288486  -0.324387
-0.195145 -0.880207 -0.782073 -0.288486  -0.187029
-0.195145 -0.880207 -0.782073 -0.366024  -0.162000
-0.266442 -0.880207 -0.782073 -0.366024  -0.173484
-0.266442 -0.945560 -0.782073 -0.366024  -0.336940
-0.266442 -0.945560 -0.841032 -0.366024  -0.220395
-0.266442 -0.945560 -0.841032 -0.419292  -0.195719
-0.313742 -0.945560 -0.841032 -0.419292  -0.207687
-0.313742 -0.986670 -0.841032 -0.419292  -0.322818
-0.313742 -0.986670 -0.875811 -0.419292  -0.245924
-0.313742 -0.986670 -0.875811 -0.448094  -0.229666
-0.336088 -0.986670 -0.875811 -0.448094  -0.236745
-0.336088 -1.002759 -0.875811 -0.448094  -0.284505
-0.336088 -1.002759 -0.885615 -0.448094  -0.261690
-0.336088 -1.002759 -0.885615 -0.452226  -0.259178
-0.334419 -1.002759 -0.885615 -0.452226  -0.258615
-0.334419 -0.995203 -0.885615 -0.452226  -0.235994
-0.334419 -0.995203 -0.872060 -0.452226  -0.267403
-0.334419 -0.995203 -0.872060 -0.432561  -0.278951
-0.308559 -0.995203 -0.872060 -0.432561  -0.270929
-0.308559 -0.963537 -0.872060 -0.432561  -0.179802
-0.308559 -0.963537 -0.834460 -0.432561  -0.261939
-0.308559 -0.963537 -0.834460 -0.388549  -0.284217
-0.258285 -0.963537 -0.834460 -0.388549  -0.272070
-0.258285 -0.907154 -0.834460 -0.388549  -0.124041
-0.258285 -0.907154 -0.772234 -0.388549  -0.244577
-0.258285 -0.907154 -0.772234 -0.320171  -0.270416
-0.183940 -0.907154 -0.772234 -0.320171  -0.259409
-0.183940 -0.826790 -0.772234 -0.320171  -0.078063
-0.183940 -0.826790 -0.685760 -0.320171  -0.216091
-0.183940 -0.826790 -0.685760 -0.227298  -0.237168
-0.084736 -0.826790 -0.685760 -0.227298  -0.231553
-0.084736 -0.921282 -0.685760 -0.227298  -0.448324
-0.084736 -0.921282 -0.774020 -0.227298  -0.307094
-0.084736 -0.921282 -0.774020 -0.309524  -0.289183
-0.160885 -0.921282 -0.774020 -0.309524  -0.292739
-0.160885 -0.991394 -0.774020 -0.309524  -0.485194
-0.160885 -0.991394 -0.838150 -0.309524  -0.360117
-0.160885 -0.991394 -0.838150 -0.367639  -0.340081
-0.213134 -0.991394 -0.838150 -0.367639  -0.345599
-0.213134 -1.037681 -0.838150 -0.367639  -0.488550
-0.213134 -1.037681 -0.877900 -0.367639  -0.400742
-0.213134 -1.037681 -0.877900 -0.401574  -0.385672
-0.241021 -1.037681 -0.877900 -0.401574  -0.389992
-0.241021 -1.059402 -0.877900 -0.401574  -0.461638
-0.241021 -1.059402 -0.893393 -0.401574  -0.425180
-0.241021 -1.059402 -0.893393 -0.411087  -0.420469
-0.244461 -1.059402 -0.893393 -0.411087  -0.421077
-0.244461 -1.056775 -0.893393 -0.411087  -0.412255
-0.244461 -1.056775 -0.885022 -0.411087  -0.432112
-0.244461 -1.056775 -0.885022 -0.396872  -0.439072
-0.224423 -1.056775 -0.885022 -0.396872  -0.435766
-0.224423 -1.030869 -0.885022 -0.396872  -0.351080
-0.224423 -1.030869 -0.853092 -0.396872  -0.423435
-0.224423 -1.030869 -0.853092 -0.358842  -0.439738
-0.180316 -1.030869 -0.853092 -0.358842  -0.434297
-0.180316 -0.980914 -0.853092 -0.358842  -0.282632
-0.180316 -0.980914 -0.797328 -0.358842  -0.396598
-0.180316 -0.980914 -0.797328 -0.296944  -0.416622
-0.112257 -0.980914 -0.797328 -0.296944  -0.412174
-0.112257 -0.906783 -0.797328 -0.296944  -0.213952
-0.112257 -0.906783 -0.717311 -0.296944  -0.351757
-0.112257 -0.906783 -0.717311 -0.210827  -0.368569
-0.019917 -0.906783 -0.717311 -0.210827  -0.367163
-0.019917 -0.808546 -0.717311 -0.210827  -0.150140
-0.019917 -0.808546 -0.812885 -0.210827  0.017918
-0.019917 -0.808546 -0.812885 -0.300372  0.035648
-0.103333 -0.808546 -0.812885 -0.300372  0.034553
-0.103333 -0.885849 -0.812885 -0.300372  -0.132014
-0.103333 -0.885849 -0.884250 -0.300372  0.022238
-0.103333 -0.885849 -0.884250 -0.365883  0.044118
-0.162740 -0.885849 -0.884250 -0.365883  0.040912
-0.162740 -0.939033 -0.884250 -0.365883  -0.091960
-0.162740 -0.939033 -0.930987 -0.365883  0.023570
-0.162740 -0.939033 -0.930987 -0.406507  0.041763
-0.197321 -0.939033 -0.930987 -0.406507  0.038390
-0.197321 -0.901160 -0.930987 -0.406507  0.134592
-0.197321 -0.901160 -0.887033 -0.406507  0.025612
-0.197321 -0.901160 -0.887033 -0.356369  0.003696
-0.140854 -0.901160 -0.887033 -0.356369  0.008584
-0.140854 -0.838707 -0.887033 -0.356369  0.150435
-0.140854 -0.838707 -0.818595 -0.356369  0.001031
-0.140854 -0.838707 -0.818595 -0.281901  -0.021825
-0.060235 -0.838707 -0.818595 -0.281901  -0.019249
-0.060235 -0.752074 -0.818595 -0.281901  0.145337
-0.060235 -0.752074 -0.725975 -0.281901  -0.020584
-0.060235 -0.752074 -0.725975 -0.182821  -0.036876
-0.154994 -0.752074 -0.725975 -0.182821  -0.040380
-0.154994 -0.840719 -0.725975 -0.182821  -0.209223
-0.154994 -0.840719 -0.808221 -0.182821  -0.063894
-0.154994 -0.840719 -0.808221 -0.259243  -0.052581
-0.225453 -0.840719 -0.808221 -0.259243  -0.060317
-0.225453 -0.905250 -0.808221 -0.259243  -0.207921
-0.225453 -0.905250 -0.866703 -0.259243  -0.084823
-0.225453 -0.905250 -0.866703 -0.311672  -0.071970
-0.271584 -0.905250 -0.866703 -0.311672  -0.080542
-0.271584 -0.945138 -0.866703 -0.311672  -0.182989
-0.271584 -0.945138 -0.900450 -0.311672  -0.103941
-0.271584 -0.945138 -0.900450 -0.339599  -0.095052
-0.293633 -0.945138 -0.900450 -0.339599  -0.100338
-0.293633 -0.960907 -0.900450 -0.339599  -0.143306
-0.293633 -0.960907 -0.909986 -0.339599  -0.119863
-0.293633 -0.960907 -0.909986 -0.343226  -0.118595
-0.291193 -0.960907 -0.909986 -0.343226  -0.117969
-0.291193 -0.952571 -0.909986 -0.343226  -0.095077
-0.291193 -0.952571 -0.895958 -0.343226  -0.129390
-0.291193 -0.952571 -0.895958 -0.323150  -0.136078
-0.264781 -0.952571 -0.895958 -0.323150  -0.129951
-0.264781 -0.920267 -0.895958 -0.323150  -0.044963
-0.264781 -0.920267 -0.857863 -0.323150  -0.132859
-0.264781 -0.920267 -0.857863 -0.279007  -0.144885
-0.214690 -0.920267 -0.857863 -0.279007  -0.136217
-0.214690 -0.864223 -0.857863 -0.279007  -0.002323
-0.214690 -0.864223 -0.795938 -0.279007  -0.129408
-0.214690 -0.864223 -0.795938 -0.210840  -0.141755
-0.140456 -0.864223 -0.795938 -0.210840  -0.134630
-0.140456 -0.784004 -0.795938 -0.210840  0.028946
-0.140456 -0.784004 -0.709661 -0.210840  -0.117897
-0.140456 -0.784004 -0.709661 -0.118411  -0.125609
-0.042069 -0.784004 -0.709661 -0.118411  -0.122913
-0.042069 -0.879702 -0.709661 -0.118411  -0.321796
-0.042069 -0.879702 -0.799497 -0.118411  -0.168159
-0.042069 -0.879702 -0.799497 -0.202332  -0.161536
-0.120024 -0.879702 -0.799497 -0.202332  -0.163190
-0.120024 -0.951552 -0.799497 -0.202332  -0.343994
-0.120024 -0.951552 -0.865390 -0.202332  -0.206939
-0.120024 -0.951552 -0.865390 -0.262205  -0.197196
-0.173892 -0.951552 -0.865390 -0.262205  -0.200725
-0.173892 -0.999183 -0.865390 -0.262205  -0.336690
-0.173892 -0.999183 -0.906498 -0.262205  -0.239877
-0.173892 -0.999183 -0.906498 -0.297271  -0.231634
-0.203062 -0.999183 -0.906498 -0.297271  -0.234748
-0.203062 -1.022348 -0.906498 -0.297271  -0.305752
-0.203062 -1.022348 -0.923671 -0.297271  -0.262608
-0.203062 -1.022348 -0.923671 -0.308606  -0.259487
-0.208416 -1.022348 -0.923671 -0.308606  -0.260167
-0.208416 -1.021560 -0.923671 -0.308606  -0.257698
-0.208416 -1.021560 -0.916664 -0.308606  -0.275497
-0.208416 -1.021560 -0.916664 -0.295366  -0.279119
-0.188786 -1.021560 -0.916664 -0.295366  -0.276795
-0.188786 -0.995784 -0.916664 -0.295366  -0.198115
-0.188786 -0.995784 -0.884945 -0.295366  -0.275339
-0.188786 -0.995784 -0.884945 -0.257523  -0.284029
-0.144797 -0.995784 -0.884945 -0.257523  -0.280336
-0.144797 -0.945860 -0.884945 -0.257523  -0.139147
-0.144797 -0.945860 -0.829249 -0.257523  -0.261936
-0.144797 -0.945860 -0.829249 -0.196044  -0.271480
-0.077104 -0.945860 -0.829249 -0.196044  -0.268903
-0.077104 -0.872063 -0.829249 -0.196044  -0.085886
-0.077104 -0.872063 -0.749517 -0.196044  -0.235060
-0.077104 -0.872063 -0.749517 -0.110015  -0.241264
0.015130 -0.872063 -0.749517 -0.110015  -0.240802
0.015130 -0.773468 -0.749517 -0.110015  -0.040334
0.015130 -0.773468 -0.845022 -0.110015  0.142003
0.015130 -0.773468 -0.845022 -0.199639  0.148628
-0.068506 -0.773468 -0.845022 -0.199639  0.148303
-0.068506 -0.786824 -0.845022 -0.199639  0.123916
-0.068506 -0.786824 -0.852117 -0.199639  0.139243
-0.068506 -0.786824 -0.852117 -0.200720  0.139373
-0.063303 -0.786824 -0.852117 -0.200720  0.139441
-0.063303 -0.775502 -0.852117 -0.200720  0.160168
-0.063303 -0.775502 -0.834803 -0.200720  0.123214
-0.063303 -0.775502 -0.834803 -0.177154  0.120687
-0.033737 -0.775502 -0.834803 -0.177154  0.120902
-0.033737 -0.739993 -0.834803 -0.177154  0.182079
-0.033737 -0.739993 -0.793199 -0.177154  0.099361
-0.033737 -0.739993 -0.793199 -0.129469  0.095971
0.020043 -0.739993 -0.793199 -0.129469  0.096018
0.020043 -0.680237 -0.793199 -0.129469  0.186470
0.020043 -0.680237 -0.727523 -0.129469  0.072487
0.020043 -0.680237 -0.727523 -0.057870  0.070511
0.097781 -0.680237 -0.727523 -0.057870  0.071438
0.097781 -0.596471 -0.727523 -0.057870  0.173988
0.097781 -0.596471 -0.637827 -0.057870  0.048401
0.097781 -0.596471 -0.637827 0.038477  0.048150
0.000734 -0.596471 -0.637827 0.038477  0.047215
0.000734 -0.687123 -0.637827 0.038477  -0.064991
0.000734 -0.687123 -0.722580 0.038477  0.052801
0.000734 -0.687123 -0.722580 -0.040375  0.052924
-0.072104 -0.687123 -0.722580 -0.040375  0.052549
-0.072104 -0.753733 -0.722580 -0.040375  -0.051240
-0.072104 -0.753733 -0.782597 -0.040375  0.050793
-0.072104 -0.753733 -0.782597 -0.094463  0.051570
-0.119893 -0.753733 -0.782597 -0.094463  0.050221
-0.119893 -0.795290 -0.782597 -0.094463  -0.024581
-0.119893 -0.795290 -0.817925 -0.094463  0.043304
-0.119893 -0.795290 -0.817925 -0.123881  0.044362
-0.143092 -0.795290 -0.817925 -0.123881  0.043156
-0.143092 -0.812341 -0.817925 -0.123881  0.010102
-0.143092 -0.812341 -0.829153 -0.123881  0.032946
-0.143092 -0.812341 -0.829153 -0.129188  0.033201
-0.142537 -0.812341 -0.829153 -0.129188  0.033235
-0.142537 -0.806038 -0.829153 -0.129188  0.045618
-0.142537 -0.806038 -0.817228 -0.129188  0.021376
-0.142537 -0.806038 -0.817228 -0.111377  0.020601
-0.118831 -0.806038 -0.817228 -0.111377  0.021819
-0.118831 -0.776507 -0.817228 -0.111377  0.077294
-0.118831 -0.776507 -0.782014 -0.111377  0.009736
-0.118831 -0.776507 -0.782014 -0.070296  0.008702
-0.071650 -0.776507 -0.782014 -0.070296  0.010012
-0.071650 -0.723164 -0.782014 -0.070296  0.100027
-0.071650 -0.723164 -0.722699 -0.070296  -0.000749
-0.071650 -0.723164 -0.722699 -0.004734  -0.001096
0.000281 -0.723164 -0.722699 -0.004734  -0.000728
0.000281 -0.645071 -0.722699 -0.004734  0.109038
0.000281 -0.645071 -0.638697 -0.004734  -0.007878
0.000281 -0.645071 -0.638697 0.085302  -0.008499
0.096431 -0.645071 -0.638697 0.085302  -0.007602
0.096431 -0.742925 -0.638697 0.085302  -0.149226
0.096431 -0.742925 -0.730480 0.085302  -0.019988
0.096431 -0.742925 -0.730480 -0.000514  -0.019367
0.016948 -0.742925 -0.730480 -0.000514  -0.020259
0.016948 -0.816063 -0.730480 -0.000514  -0.153674
0.016948 -0.816063 -0.797527 -0.000514  -0.036192
0.016948 -0.816063 -0.797527 -0.061774  -0.035957
-0.038255 -0.816063 -0.797527 -0.061774  -0.036018
-0.038255 -0.865189 -0.797527 -0.061774  -0.140192
-0.038255 -0.865189 -0.840625 -0.061774  -0.053430
-0.038255 -0.865189 -0.840625 -0.098805  -0.052701
-0.069115 -0.865189 -0.840625 -0.098805  -0.052976
-0.069115 -0.889641 -0.840625 -0.098805  -0.109455
-0.069115 -0.889641 -0.858901 -0.098805  -0.069862
-0.069115 -0.889641 -0.858901 -0.110958  -0.069460
-0.074960 -0.889641 -0.858901 -0.110958  -0.069551
-0.074960 -0.889097 -0.858901 -0.110958  -0.068259
-0.074960 -0.889097 -0.852229 -0.110958  -0.082912
-0.074960 -0.889097 -0.852229 -0.098129  -0.083333
-0.056097 -0.889097 -0.852229 -0.098129  -0.083088
-0.056097 -0.864167 -0.852229 -0.098129  -0.025609
-0.056097 -0.864167 -0.821313 -0.098129  -0.090557
-0.056097 -0.864167 -0.821313 -0.060962  -0.091275
-0.012759 -0.864167 -0.821313 -0.060962  -0.091101
-0.012759 -0.814738 -0.821313 -0.060962  0.013423
-0.012759 -0.814738 -0.765893 -0.060962  -0.091332
-0.012759 -0.814738 -0.765893 0.000790  -0.091558
0.055296 -0.814738 -0.765893 0.000790  -0.091387
0.055296 -0.740764 -0.765893 0.000790  0.042956
0.055296 -0.740764 -0.686211 0.000790  -0.083184
0.055296 -0.740764 -0.686211 -0.046236  -0.083085
0.014450 -0.740764 -0.686211 -0.046236  -0.083251
0.014450 -0.775206 -0.686211 -0.046236  -0.142627
0.014450 -0.775206 -0.714364 -0.046236  -0.101202
0.014450 -0.775206 -0.714364 -0.068189  -0.100984
-0.001404 -0.775206 -0.714364 -0.068189  -0.100987
-0.001404 -0.784576 -0.714364 -0.068189  -0.118085
-0.001404 -0.784576 -0.717544 -0.068189  -0.113196
-0.001404 -0.784576 -0.717544 -0.065392  -0.113233
0.007640 -0.784576 -0.717544 -0.065392  -0.113233
0.007640 -0.769295 -0.717544 -0.065392  -0.085559
0.007640 -0.769295 -0.696087 -0.065392  -0.117719
0.007640 -0.769295 -0.696087 -0.037969  -0.117944
0.041173 -0.769295 -0.696087 -0.037969  -0.117875
0.041173 -0.729903 -0.696087 -0.037969  -0.051458
0.041173 -0.729903 -0.650867 -0.037969  -0.113013
0.041173 -0.729903 -0.650867 0.013466  -0.113070
0.099001 -0.729903 -0.650867 0.013466  -0.112170
0.099001 -0.665989 -0.650867 0.013466  -0.018701
0.099001 -0.665989 -0.581057 0.013466  -0.098244
0.099001 -0.665989 -0.581057 0.089447  -0.098958
0.181120 -0.665989 -0.581057 0.089447  -0.093986
0.181120 -0.577656 -0.581057 0.089447  0.008651
0.181120 -0.577656 -0.486895 0.089447  -0.072103
0.181120 -0.577656 -0.486895 -0.010372  -0.071386
0.087501 -0.577656 -0.486895 -0.010372  -0.076658
0.087501 -0.665248 -0.486895 -0.010372  -0.178310
0.087501 -0.665248 -0.568387 -0.010372  -0.110112
0.087501 -0.665248 -0.568387 -0.086129  -0.109474
0.017725 -0.665248 -0.568387 -0.086129  -0.110138
0.017725 -0.728748 -0.568387 -0.086129  -0.202749
0.017725 -0.728748 -0.625678 -0.086129  -0.141438
0.017725 -0.728748 -0.625678 -0.137463  -0.139480
-0.027590 -0.728748 -0.625678 -0.137463  -0.139506
-0.027590 -0.767816 -0.625678 -0.137463  -0.205147
-0.027590 -0.767816 -0.658764 -0.137463  -0.164200
-0.027590 -0.767816 -0.658764 -0.164577  -0.162339
-0.048425 -0.767816 -0.658764 -0.164577  -0.162432
-0.048425 -0.782436 -0.658764 -0.164577  -0.188785
-0.048425 -0.782436 -0.667256 -0.164577  -0.177586
-0.048425 -0.782436 -0.667256 -0.167350  -0.177357
-0.045263 -0.782436 -0.667256 -0.167350  -0.177336
-0.045263 -0.773304 -0.667256 -0.167350  -0.160758
-0.045263 -0.773304 -0.652136 -0.167350  -0.180499
-0.045263 -0.773304 -0.652136 -0.146164  -0.182063
-0.018034 -0.773304 -0.652136 -0.146164  -0.181976
-0.018034 -0.740293 -0.652136 -0.146164  -0.125247
-0.018034 -0.740293 -0.613324 -0.146164  -0.171876
-0.018034 -0.740293 -0.613324 -0.101290  -0.173960
0.033124 -0.740293 -0.613324 -0.101290  -0.173917
0.033124 -0.683314 -0.613324 -0.101290  -0.087264
0.033124 -0.683314 -0.550426 -0.101290  -0.151215
0.033124 -0.683314 -0.550426 -0.032501  -0.152219
0.107852 -0.683314 -0.550426 -0.032501  -0.151001
0.107852 -0.602723 -0.550426 -0.032501  -0.050904
0.107852 -0.602723 -0.463863 -0.032501  -0.117857
0.107852 -0.602723 -0.463863 0.060170  -0.118109
0.206789 -0.602723 -0.463863 0.060170  -0.110521
0.206789 -0.697681 -0.463863 0.060170  -0.231169
0.206789 -0.697681 -0.552570 0.060170  -0.162260
0.206789 -0.697681 -0.552570 -0.022541  -0.162031
0.130107 -0.697681 -0.552570 -0.022541  -0.168671
0.130107 -0.768130 -0.552570 -0.022541  -0.282284
0.130107 -0.768130 -0.616792 -0.022541  -0.216354
0.130107 -0.768130 -0.616792 -0.080739  -0.215839
0.078000 -0.768130 -0.616792 -0.080739  -0.217567
0.078000 -0.813811 -0.616792 -0.080739  -0.303328
0.078000 -0.813811 -0.656396 -0.080739  -0.255164
0.078000 -0.813811 -0.656396 -0.114305  -0.254197
0.050533 -0.813811 -0.656396 -0.114305  -0.254542
0.050533 -0.835140 -0.656396 -0.114305  -0.298041
0.050533 -0.835140 -0.671558 -0.114305  -0.277987
0.050533 -0.835140 -0.671558 -0.123400  -0.277601
0.047571 -0.835140 -0.671558 -0.123400  -0.277623
0.047571 -0.831752 -0.671558 -0.123400  -0.270562
0.047571 -0.831752 -0.662430 -0.123400  -0.282745
0.047571 -0.831752 -0.662430 -0.108168  -0.283358
0.069069 -0.831752 -0.662430 -0.108168  -0.283137
0.069069 -0.804254 -0.662430 -0.108168  -0.227932
0.069069 -0.804254 -0.628989 -0.108168  -0.269771
0.069069 -0.804254 -0.628989 -0.068608  -0.270714
0.114796 -0.804254 -0.628989 -0.068608  -0.269530
0.114796 -0.888309 -0.628989 -0.068608  -0.450277
0.114796 -0.888309 -0.706867 -0.068608  -0.345928
0.114796 -0.888309 -0.706867 -0.140676  -0.343467
0.048377 -0.888309 -0.706867 -0.140676  -0.344866
0.048377 -0.948756 -0.706867 -0.140676  -0.497920
0.048377 -0.948756 -0.761247 -0.140676  -0.409973
0.048377 -0.948756 -0.761247 -0.189213  -0.405983
0.005676 -0.948756 -0.761247 -0.189213  -0.406096
0.005676 -0.985301 -0.761247 -0.189213  -0.508634
0.005676 -0.985301 -0.791674 -0.189213  -0.453595
0.005676 -0.985301 -0.791674 -0.213848  -0.450589
-0.012979 -0.985301 -0.791674 -0.213848  -0.450592
-0.012979 -0.997646 -0.791674 -0.213848  -0.486998
-0.012979 -0.997646 -0.797991 -0.213848  -0.475025
-0.012979 -0.997646 -0.797991 -0.214250  -0.474970
-0.007229 -0.997646 -0.797991 -0.214250  -0.474968
-0.007229 -0.985792 -0.797991 -0.214250  -0.439991
-0.007229 -0.985792 -0.780046 -0.214250  -0.473507
-0.007229 -0.985792 -0.780046 -0.190049  -0.476478
0.023182 -0.985792 -0.780046 -0.190049  -0.476465
0.023182 -0.949320 -0.780046 -0.190049  -0.374023
0.023182 -0.949320 -0.737592 -0.190049  -0.447378
0.023182 -0.949320 -0.737592 -0.141609  -0.451403
0.077574 -0.949320 -0.737592 -0.141609  -0.450948
0.077574 -0.889184 -0.737592 -0.141609  -0.298443
0.077574 -0.889184 -0.671846 -0.141609  -0.396469
0.077574 -0.889184 -0.671846 -0.069962  -0.398966
0.155412 -0.889184 -0.671846 -0.069962  -0.395679
0.155412 -0.805284 -0.671846 -0.069962  -0.214862
0.155412 -0.805284 -0.581912 -0.069962  -0.321069
0.155412 -0.805284 -0.581912 0.026025  -0.321429
0.057312 -0.805284 -0.581912 0.026025  -0.324994
0.057312 -0.897540 -0.581912 0.026025  -0.525819
0.057312 -0.897540 -0.668339 0.026025  -0.424336
0.057312 -0.897540 -0.668339 -0.054477  -0.424157
-0.017270 -0.897540 -0.668339 -0.054477  -0.424351
-0.017270 -0.965657 -0.668339 -0.054477  -0.601782
-0.017270 -0.965657 -0.730232 -0.054477  -0.510924
-0.017270 -0.965657 -0.730232 -0.110414  -0.509740
-0.067040 -0.965657 -0.730232 -0.110414  -0.510036
-0.067040 -1.009291 -0.730232 -0.110414  -0.637698
-0.067040 -1.009291 -0.767556 -0.110414  -0.574887
-0.067040 -1.009291 -0.767556 -0.141691  -0.573388
-0.091989 -1.009291 -0.767556 -0.141691  -0.573865
-0.091989 -1.027945 -0.767556 -0.141691  -0.631934
-0.091989 -1.027945 -0.779969 -0.141691  -0.609640
-0.091989 -1.027945 -0.779969 -0.147837  -0.609253
-0.091926 -1.027945 -0.779969 -0.147837  -0.609251
-0.091926 -1.021911 -0.779969 -0.147837  -0.590235
-0.091926 -1.021911 -0.768005 -0.147837  -0.611736
-0.091926 -1.021911 -0.768005 -0.129836  -0.612778
-0.067882 -1.021911 -0.768005 -0.129836  -0.612314
-0.067882 -0.991928 -0.768005 -0.129836  -0.521109
-0.067882 -0.991928 -0.732036 -0.129836  -0.581821
-0.067882 -0.991928 -0.732036 -0.087644  -0.583336
-0.019443 -0.991928 -0.732036 -0.087644  -0.583031
-0.019443 -0.937589 -0.732036 -0.087644  -0.431262
-0.019443 -0.937589 -0.671754 -0.087644  -0.520412
-0.019443 -0.937589 -0.671754 -0.021395  -0.521076
0.052920 -0.937589 -0.671754 -0.021395  -0.520920
0.052920 -0.859136 -0.671754 -0.021395  -0.330851
0.052920 -0.859136 -0.587433 -0.021395  -0.431273
0.052920 -0.859136 -0.587433 0.069178  -0.431614
0.149740 -0.859136 -0.587433 0.069178  -0.428404
0.149740 -0.956349 -0.587433 0.069178  -0.668943
0.149740 -0.956349 -0.678560 0.069178  -0.559214
0.149740 -0.956349 -0.678560 -0.015912  -0.558879
0.070916 -0.956349 -0.678560 -0.015912  -0.561880
0.070916 -1.028912 -0.678560 -0.015912  -0.776468
0.070916 -1.028912 -0.744535 -0.015912  -0.676187
0.070916 -1.028912 -0.744535 -0.076100  -0.675750
0.017132 -1.028912 -0.744535 -0.076100  -0.676102
0.017132 -1.076430 -0.744535 -0.076100  -0.834097
0.017132 -1.076430 -0.785640 -0.076100  -0.761895
0.017132 -1.076430 -0.785640 -0.110926  -0.760971
-0.011398 -1.076430 -0.785640 -0.110926  -0.760977
-0.011398 -1.098652 -0.785640 -0.110926  -0.839830
-0.011398 -1.098652 -0.801412 -0.110926  -0.810035
-0.011398 -1.098652 -0.801412 -0.120882  -0.809634
-0.015398 -1.098652 -0.801412 -0.120882  -0.809636
-0.015398 -1.096395 -0.801412 -0.120882  -0.801480
-0.015398 -1.096395 -0.729201 -0.120882  -0.928454
-0.015398 -1.096395 -0.729201 -0.041969  -0.930146
0.069658 -1.096395 -0.729201 -0.041969  -0.929805
0.069658 -1.005481 -0.729201 -0.041969  -0.628380
0.069658 -1.005481 -0.632416 -0.041969  -0.763187
0.069658 -1.005481 -0.632416 -0.139154  -0.760567
-0.021399 -1.005481 -0.632416 -0.139154  -0.760915
-0.021399 -1.090230 -0.632416 -0.139154  -1.040230
-0.021399 -1.090230 -0.710500 -0.139154  -0.934497
-0.021399 -1.090230 -0.710500 -0.210659  -0.927843
-0.086587 -1.090230 -0.710500 -0.210659  -0.928483
-0.086587 -1.148923 -0.710500 -0.210659  -1.149241
-0.086587 -1.148923 -0.762591 -0.210659  -1.064428
-0.086587 -1.148923 -0.762591 -0.256613  -1.056878
-0.126354 -1.148923 -0.762591 -0.256613  -1.058247
-0.126354 -1.182474 -0.762591 -0.256613  -1.195026
-0.126354 -1.182474 -0.789875 -0.256613  -1.145701
-0.126354 -1.182474 -0.789875 -0.277887  -1.141140
-0.141467 -1.182474 -0.789875 -0.277887  -1.141954
-0.141467 -1.191387 -0.789875 -0.277887  -1.179624
-0.141467 -1.191387 -0.792812 -0.277887  -1.174107
-0.141467 -1.191387 -0.792812 -0.274966  -1.174777
-0.132237 -1.191387 -0.792812 -0.274966  -1.174258
-0.132237 -1.176257 -0.792812 -0.274966  -1.110647
-0.132237 -1.176257 -0.771662 -0.274966  -1.149474
-0.132237 -1.176257 -0.771662 -0.247803  -1.155046
-0.098827 -1.176257 -0.771662 -0.247803  -1.153699
-0.098827 -1.136761 -0.771662 -0.247803  -0.995204
-0.098827 -1.136761 -0.726143 -0.247803  -1.071817
-0.098827 -1.136761 -0.726143 -0.196036  -1.079499
-0.040647 -1.136761 -0.726143 -0.196036  -1.078601
-0.040647 -1.072514 -0.726143 -0.196036  -0.843350
-0.040647 -1.072514 -0.655498 -0.196036  -0.944581
-0.040647 -1.072514 -0.655498 -0.119030  -0.950428
0.042691 -1.072514 -0.655498 -0.119030  -0.950283
0.042691 -0.983366 -0.655498 -0.119030  -0.667507
0.042691 -0.983366 -0.560472 -0.119030  -0.773100
0.042691 -0.983366 -0.560472 -0.217729  -0.764464
-0.050023 -0.983366 -0.560472 -0.217729  -0.764667
-0.050023 -1.069956 -0.560472 -0.217729  -1.038636
-0.050023 -1.069956 -0.640819 -0.217729  -0.951544
-0.050023 -1.069956 -0.640819 -0.291962  -0.936978
-0.117981 -1.069956 -0.640819 -0.291962  -0.938495
-0.117981 -1.131677 -0.640819 -0.291962  -1.162933
-0.117981 -1.131677 -0.696445 -0.291962  -1.088285
-0.117981 -1.131677 -0.696445 -0.341446  -1.073364
-0.161407 -1.131677 -0.696445 -0.341446  -1.075927
-0.161407 -1.168795 -0.696445 -0.341446  -1.223266
-0.161407 -1.168795 -0.727421 -0.341446  -1.176158
-0.161407 -1.168795 -0.727421 -0.366502  -1.166736
-0.180335 -1.168795 -0.727421 -0.366502  -1.168395
-0.180335 -1.181385 -0.727421 -0.366502  -1.220550
-0.180335 -1.181385 -0.733801 -0.366502  -1.210333
-0.180335 -1.181385 -0.733801 -0.366822  -1.210204
-0.174697 -1.181385 -0.733801 -0.366822  -1.209671
-0.174697 -1.169713 -0.733801 -0.366822  -1.161282
-0.174697 -1.169713 -0.716130 -0.366822  -1.189147
-0.174697 -1.169713 -0.716130 -0.342856  -1.198202
-0.144048 -1.169713 -0.716130 -0.342856  -1.195860
-0.144048 -1.132756 -0.716130 -0.342856  -1.048905
-0.144048 -1.132756 -0.673400 -0.342856  -1.110801
-0.144048 -1.132756 -0.673400 -0.293978  -1.125698
-0.089028 -1.132756 -0.673400 -0.293978  -1.123414
-0.089028 -1.071556 -0.673400 -0.293978  -0.900329
-0.089028 -1.071556 -0.606119 -0.293978  -0.983018
-0.089028 -1.071556 -0.606119 -0.220151  -0.997755
-0.008793 -1.071556 -0.606119 -0.220151  -0.997050
-0.008793 -0.985254 -0.606119 -0.220151  -0.723065
-0.008793 -0.985254 -0.513845 -0.220151  -0.810067
-0.008793 -0.985254 -0.513845 -0.121891  -0.818926
-0.104319 -0.985254 -0.513845 -0.121891  -0.820060
-0.104319 -1.074552 -0.513845 -0.121891  -1.104394
-0.104319 -1.074552 -0.597087 -0.121891  -1.027198
-0.104319 -1.074552 -0.597087 -0.199214  -1.021103
-0.175532 -1.074552 -0.597087 -0.199214  -1.025376
-0.175532 -1.139417 -0.597087 -0.199214  -1.263907
-0.175532 -1.139417 -0.655726 -0.199214  -1.194829
-0.175532 -1.139417 -0.655726 -0.251700  -1.186789
-0.221738 -1.139417 -0.655726 -0.251700  -1.192283
-0.221738 -1.179430 -0.655726 -0.251700  -1.353661
-0.221738 -1.179430 -0.689326 -0.251700  -1.308061
-0.221738 -1.179430 -0.689326 -0.214661  -1.314115
-0.178420 -1.179430 -0.689326 -0.214661  -1.308893
-0.178420 -1.129860 -0.689326 -0.214661  -1.110602
-0.178420 -1.129860 -0.633700 -0.214661  -1.183671
-0.178420 -1.129860 -0.633700 -0.152688  -1.190002
-0.110361 -1.129860 -0.633700 -0.152688  -1.185667
-0.110361 -1.055764 -0.633700 -0.152688  -0.920100
-0.110361 -1.055764 -0.553280 -0.152688  -1.005209
-0.110361 -1.055764 -0.553280 -0.066017  -1.008481
-0.017295 -1.055764 -0.553280 -0.066017  -1.007142
-0.017295 -0.956428 -0.553280 -0.066017  -0.705244
-0.017295 -0.956428 -0.647883 -0.066017  -0.602663
-0.017295 -0.956428 -0.647883 -0.154534  -0.599260
-0.099480 -0.956428 -0.647883 -0.154534  -0.600240
-0.099480 -1.032218 -0.647883 -0.154534  -0.825144
-0.099480 -1.032218 -0.717260 -0.154534  -0.728092
-0.099480 -1.032218 -0.717260 -0.217655  -0.721471
-0.156411 -1.032218 -0.717260 -0.217655  -0.724313
-0.156411 -1.082741 -0.717260 -0.217655  -0.893840
-0.156411 -1.082741 -0.761314 -0.217655  -0.821586
-0.156411 -1.082741 -0.761314 -0.255665  -0.815186
-0.188184 -1.082741 -0.761314 -0.255665  -0.818024
-0.188184 -1.108206 -0.761314 -0.255665  -0.909706
-0.188184 -1.108206 -0.780869 -0.255665  -0.874824
-0.188184 -1.108206 -0.780869 -0.269286  -0.872009
-0.195943 -1.108206 -0.780869 -0.269286  -0.872867
-0.195943 -1.109741 -0.780869 -0.269286  -0.878531
-0.195943 -1.109741 -0.776423 -0.269286  -0.886617
-0.195943 -1.109741 -0.776423 -0.259067  -0.888757
-0.179795 -1.109741 -0.776423 -0.259067  -0.887046
-0.179795 -1.087774 -0.776423 -0.259067  -0.807481
-0.179795 -1.087774 -0.748554 -0.259067  -0.856094
-0.179795 -1.087774 -0.748554 -0.225089  -0.862078
-0.139633 -1.087774 -0.748554 -0.225089  -0.858988
-0.139633 -1.041378 -0.748554 -0.225089  -0.701221
-0.139633 -1.041378 -0.696026 -0.225089  -0.783469
-0.139633 -1.041378 -0.696026 -0.166480  -0.790259
-0.074905 -1.041378 -0.696026 -0.166480  -0.787957
-0.074905 -0.970607 -0.696026 -0.166480  -0.573002
-0.074905 -0.970607 -0.619197 -0.166480  -0.672790
-0.074905 -0.970607 -0.619197 -0.083367  -0.676825
0.014275 -0.970607 -0.619197 -0.083367  -0.676402
0.014275 -0.875161 -0.619197 -0.083367  -0.432306
0.014275 -0.875161 -0.717628 -0.083367  -0.300138
0.014275 -0.875161 -0.717628 -0.175599  -0.295303
-0.071857 -0.875161 -0.717628 -0.175599  -0.295677
-0.071857 -0.955392 -0.717628 -0.175599  -0.497442
-0.071857 -0.955392 -0.792082 -0.175599  -0.370067
-0.071857 -0.955392 -0.792082 -0.244289  -0.360903
-0.134505 -0.955392 -0.792082 -0.244289  -0.362965
-0.134505 -1.011969 -0.792082 -0.244289  -0.527246
-0.134505 -1.011969 -0.842416 -0.244289  -0.426360
-0.134505 -1.011969 -0.842416 -0.288510  -0.416923
-0.172497 -1.011969 -0.842416 -0.288510  -0.419623
-0.172497 -1.043662 -0.842416 -0.288510  -0.520074
-0.172497 -1.043662 -0.867839 -0.288510  -0.464299
-0.172497 -1.043662 -0.867839 -0.307956  -0.459108
-0.186005 -1.043662 -0.867839 -0.307956  -0.460411
-0.186005 -1.051145 -0.867839 -0.307956  -0.485040
-0.186005 -1.051145 -0.869232 -0.307956  -0.481887
-0.186005 -1.051145 -0.869232 -0.303478  -0.483143
-0.175493 -1.051145 -0.869232 -0.303478  -0.482113
-0.175493 -1.034909 -0.869232 -0.303478  -0.429119
-0.175493 -1.034909 -0.847189 -0.303478  -0.477826
-0.175493 -1.034909 -0.847189 -0.275359  -0.484898
-0.141335 -1.034909 -0.847189 -0.275359  -0.482316
-0.141335 -0.994784 -0.847189 -0.275359  -0.358326
-0.141335 -0.994784 -0.801316 -0.275359  -0.451849
-0.141335 -0.994784 -0.801316 -0.223595  -0.461549
-0.083661 -0.994784 -0.801316 -0.223595  -0.459311
-0.083661 -0.931218 -0.801316 -0.223595  -0.282399
-0.083661 -0.931218 -0.731939 -0.223595  -0.404803
-0.083661 -0.931218 -0.731939 -0.148261  -0.412723
-0.002379 -0.931218 -0.731939 -0.148261  -0.412137
-0.002379 -0.843890 -0.731939 -0.148261  -0.205591
-0.002379 -0.843890 -0.638686 -0.148261  -0.337184
-0.002379 -0.843890 -0.638686 -0.049037  -0.340325
-0.096964 -0.843890 -0.638686 -0.049037  -0.341237
-0.096964 -0.932512 -0.638686 -0.049037  -0.551154
-0.096964 -0.932512 -0.721389 -0.049037  -0.436275
-0.096964 -0.932512 -0.721389 -0.061393  -0.436161
-0.103073 -0.932512 -0.721389 -0.061393  -0.436345
-0.103073 -0.932730 -0.721389 -0.061393  -0.436913
-0.103073 -0.932730 -0.715579 -0.061393  -0.445911
-0.103073 -0.932730 -0.715579 -0.049273  -0.446023
-0.084902 -0.932730 -0.715579 -0.049273  -0.445540
-0.084902 -0.908454 -0.715579 -0.049273  -0.383815
-0.084902 -0.908454 -0.685521 -0.049273  -0.428077
-0.084902 -0.908454 -0.685521 -0.013400  -0.428194
-0.042577 -0.908454 -0.685521 -0.013400  -0.427659
-0.042577 -0.859873 -0.685521 -0.013400  -0.313696
-0.042577 -0.859873 -0.630708 -0.013400  -0.384958
-0.042577 -0.859873 -0.630708 0.047575  -0.385068
0.024597 -0.859873 -0.630708 0.047575  -0.384976
0.024597 -0.786551 -0.630708 0.047575  -0.235811
0.024597 -0.786551 -0.551447 0.047575  -0.319010
0.024597 -0.786551 -0.551447 0.133048  -0.321258
0.116228 -0.786551 -0.551447 0.133048  -0.319702
0.116228 -0.688731 -0.551447 0.133048  -0.159792
0.116228 -0.688731 -0.647460 0.133048  -0.056066
0.116228 -0.688731 -0.647460 0.043145  -0.053791
0.032514 -0.688731 -0.647460 0.043145  -0.055327
0.032514 -0.766345 -0.647460 0.043145  -0.178690
0.032514 -0.766345 -0.719080 0.043145  -0.078290
0.032514 -0.766345 -0.719080 -0.022531  -0.078199
-0.027152 -0.766345 -0.719080 -0.022531  -0.078253
-0.027152 -0.819745 -0.719080 -0.022531  -0.179043
-0.027152 -0.819745 -0.766129 -0.022531  -0.101180
-0.027152 -0.819745 -0.766129 -0.063320  -0.100937
-0.061735 -0.819745 -0.766129 -0.063320  -0.101153
-0.061735 -0.848044 -0.766129 -0.063320  -0.160194
-0.061735 -0.848044 -0.788333 -0.063320  -0.119952
-0.061735 -0.848044 -0.788333 -0.079538  -0.119703
-0.072080 -0.848044 -0.788333 -0.079538  -0.119842
-0.072080 -0.852228 -0.788333 -0.079538  -0.128914
-0.072080 -0.852228 -0.786317 -0.079538  -0.132663
-0.072080 -0.852228 -0.786317 -0.071646  -0.132798
-0.058140 -0.852228 -0.786317 -0.071646  -0.132620
-0.058140 -0.832216 -0.786317 -0.071646  -0.090033
-0.058140 -0.832216 -0.760315 -0.071646  -0.136686
-0.058140 -0.832216 -0.760315 -0.039591  -0.136992
-0.019887 -0.832216 -0.760315 -0.039591  -0.136803
-0.019887 -0.787971 -0.760315 -0.039591  -0.049674
-0.019887 -0.787971 -0.710084 -0.039591  -0.131158
-0.019887 -0.787971 -0.710084 0.016668  -0.131224
0.042520 -0.787971 -0.710084 0.016668  -0.131139
0.042520 -0.719342 -0.710084 0.016668  -0.014115
0.042520 -0.719342 -0.635444 0.016668  -0.115567
0.042520 -0.719342 -0.635444 0.097370  -0.116486
0.129601 -0.719342 -0.635444 0.097370  -0.114386
0.129601 -0.626138 -0.635444 0.097370  0.012363
0.129601 -0.626138 -0.536229 0.097370  -0.090034
0.129601 -0.626138 -0.536229 0.002874  -0.089111
0.041494 -0.626138 -0.536229 0.002874  -0.091216
0.041494 -0.708012 -0.536229 0.002874  -0.200652
0.041494 -0.708012 -0.612094 0.002874  -0.125514
0.041494 -0.708012 -0.612094 -0.067251  -0.125210
-0.022446 -0.708012 -0.612094 -0.067251  -0.125293
-0.022446 -0.765553 -0.612094 -0.067251  -0.219049
-0.022446 -0.765553 -0.663417 -0.067251  -0.156392
-0.022446 -0.765553 -0.663417 -0.112507  -0.155272
-0.061712 -0.765553 -0.663417 -0.112507  -0.155495
-0.061712 -0.798742 -0.663417 -0.112507  -0.216415
-0.061712 -0.798742 -0.690672 -0.112507  -0.178930
-0.061712 -0.798742 -0.690672 -0.133800  -0.177959
-0.076748 -0.798742 -0.690672 -0.133800  -0.178176
-0.076748 -0.807537 -0.690672 -0.133800  -0.195194
-0.076748 -0.807537 -0.693277 -0.133800  -0.191451
-0.076748 -0.807537 -0.693277 -0.130448  -0.191627
-0.067324 -0.807537 -0.693277 -0.130448  -0.191480
-0.067324 -0.792188 -0.693277 -0.130448  -0.162020
-0.067324 -0.792188 -0.672205 -0.130448  -0.191491
-0.067324 -0.792188 -0.672205 -0.103612  -0.192598
-0.034678 -0.792188 -0.672205 -0.103612  -0.192335
-0.034678 -0.753731 -0.672205 -0.103612  -0.123391
-0.034678 -0.753731 -0.627723 -0.103612  -0.179787
-0.034678 -0.753731 -0.627723 -0.052965  -0.180750
0.022372 -0.753731 -0.627723 -0.052965  -0.180698
0.022372 -0.690822 -0.627723 -0.052965  -0.082179
0.022372 -0.690822 -0.558971 -0.052965  -0.154875
0.022372 -0.690822 -0.558971 0.021855  -0.155034
-0.033690 -0.690822 -0.558971 0.021855  -0.155084
-0.033690 -0.739276 -0.558971 0.021855  -0.229435
-0.033690 -0.739276 -0.601301 0.021855  -0.186676
-0.033690 -0.739276 -0.601301 -0.014423  -0.186663
-0.063868 -0.739276 -0.601301 -0.014423  -0.186885
-0.063868 -0.763211 -0.601301 -0.014423  -0.227413
-0.063868 -0.763211 -0.619062 -0.014423  -0.207574
-0.063868 -0.763211 -0.619062 -0.026046  -0.207559
-0.069662 -0.763211 -0.619062 -0.026046  -0.207637
-0.069662 -0.762754 -0.619062 -0.026046  -0.206838
-0.069662 -0.762754 -0.612850 -0.026046  -0.213908
-0.069662 -0.762754 -0.612850 -0.013900  -0.213923
-0.051199 -0.762754 -0.612850 -0.013900  -0.213719
-0.051199 -0.738371 -0.612850 -0.013900  -0.172507
-0.051199 -0.738371 -0.582657 -0.013900  -0.204879
-0.051199 -0.738371 -0.582657 0.022223  -0.204893
-0.009308 -0.738371 -0.582657 0.022223  -0.204759
-0.009308 -0.690598 -0.582657 0.022223  -0.131570
-0.009308 -0.690598 -0.528989 0.022223  -0.181349
-0.009308 -0.690598 -0.528989 0.081815  -0.181885
0.056213 -0.690598 -0.528989 0.081815  -0.181707
0.056213 -0.619105 -0.528989 0.081815  -0.089640
0.056213 -0.619105 -0.451520 0.081815  -0.145616
0.056213 -0.619105 -0.451520 0.165465  -0.149598
0.146319 -0.619105 -0.451520 0.165465  -0.146643
0.146319 -0.522999 -0.451520 0.165465  -0.052401
0.146319 -0.522999 -0.549338 0.165465  0.021322
0.146319 -0.522999 -0.549338 0.073534  0.025455
0.060497 -0.522999 -0.549338 0.073534  0.022544
0.060497 -0.602798 -0.549338 0.073534  -0.053437
0.060497 -0.602798 -0.623051 0.073534  0.022651
0.060497 -0.602798 -0.623051 0.005851  0.023049
-0.001105 -0.602798 -0.623051 0.005851  0.022827
-0.001105 -0.658116 -0.623051 0.005851  -0.043177
-0.001105 -0.658116 -0.672388 0.005851  0.018949
-0.001105 -0.658116 -0.672388 -0.037648  0.019003
-0.038574 -0.658116 -0.672388 -0.037648  0.018945
-0.038574 -0.689599 -0.672388 -0.037648  -0.023951
-0.038574 -0.689599 -0.697288 -0.037648  0.011087
-0.038574 -0.689599 -0.697288 -0.056429  0.011214
-0.051440 -0.689599 -0.697288 -0.056429  0.011135
-0.051440 -0.696370 -0.697288 -0.056429  0.001380
-0.051440 -0.696370 -0.697807 -0.056429  0.002138
-0.051440 -0.696370 -0.697807 -0.051038  0.002091
-0.039945 -0.696370 -0.697807 -0.051038  0.002164
-0.039945 -0.678879 -0.697807 -0.051038  0.026975
-0.039945 -0.678879 -0.674468 -0.051038  -0.005990
-0.039945 -0.678879 -0.674468 -0.021181  -0.006114
-0.003771 -0.678879 -0.674468 -0.021181  -0.006050
-0.003771 -0.636557 -0.674468 -0.021181  0.048894
-0.003771 -0.636557 -0.626303 -0.021181  -0.012256
-0.003771 -0.636557 -0.626303 0.032837  -0.012301
0.056343 -0.636557 -0.626303 0.032837  -0.012122
0.056343 -0.570438 -0.626303 0.032837  0.060194
0.056343 -0.570438 -0.554312 0.032837  -0.015158
0.056343 -0.570438 -0.554312 0.111013  -0.016490
0.140638 -0.570438 -0.554312 0.111013  -0.013887
0.140638 -0.480328 -0.554312 0.111013  0.060914
0.140638 -0.480328 -0.458287 0.111013  -0.013153
0.140638 -0.480328 -0.458287 0.013162  -0.011787
0.048886 -0.480328 -0.458287 0.013162  -0.014452
0.048886 -0.566065 -0.458287 0.013162  -0.085017
0.048886 -0.566065 -0.537953 0.013162  -0.025590
0.048886 -0.566065 -0.537953 -0.060309  -0.025368
-0.018594 -0.566065 -0.537953 -0.060309  -0.025492
-0.018594 -0.627261 -0.537953 -0.060309  -0.090907
-0.018594 -0.627261 -0.593025 -0.060309  -0.038033
-0.018594 -0.627261 -0.593025 -0.109162  -0.036951
-0.061229 -0.627261 -0.593025 -0.109162  -0.037174
-0.061229 -0.663772 -0.593025 -0.109162  -0.082828
-0.061229 -0.663772 -0.623574 -0.109162  -0.048909
-0.061229 -0.663772 -0.623574 -0.133787  -0.047815
-0.079910 -0.663772 -0.623574 -0.133787  -0.048096
-0.079910 -0.676155 -0.623574 -0.133787  -0.064770
-0.079910 -0.676155 -0.629411 -0.133787  -0.057898
-0.079910 -0.676155 -0.629411 -0.133619  -0.057907
-0.073652 -0.676155 -0.629411 -0.133619  -0.057796
-0.073652 -0.664058 -0.629411 -0.133619  -0.041500
-0.073652 -0.664058 -0.611294 -0.133619  -0.062417
-0.073652 -0.664058 -0.611294 -0.109489  -0.063490
-0.043312 -0.664058 -0.611294 -0.109489  -0.063172
-0.043312 -0.627705 -0.611294 -0.109489  -0.017664
-0.043312 -0.627705 -0.705499 -0.109489  0.105054
-0.043312 -0.627705 -0.705499 -0.196005  0.111272
-0.123695 -0.627705 -0.705499 -0.196005  0.109460
-0.123695 -0.701794 -0.705499 -0.196005  0.011141
-0.123695 -0.701794 -0.773545 -0.196005  0.122860
-0.123695 -0.701794 -0.773545 -0.258069  0.132518
-0.179802 -0.701794 -0.773545 -0.258069  0.128597
-0.179802 -0.751815 -0.773545 -0.258069  0.049295
-0.179802 -0.751815 -0.817466 -0.258069  0.132701
-0.179802 -0.751815 -0.817466 -0.296015  0.141452
-0.211809 -0.751815 -0.817466 -0.296015  0.137762
-0.211809 -0.777779 -0.817466 -0.296015  0.092199
-0.211809 -0.777779 -0.837411 -0.296015  0.133167
-0.211809 -0.777779 -0.837411 -0.309869  0.136982
-0.219531 -0.777779 -0.837411 -0.309869  0.135904
-0.219531 -0.779424 -0.837411 -0.309869  0.132912
-0.219531 -0.779424 -0.833283 -0.309869  0.124272
-0.219531 -0.779424 -0.833283 -0.300006  0.121520
-0.203554 -0.779424 -0.833283 -0.300006  0.123666
-0.203554 -0.757684 -0.833283 -0.300006  0.162192
-0.203554 -0.757684 -0.805634 -0.300006  0.106487
-0.203554 -0.757684 -0.805634 -0.266470  0.098407
-0.163795 -0.757684 -0.805634 -0.266470  0.102446
-0.163795 -0.712025 -0.805634 -0.266470  0.176439
-0.163795 -0.712025 -0.754184 -0.266470  0.082520
-0.163795 -0.712025 -0.754184 -0.208939  0.072720
-0.100243 -0.712025 -0.754184 -0.208939  0.076107
-0.100243 -0.642754 -0.754184 -0.208939  0.171547
-0.100243 -0.642754 -0.679107 -0.208939  0.055767
-0.100243 -0.642754 -0.679107 -0.128099  0.048748
-0.013602 -0.642754 -0.679107 -0.128099  0.049752
-0.013602 -0.550245 -0.679107 -0.128099  0.148698
-0.013602 -0.550245 -0.580788 -0.128099  0.031411
-0.013602 -0.550245 -0.580788 -0.224016  0.040550
-0.103454 -0.550245 -0.580788 -0.224016  0.039446
-0.103454 -0.634104 -0.580788 -0.224016  -0.048923
-0.103454 -0.634104 -0.658624 -0.224016  0.040871
-0.103454 -0.634104 -0.658624 -0.295942  0.055548
-0.169352 -0.634104 -0.658624 -0.295942  0.051798
-0.169352 -0.693873 -0.658624 -0.295942  -0.027308
-0.169352 -0.693873 -0.712304 -0.295942  0.048397
-0.169352 -0.693873 -0.712304 -0.343943  0.063165
-0.211657 -0.693873 -0.712304 -0.343943  0.058540
-0.211657 -0.730277 -0.712304 -0.343943  0.003152
-0.211657 -0.730277 -0.742818 -0.343943  0.051617
-0.211657 -0.730277 -0.742818 -0.368897  0.061130
-0.230777 -0.730277 -0.742818 -0.368897  0.058322
-0.230777 -0.743444 -0.742818 -0.368897  0.036873
-0.230777 -0.743444 -0.750145 -0.368897  0.049122
-0.230777 -0.743444 -0.750145 -0.370491  0.049776
-0.226442 -0.743444 -0.750145 -0.370491  0.050455
-0.226442 -0.733170 -0.750145 -0.370491  0.067257
-0.226442 -0.733170 -0.733895 -0.370491  0.040414
-0.226442 -0.733170 -0.733895 -0.348330  0.031823
-0.198139 -0.733170 -0.733895 -0.348330  0.035655
-0.198139 -0.698933 -0.733895 -0.348330  0.088328
-0.198139 -0.698933 -0.693857 -0.348330  0.027100
-0.198139 -0.698933 -0.693857 -0.302026  0.012387
-0.145990 -0.698933 -0.693857 -0.302026  0.017054
-0.145990 -0.641098 -0.693857 -0.302026  0.094992
-0.145990 -0.641098 -0.630340 -0.302026  0.011396
-0.145990 -0.641098 -0.630340 -0.232562  -0.003577
-0.070330 -0.641098 -0.630340 -0.232562  -0.000813
-0.070330 -0.559125 -0.630340 -0.232562  0.087888
-0.070330 -0.559125 -0.542310 -0.232562  -0.003071
-0.070330 -0.559125 -0.542310 -0.138274  -0.013005
-0.169721 -0.559125 -0.542310 -0.138274  -0.017546
-0.169721 -0.652236 -0.542310 -0.138274  -0.120221
-0.169721 -0.652236 -0.629211 -0.138274  -0.030605
-0.169721 -0.652236 -0.629211 -0.219256  -0.022709
-0.244656 -0.652236 -0.629211 -0.219256  -0.032464
-0.244656 -0.721189 -0.629211 -0.219256  -0.130095
-0.244656 -0.721189 -0.692178 -0.219256  -0.047574
-0.244656 -0.721189 -0.692178 -0.276375  -0.037004
-0.295514 -0.721189 -0.692178 -0.276375  -0.048166
-0.295514 -0.765951 -0.692178 -0.276375  -0.122436
-0.295514 -0.765951 -0.730907 -0.276375  -0.063598
-0.295514 -0.765951 -0.730907 -0.309113  -0.055172
-0.322234 -0.765951 -0.730907 -0.309113  -0.062824
-0.322234 -0.786595 -0.730907 -0.309113  -0.100146
-0.322234 -0.786595 -0.745502 -0.309113  -0.076284
-0.322234 -0.786595 -0.745502 -0.317779  -0.073730
-0.259352 -0.786595 -0.745502 -0.317779  -0.057716
-0.259352 -0.717590 -0.745502 -0.317779  0.059462
-0.259352 -0.717590 -0.670458 -0.317779  -0.053487
-0.259352 -0.717590 -0.670458 -0.236603  -0.072332
-0.172030 -0.717590 -0.670458 -0.236603  -0.059978
-0.172030 -0.624144 -0.670458 -0.236603  0.066396
-0.172030 -0.624144 -0.571207 -0.236603  -0.048613
-0.172030 -0.624144 -0.571207 -0.331380  -0.025469
-0.260464 -0.624144 -0.571207 -0.331380  -0.038048
-0.260464 -0.706369 -0.571207 -0.331380  -0.147357
-0.260464 -0.706369 -0.647413 -0.331380  -0.062369
-0.260464 -0.706369 -0.647413 -0.401865  -0.033860
-0.325106 -0.706369 -0.647413 -0.401865  -0.050551
-0.325106 -0.765229 -0.647413 -0.401865  -0.146202
-0.325106 -0.765229 -0.700462 -0.401865  -0.073881
-0.325106 -0.765229 -0.700462 -0.449146  -0.048173
-0.366406 -0.765229 -0.700462 -0.449146  -0.063002
-0.366406 -0.800296 -0.700462 -0.449146  -0.127473
-0.366406 -0.800296 -0.729488 -0.449146  -0.082954
-0.366406 -0.800296 -0.729488 -0.472418  -0.068128
-0.383758 -0.800296 -0.729488 -0.472418  -0.075452
-0.383758 -0.811847 -0.729488 -0.472418  -0.097969
-0.383758 -0.811847 -0.735124 -0.472418  -0.088902
-0.383758 -0.811847 -0.735124 -0.472111  -0.089107
-0.377489 -0.811847 -0.735124 -0.472111  -0.086382
-0.377489 -0.799611 -0.735124 -0.472111  -0.062550
-0.377489 -0.799611 -0.716802 -0.472111  -0.091520
-0.377489 -0.799611 -0.716802 -0.447731  -0.106995
-0.347200 -0.799611 -0.716802 -0.447731  -0.095058
-0.347200 -0.763365 -0.716802 -0.447731  -0.028637
-0.347200 -0.763365 -0.674559 -0.447731  -0.089989
-0.347200 -0.763365 -0.674559 -0.399393  -0.116033
-0.292738 -0.763365 -0.674559 -0.399393  -0.099265
-0.292738 -0.703174 -0.674559 -0.399393  -0.002121
-0.292738 -0.703174 -0.608225 -0.399393  -0.084060
-0.292738 -0.703174 -0.608225 -0.326742  -0.112886
-0.213921 -0.703174 -0.608225 -0.326742  -0.097589
-0.213921 -0.618536 -0.608225 -0.326742  0.013455
-0.213921 -0.618536 -0.517620 -0.326742  -0.072864
-0.213921 -0.618536 -0.517620 -0.230076  -0.095568
-0.311112 -0.618536 -0.517620 -0.230076  -0.115892
-0.311112 -0.709580 -0.517620 -0.230076  -0.236524
-0.311112 -0.709580 -0.602484 -0.230076  -0.156516
-0.311112 -0.709580 -0.602484 -0.309001  -0.139191
-0.383847 -0.709580 -0.602484 -0.309001  -0.165634
-0.383847 -0.776220 -0.602484 -0.309001  -0.276043
-0.383847 -0.776220 -0.662930 -0.309001  -0.203395
-0.383847 -0.776220 -0.662930 -0.363294  -0.184951
-0.431983 -0.776220 -0.662930 -0.363294  -0.209007
-0.431983 -0.818062 -0.662930 -0.363294  -0.288790
-0.431983 -0.818062 -0.698619 -0.363294  -0.239158
-0.431983 -0.818062 -0.698619 -0.392922  -0.226443
-0.455526 -0.818062 -0.698619 -0.392922  -0.240355
-0.455526 -0.835552 -0.698619 -0.392922  -0.276225
-0.455526 -0.835552 -0.709943 -0.392922  -0.259374
-0.455526 -0.835552 -0.709943 -0.398446  -0.256779
-0.455209 -0.835552 -0.709943 -0.398446  -0.256582
-0.455209 -0.829287 -0.709943 -0.398446  -0.243559
-0.455209 -0.829287 -0.697922 -0.398446  -0.261431
-0.455209 -0.829287 -0.697922 -0.380490  -0.269603
-0.431054 -0.829287 -0.697922 -0.380490  -0.255370
-0.431054 -0.799055 -0.697922 -0.380490  -0.195242
-0.431054 -0.799055 -0.661723 -0.380490  -0.245443
-0.431054 -0.799055 -0.661723 -0.338144  -0.261864
-0.382692 -0.799055 -0.661723 -0.338144  -0.237818
-0.382692 -0.744942 -0.661723 -0.338144  -0.141026
-0.382692 -0.744942 -0.601960 -0.338144  -0.212655
-0.382692 -0.744942 -0.601960 -0.272282  -0.231133
-0.310635 -0.744942 -0.601960 -0.272282  -0.205061
-0.310635 -0.666912 -0.601960 -0.272282  -0.088288
-0.310635 -0.666912 -0.517911 -0.272282  -0.167492
-0.310635 -0.666912 -0.517911 -0.182342  -0.181616
-0.214733 -0.666912 -0.517911 -0.182342  -0.161543
-0.214733 -0.765290 -0.517911 -0.182342  -0.313124
-0.214733 -0.765290 -0.610260 -0.182342  -0.224773
-0.214733 -0.765290 -0.610260 -0.268734  -0.211428
-0.294948 -0.765290 -0.610260 -0.268734  -0.227186
-0.294948 -0.839325 -0.610260 -0.268734  -0.370257
-0.294948 -0.839325 -0.678124 -0.268734  -0.285692
-0.294948 -0.839325 -0.678124 -0.330793  -0.268902
-0.325668 -0.839325 -0.678124 -0.330793  -0.277784
-0.325668 -0.863803 -0.678124 -0.330793  -0.331038
-0.325668 -0.863803 -0.696483 -0.330793  -0.305019
-0.325668 -0.863803 -0.696483 -0.343318  -0.300750
-0.332202 -0.863803 -0.696483 -0.343318  -0.302871
-0.332202 -0.864408 -0.696483 -0.343318  -0.304227
-0.332202 -0.864408 -0.691031 -0.343318  -0.312099
-0.332202 -0.864408 -0.691031 -0.331941  -0.315990
-0.314678 -0.864408 -0.691031 -0.331941  -0.310489
-0.314678 -0.840909 -0.691031 -0.331941  -0.259231
-0.314678 -0.840909 -0.661630 -0.331941  -0.299583
-0.314678 -0.840909 -0.661630 -0.296417  -0.310114
-0.273035 -0.840909 -0.661630 -0.296417  -0.299308
-0.273035 -0.793269 -0.661630 -0.296417  -0.203865
-0.273035 -0.793269 -0.608180 -0.296417  -0.268540
-0.273035 -0.793269 -0.608180 -0.236877  -0.281293
-0.207395 -0.793269 -0.608180 -0.236877  -0.269859
-0.207395 -0.721857 -0.608180 -0.236877  -0.146816
-0.207395 -0.721857 -0.530929 -0.236877  -0.222111
-0.207395 -0.721857 -0.530929 -0.153720  -0.231770
-0.117949 -0.721857 -0.530929 -0.153720  -0.224490
-0.117949 -0.626387 -0.530929 -0.153720  -0.094117
-0.117949 -0.626387 -0.629596 -0.153720  0.005788
-0.117949 -0.626387 -0.629596 -0.246544  0.017142
-0.205043 -0.626387 -0.629596 -0.246544  0.010162
-0.205043 -0.707633 -0.629596 -0.246544  -0.098411
-0.205043 -0.707633 -0.704576 -0.246544  0.001793
-0.205043 -0.707633 -0.704576 -0.315490  0.018209
-0.268108 -0.707633 -0.704576 -0.315490  0.007558
-0.268108 -0.764493 -0.704576 -0.315490  -0.084907
-0.268108 -0.764493 -0.755208 -0.315490  -0.003953
-0.268108 -0.764493 -0.755208 -0.360003  0.011302
-0.306787 -0.764493 -0.755208 -0.360003  0.001700
-0.306787 -0.797059 -0.755208 -0.360003  -0.057866
-0.306787 -0.797059 -0.781854 -0.360003  -0.010647
-0.306787 -0.797059 -0.781854 -0.380673  -0.002140
-0.321200 -0.797059 -0.781854 -0.380673  -0.006404
-0.321200 -0.805159 -0.781854 -0.380673  -0.022000
-0.321200 -0.805159 -0.783371 -0.380673  -0.019213
-0.321200 -0.805159 -0.783371 -0.376132  -0.021163
-0.310408 -0.805159 -0.783371 -0.376132  -0.017934
-0.310408 -0.788519 -0.783371 -0.376132  0.013765
-0.310408 -0.788519 -0.760972 -0.376132  -0.026304
-0.310408 -0.788519 -0.760972 -0.347908  -0.037407
-0.276141 -0.788519 -0.760972 -0.347908  -0.028555
-0.276141 -0.748479 -0.760972 -0.347908  0.042402
-0.276141 -0.748479 -0.715047 -0.347908  -0.032662
-0.276141 -0.748479 -0.715047 -0.296054  -0.048825
-0.218248 -0.748479 -0.715047 -0.296054  -0.038163
-0.218248 -0.684790 -0.715047 -0.296054  0.060027
-0.218248 -0.684790 -0.645409 -0.296054  -0.036723
-0.218248 -0.684790 -0.645409 -0.220345  -0.051973
-0.136406 -0.684790 -0.645409 -0.220345  -0.044116
-0.136406 -0.596967 -0.645409 -0.220345  0.064266
-0.136406 -0.596967 -0.551686 -0.220345  -0.036672
-0.136406 -0.596967 -0.551686 -0.120512  -0.045620
-0.230255 -0.596967 -0.551686 -0.120512  -0.055289
-0.230255 -0.684703 -0.551686 -0.120512  -0.163549
-0.230255 -0.684703 -0.633363 -0.120512  -0.077385
-0.230255 -0.684703 -0.633363 -0.196365  -0.071563
-0.299871 -0.684703 -0.633363 -0.196365  -0.086321
-0.299871 -0.747910 -0.633363 -0.196365  -0.183679
-0.299871 -0.747910 -0.690434 -0.196365  -0.108623
-0.299871 -0.747910 -0.690434 -0.247611  -0.101014
-0.345041 -0.747910 -0.690434 -0.247611  -0.115126
-0.345041 -0.786809 -0.690434 -0.247611  -0.183857
-0.345041 -0.786809 -0.723432 -0.247611  -0.134376
-0.345041 -0.786809 -0.723432 -0.274794  -0.128807
-0.366133 -0.786809 -0.723432 -0.274794  -0.136810
-0.366133 -0.801626 -0.723432 -0.274794  -0.164850
-0.366133 -0.801626 -0.732163 -0.274794  -0.150975
-0.366133 -0.801626 -0.732163 -0.277620  -0.150329
-0.362903 -0.801626 -0.732163 -0.277620  -0.149041
-0.362903 -0.792481 -0.732163 -0.277620  -0.131610
-0.362903 -0.792481 -0.716927 -0.277620  -0.155606
-0.362903 -0.792481 -0.716927 -0.256417  -0.160144
-0.335729 -0.792481 -0.716927 -0.256417  -0.150191
-0.335729 -0.759695 -0.716927 -0.256417  -0.090940
-0.335729 -0.759695 -0.678135 -0.256417  -0.147578
-0.335729 -0.759695 -0.678135 -0.211649  -0.154956
-0.284800 -0.759695 -0.678135 -0.211649  -0.140215
-0.284800 -0.678285 -0.678135 -0.211649  -0.013827
-0.284800 -0.678285 -0.590511 -0.211649  -0.119766
-0.284800 -0.678285 -0.590511 -0.117969  -0.127605
-0.184887 -0.678285 -0.590511 -0.117969  -0.110824
-0.184887 -0.772534 -0.590511 -0.117969  -0.259820
-0.184887 -0.772534 -0.678584 -0.117969  -0.153263
-0.184887 -0.772534 -0.678584 -0.199965  -0.146909
-0.261049 -0.772534 -0.678584 -0.199965  -0.158378
-0.261049 -0.842791 -0.678584 -0.199965  -0.295953
-0.261049 -0.842791 -0.742945 -0.199965  -0.198343
-0.261049 -0.842791 -0.742945 -0.258753  -0.189015
-0.313832 -0.842791 -0.742945 -0.258753  -0.202135
-0.313832 -0.889416 -0.742945 -0.258753  -0.307086
-0.313832 -0.889416 -0.783594 -0.258753  -0.236025
-0.313832 -0.889416 -0.783594 -0.293563  -0.228050
-0.342709 -0.889416 -0.783594 -0.293563  -0.237391
-0.342709 -0.912397 -0.783594 -0.293563  -0.293349
-0.342709 -0.912397 -0.800675 -0.293563  -0.261194
-0.342709 -0.912397 -0.800675 -0.304961  -0.258132
-0.348135 -0.912397 -0.800675 -0.304961  -0.260074
-0.348135 -0.911680 -0.800675 -0.304961  -0.258287
-0.348135 -0.911680 -0.793939 -0.304961  -0.271134
-0.348135 -0.911680 -0.793939 -0.291954  -0.274610
-0.328801 -0.911680 -0.793939 -0.291954  -0.267964
-0.328801 -0.886431 -0.793939 -0.291954  -0.206734
-0.328801 -0.886431 -0.762686 -0.291954  -0.263538
-0.328801 -0.886431 -0.762686 -0.254695  -0.271901
-0.285467 -0.886431 -0.762686 -0.254695  -0.259618
-0.285467 -0.837257 -0.762686 -0.254695  -0.150012
-0.285467 -0.837257 -0.707617 -0.254695  -0.239339
-0.285467 -0.837257 -0.707617 -0.193606  -0.248604
-0.218388 -0.837257 -0.707617 -0.193606  -0.235757
-0.218388 -0.764448 -0.707617 -0.193606  -0.095568
-0.218388 -0.764448 -0.628983 -0.193606  -0.201049
-0.218388 -0.764448 -0.628983 -0.109014  -0.207010
-0.127678 -0.764448 -0.628983 -0.109014  -0.198676
-0.127678 -0.667851 -0.628983 -0.109014  -0.049826
-0.127678 -0.667851 -0.726608 -0.109014  0.084956
-0.127678 -0.667851 -0.726608 -0.200764  0.091753
-0.213540 -0.667851 -0.726608 -0.200764  0.084097
-0.213540 -0.747713 -0.726608 -0.200764  -0.036053
-0.213540 -0.747713 -0.800352 -0.200764  0.093004
-0.213540 -0.747713 -0.800352 -0.268579  0.104285
-0.275160 -0.747713 -0.800352 -0.268579  0.093190
-0.275160 -0.803092 -0.800352 -0.268579  -0.006742
-0.275160 -0.803092 -0.849706 -0.268579  0.094070
-0.275160 -0.803092 -0.849706 -0.311985  0.105063
-0.312480 -0.803092 -0.849706 -0.311985  0.095384
-0.312480 -0.834488 -0.849706 -0.311985  0.032232
-0.312480 -0.834488 -0.875226 -0.311985  0.089184
-0.312480 -0.834488 -0.875226 -0.331626  0.095288
-0.326146 -0.834488 -0.875226 -0.331626  0.091108
-0.326146 -0.842229 -0.875226 -0.331626  0.074785
-0.326146 -0.842229 -0.877185 -0.331626  0.079297
-0.326146 -0.842229 -0.877185 -0.327861  0.078069
-0.316451 -0.842229 -0.877185 -0.327861  0.081072
-0.316451 -0.826577 -0.877185 -0.327861  0.113764
-0.316451 -0.826577 -0.855613 -0.327861  0.065184
-0.316451 -0.826577 -0.855613 -0.300204  0.056996
-0.282717 -0.826577 -0.855613 -0.300204  0.066088
-0.282717 -0.787004 -0.855613 -0.300204  0.143378
-0.282717 -0.787004 -0.810121 -0.300204  0.048685
-0.282717 -0.787004 -0.810121 -0.248840  0.037039
-0.225210 -0.787004 -0.810121 -0.248840  0.048213
-0.225210 -0.723507 -0.810121 -0.248840  0.156937
-0.225210 -0.723507 -0.740699 -0.248840  0.031631
-0.225210 -0.723507 -0.740699 -0.173342  0.021430
-0.143569 -0.723507 -0.740699 -0.173342  0.029894
-0.143569 -0.635995 -0.740699 -0.173342  0.151369
-0.143569 -0.635995 -0.647391 -0.173342  0.016327
-0.143569 -0.635995 -0.647391 -0.074232  0.011527
-0.238526 -0.635995 -0.647391 -0.074232  0.000916
-0.238526 -0.724918 -0.647391 -0.074232  -0.122779
-0.238526 -0.724918 -0.730342 -0.074232  -0.004546
-0.238526 -0.724918 -0.730342 -0.151184  -0.001500
-0.309245 -0.724918 -0.730342 -0.151184  -0.017503
-0.309245 -0.789597 -0.730342 -0.151184  -0.128840
-0.309245 -0.789597 -0.788936 -0.151184  -0.027355
-0.309245 -0.789597 -0.788936 -0.203825  -0.022342
-0.355886 -0.789597 -0.788936 -0.203825  -0.037843
-0.355886 -0.830181 -0.788936 -0.203825  -0.117720
-0.355886 -0.830181 -0.798936 -0.203825  -0.098809
-0.355886 -0.830181 -0.798936 -0.207953  -0.098284
-0.353943 -0.830181 -0.798936 -0.207953  -0.097550
-0.353943 -0.822148 -0.798936 -0.207953  -0.081100
-0.353943 -0.822148 -0.784850 -0.207953  -0.107602
-0.353943 -0.822148 -0.784850 -0.187909  -0.109959
-0.327866 -0.822148 -0.784850 -0.187909  -0.100863
-0.327866 -0.790122 -0.784850 -0.187909  -0.038418
-0.327866 -0.790122 -0.746810 -0.187909  -0.105362
-0.327866 -0.790122 -0.746810 -0.143898  -0.109018
-0.277668 -0.790122 -0.746810 -0.143898  -0.095182
-0.277668 -0.733949 -0.746810 -0.143898  0.002722
-0.277668 -0.733949 -0.684793 -0.143898  -0.092664
-0.277668 -0.733949 -0.684793 -0.075895  -0.095207
-0.203405 -0.733949 -0.684793 -0.075895  -0.082214
-0.203405 -0.653600 -0.684793 -0.075895  0.033937
-0.203405 -0.653600 -0.598225 -0.075895  -0.073102
-0.203405 -0.653600 -0.598225 0.017029  -0.073544
-0.104362 -0.653600 -0.598225 0.017029  -0.066265
-0.104362 -0.748760 -0.598225 0.017029  -0.206839
-0.104362 -0.748760 -0.687429 0.017029  -0.096078
-0.104362 -0.748760 -0.687429 -0.066383  -0.095781
-0.181741 -0.748760 -0.687429 -0.066383  -0.100647
-0.181741 -0.819996 -0.687429 -0.066383  -0.232220
-0.181741 -0.819996 -0.752664 -0.066383  -0.130683
-0.181741 -0.819996 -0.752664 -0.125727  -0.128988
-0.235128 -0.819996 -0.752664 -0.125727  -0.135984
-0.235128 -0.867378 -0.752664 -0.125727  -0.237192
-0.235128 -0.867378 -0.794127 -0.125727  -0.162773
-0.235128 -0.867378 -0.794127 -0.161369  -0.160558
-0.264813 -0.867378 -0.794127 -0.161369  -0.166129
-0.264813 -0.890921 -0.794127 -0.161369  -0.220722
-0.264813 -0.890921 -0.811399 -0.161369  -0.187328
-0.264813 -0.890921 -0.811399 -0.172537  -0.186394
-0.270089 -0.890921 -0.811399 -0.172537  -0.187526
-0.270089 -0.890278 -0.811399 -0.172537  -0.185995
-0.270089 -0.890278 -0.804950 -0.172537  -0.198632
-0.270089 -0.890278 -0.804950 -0.160297  -0.199649
-0.251924 -0.890278 -0.804950 -0.160297  -0.195935
-0.251924 -0.866246 -0.804950 -0.160297  -0.140321
-0.251924 -0.866246 -0.774975 -0.160297  -0.196445
-0.251924 -0.866246 -0.774975 -0.124345  -0.198641
-0.209806 -0.866246 -0.774975 -0.124345  -0.191888
-0.209806 -0.818203 -0.774975 -0.124345  -0.089623
-0.209806 -0.818203 -0.721117 -0.124345  -0.180075
-0.209806 -0.818203 -0.721117 -0.064700  -0.181727
-0.144138 -0.818203 -0.721117 -0.064700  -0.175486
-0.144138 -0.746776 -0.721117 -0.064700  -0.044193
-0.144138 -0.746776 -0.643847 -0.064700  -0.152282
-0.144138 -0.746776 -0.643847 0.018508  -0.152559
-0.054715 -0.746776 -0.643847 0.018508  -0.149728
-0.054715 -0.651216 -0.643847 0.018508  -0.009439
-0.054715 -0.651216 -0.742253 0.018508  0.132597
-0.054715 -0.651216 -0.742253 -0.073998  0.133009
-0.141234 -0.651216 -0.742253 -0.073998  0.130355
-0.141234 -0.731754 -0.742253 -0.073998  0.014697
-0.141234 -0.731754 -0.816876 -0.073998  0.150850
-0.141234 -0.731754 -0.816876 -0.142682  0.153350
-0.203867 -0.731754 -0.816876 -0.142682  0.147694
-0.203867 -0.788357 -0.816876 -0.142682  0.049552
-0.203867 -0.788357 -0.867574 -0.142682  0.157470
-0.203867 -0.788357 -0.867574 -0.187542  0.161162
-0.242916 -0.788357 -0.867574 -0.187542  0.155301
-0.242916 -0.821354 -0.867574 -0.187542  0.091168
-0.242916 -0.821354 -0.894598 -0.187542  0.154112
-0.242916 -0.821354 -0.894598 -0.208495  0.156579
-0.257921 -0.821354 -0.894598 -0.208495  0.153755
-0.257921 -0.830487 -0.894598 -0.208495  0.135064
-0.257921 -0.830487 -0.897973 -0.208495  0.143197
-0.257921 -0.830487 -0.897973 -0.206272  0.142910
-0.249808 -0.830487 -0.897973 -0.206272  0.144479
-0.249808 -0.816758 -0.897973 -0.206272  0.172419
-0.249808 -0.816758 -0.878457 -0.206272  0.126227
-0.249808 -0.816758 -0.878457 -0.180694  0.123351
-0.218287 -0.816758 -0.878457 -0.180694  0.128539
-0.218287 -0.779517 -0.878457 -0.180694  0.199721
-0.218287 -0.779517 -0.835390 -0.180694  0.104827
-0.218287 -0.779517 -0.835390 -0.131728  0.101213
-0.163353 -0.779517 -0.835390 -0.131728  0.107255
-0.163353 -0.718503 -0.835390 -0.131728  0.210002
-0.163353 -0.718503 -0.768167 -0.131728  0.080282
-0.163353 -0.718503 -0.768167 -0.033839  0.078035
-0.259203 -0.718503 -0.768167 -0.033839  0.064979
-0.259203 -0.808424 -0.768167 -0.033839  -0.092440
-0.259203 -0.808424 -0.852074 -0.033839  0.072910
-0.259203 -0.808424 -0.852074 -0.111945  0.074274
-0.331432 -0.808424 -0.852074 -0.111945  0.055282
-0.331432 -0.874860 -0.852074 -0.111945  -0.085975
-0.331432 -0.874860 -0.912454 -0.111945  0.055080
-0.331432 -0.874860 -0.912454 -0.166287  0.058275
-0.379697 -0.874860 -0.912454 -0.166287  0.039941
-0.379697 -0.917136 -0.912454 -0.166287  -0.061896
-0.379697 -0.917136 -0.948677 -0.166287  0.032217
-0.379697 -0.917136 -0.948677 -0.196570  0.035214
-0.403787 -0.917136 -0.948677 -0.196570  0.024120
-0.403787 -0.934874 -0.948677 -0.196570  -0.021512
-0.403787 -0.934874 -0.960201 -0.196570  0.009982
-0.403787 -0.934874 -0.960201 -0.201976  0.010626
-0.403445 -0.934874 -0.960201 -0.201976  0.010793
-0.403445 -0.928791 -0.960201 -0.201976  0.026637
-0.403445 -0.928791 -0.948213 -0.201976  -0.006109
-0.403445 -0.928791 -0.948213 -0.183798  -0.008139
-0.379177 -0.928791 -0.948213 -0.183798  0.003012
-0.379177 -0.898609 -0.948213 -0.183798  0.078613
-0.379177 -0.898609 -0.912224 -0.183798  -0.014821
-0.379177 -0.898609 -0.912224 -0.141932  -0.018171
-0.331192 -0.898609 -0.912224 -0.141932  0.000017
-0.331192 -0.844568 -0.912224 -0.141932  0.123215
-0.331192 -0.844568 -0.852196 -0.141932  -0.016997
-0.331192 -0.844568 -0.852196 -0.075800  -0.019421
-0.258833 -0.844568 -0.852196 -0.075800  -0.000433
-0.258833 -0.766142 -0.852196 -0.075800  0.152288
-0.258833 -0.766142 -0.767911 -0.075800  -0.013782
-0.258833 -0.766142 -0.767911 0.014702  -0.014220
-0.162021 -0.766142 -0.767911 0.014702  -0.001133
-0.162021 -0.863491 -0.767911 0.014702  -0.195263
-0.162021 -0.863491 -0.859199 0.014702  -0.013811
-0.162021 -0.863491 -0.859199 -0.070567  -0.013456
-0.241247 -0.863491 -0.859199 -0.070567  -0.023244
-0.241247 -0.936509 -0.859199 -0.070567  -0.200774
-0.241247 -0.936509 -0.926054 -0.070567  -0.040892
-0.241247 -0.936509 -0.926054 -0.131607  -0.038964
-0.296320 -0.936509 -0.926054 -0.131607  -0.050942
-0.296320 -0.985482 -0.926054 -0.131607  -0.186654
-0.296320 -0.985482 -0.968857 -0.131607  -0.071365
-0.296320 -0.985482 -0.968857 -0.168257  -0.068882
-0.326923 -0.985482 -0.968857 -0.168257  -0.077804
-0.326923 -1.010156 -0.968857 -0.168257  -0.151508
-0.326923 -1.010156 -0.987364 -0.168257  -0.098389
-0.326923 -1.010156 -0.987364 -0.180740  -0.097249
-0.333083 -1.010156 -0.987364 -0.180740  -0.099261
-0.333083 -1.009994 -0.987364 -0.180740  -0.098765
-0.333083 -1.009994 -0.980969 -0.180740  -0.117347
-0.333083 -1.009994 -0.980969 -0.168289  -0.118485
-0.314556 -1.009994 -0.980969 -0.168289  -0.112656
-0.314556 -0.985409 -0.980969 -0.168289  -0.039235
-0.314556 -0.985409 -0.950459 -0.168289  -0.124602
-0.314556 -0.985409 -0.950459 -0.131766  -0.127081
-0.271767 -0.985409 -0.950459 -0.131766  -0.116029
-0.271767 -0.936648 -0.950459 -0.131766  0.019103
-0.271767 -0.936648 -0.895778 -0.131766  -0.120726
-0.271767 -0.936648 -0.895778 -0.071142  -0.122654
-0.204914 -0.936648 -0.895778 -0.071142  -0.111186
-0.204914 -0.863976 -0.895778 -0.071142  0.065625
-0.204914 -0.863976 -0.817172 -0.071142  -0.107480
-0.204914 -0.863976 -0.817172 0.013559  -0.107843
-0.114018 -0.863976 -0.817172 0.013559  -0.100721
-0.114018 -0.767166 -0.817172 0.013559  0.092688
-0.114018 -0.767166 -0.914737 0.013559  0.312404
-0.114018 -0.767166 -0.914737 -0.077990  0.312881
-0.199534 -0.767166 -0.914737 -0.077990  0.306419
-0.199534 -0.846555 -0.914737 -0.077990  0.151242
-0.199534 -0.846555 -0.988021 -0.077990  0.350333
-0.199534 -0.846555 -0.988021 -0.145221  0.352921
-0.260594 -0.846555 -0.988021 -0.145221  0.343169
-0.260594 -0.901444 -0.988021 -0.145221  0.217343
-0.260594 -0.901444 -1.036985 -0.145221  0.367961
-0.260594 -0.901444 -1.036985 -0.188489  0.371595
-0.297970 -0.901444 -1.036985 -0.188489  0.362836
-0.297970 -0.932711 -1.036985 -0.188489  0.283938
-0.297970 -0.932711 -1.062318 -0.188489  0.367677
-0.297970 -0.932711 -1.062318 -0.208035  0.369984
-0.287131 -0.932711 -1.062318 -0.208035  0.372767
-0.287131 -0.915810 -1.062318 -0.208035  0.416081
-0.287131 -0.915810 -1.039588 -0.208035  0.340762
-0.287131 -0.915810 -1.039588 -0.179273  0.337520
-0.251907 -0.915810 -1.039588 -0.179273  0.345207
-0.251907 -0.874539 -1.039588 -0.179273  0.444440
-0.251907 -0.874539 -0.992388 -0.179273  0.298250
-0.251907 -0.874539 -0.992388 -0.125892  0.294484
-0.192365 -0.874539 -0.992388 -0.125892  0.303351
-0.192365 -0.809002 -0.992388 -0.125892  0.442736
-0.192365 -0.809002 -0.921064 -0.125892  0.246791
-0.192365 -0.809002 -0.921064 -0.048800  0.244912
-0.109150 -0.809002 -0.921064 -0.048800  0.250730
-0.109150 -0.719701 -0.921064 -0.048800  0.407426
-0.109150 -0.719701 -0.825820 -0.048800  0.189224
-0.109150 -0.719701 -0.825820 -0.147285  0.192303
-0.201591 -0.719701 -0.825820 -0.147285  0.185411
-0.201591 -0.805949 -0.825820 -0.147285  0.034687
-0.201591 -0.805949 -0.905924 -0.147285  0.214986
-0.201591 -0.805949 -0.905924 -0.221309  0.222630
-0.269605 -0.805949 -0.905924 -0.221309  0.211226
-0.269605 -0.867949 -0.905924 -0.221309  0.080876
-0.269605 -0.867949 -0.961691 -0.221309  0.226806
-0.269605 -0.867949 -0.961691 -0.271203  0.235914
-0.313458 -0.867949 -0.961691 -0.271203  0.224711
-0.313458 -0.905863 -0.961691 -0.271203  0.135229
-0.313458 -0.905863 -0.993746 -0.271203  0.227164
-0.313458 -0.905863 -0.993746 -0.297543  0.233559
-0.333973 -0.905863 -0.993746 -0.297543  0.227107
-0.333973 -0.920435 -0.993746 -0.297543  0.190653
-0.333973 -0.920435 -1.002412 -0.297543  0.216553
-0.333973 -0.920435 -1.002412 -0.300447  0.217332
-0.330919 -0.920435 -1.002412 -0.300447  0.218345
-0.330919 -0.911675 -1.002412 -0.300447  0.240397
-0.330919 -0.911675 -0.988065 -0.300447  0.197762
-0.330919 -0.911675 -0.988065 -0.280303  0.192665
-0.304746 -0.911675 -0.988065 -0.280303  0.200601
-0.304746 -0.879715 -0.988065 -0.280303  0.277531
-0.304746 -0.879715 -0.950210 -0.280303  0.170854
-0.304746 -0.879715 -0.950210 -0.236476  0.162055
-0.254932 -0.879715 -0.950210 -0.236476  0.173789
-0.254932 -0.824068 -0.950210 -0.236476  0.294985
-0.254932 -0.824068 -0.888581 -0.236476  0.138645
-0.254932 -0.824068 -0.888581 -0.169005  0.130248
-0.181536 -0.824068 -0.888581 -0.169005  0.140834
-0.181536 -0.744950 -0.888581 -0.169005  0.287037
-0.181536 -0.744950 -0.803621 -0.169005  0.104417
-0.181536 -0.744950 -0.803621 -0.077907  0.100063
-0.084329 -0.744950 -0.803621 -0.077907  0.105446
-0.084329 -0.841814 -0.803621 -0.077907  -0.077695
-0.084329 -0.841814 -0.894247 -0.077907  0.118430
-0.084329 -0.841814 -0.894247 -0.162447  0.122244
-0.162835 -0.841814 -0.894247 -0.162447  0.118526
-0.162835 -0.914197 -0.894247 -0.162447  -0.048967
-0.162835 -0.914197 -0.960464 -0.162447  0.121944
-0.162835 -0.914197 -0.960464 -0.222859  0.128726
-0.217299 -0.914197 -0.960464 -0.222859  0.122783
-0.217299 -0.962731 -0.960464 -0.222859  -0.005480
-0.217299 -0.962731 -1.002917 -0.222859  0.117277
-0.217299 -0.962731 -1.002917 -0.259649  0.123714
-0.248288 -0.962731 -1.002917 -0.259649  0.118668
-0.248288 -0.987933 -1.002917 -0.259649  0.046741
-0.248288 -0.987933 -1.021968 -0.259649  0.105326
-0.248288 -0.987933 -1.021968 -0.272988  0.108165
-0.255774 -0.987933 -1.021968 -0.272988  0.106739
-0.255774 -0.989395 -1.021968 -0.272988  0.102452
-0.255774 -0.989395 -1.017545 -0.272988  0.088652
-0.255774 -0.989395 -1.017545 -0.262530  0.086402
-0.239013 -0.989395 -1.017545 -0.262530  0.089481
-0.239013 -0.966553 -1.017545 -0.262530  0.155025
-0.239013 -0.966553 -0.988579 -0.262530  0.067589
-0.239013 -0.966553 -0.988579 -0.227493  0.061268
-0.197834 -0.966553 -0.988579 -0.227493  0.067180
-0.197834 -0.919354 -0.988579 -0.227493  0.193110
-0.197834 -0.919354 -0.935371 -0.227493  0.045355
-0.197834 -0.919354 -0.935371 -0.168222  0.038342
-0.132426 -0.919354 -0.935371 -0.168222  0.043763
-0.132426 -0.848102 -0.935371 -0.168222  0.210790
-0.132426 -0.848102 -0.858328 -0.168222  0.024770
-0.132426 -0.848102 -0.858328 -0.085103  0.020626
-0.043244 -0.848102 -0.858328 -0.085103  0.022867
-0.043244 -0.753001 -0.858328 -0.085103  0.205929
-0.043244 -0.753001 -0.933084 -0.085103  0.385961
-0.043244 -0.753001 -0.933084 -0.153834  0.388985
-0.105919 -0.753001 -0.933084 -0.153834  0.387878
-0.105919 -0.809770 -0.933084 -0.153834  0.283848
-0.105919 -0.809770 -0.983858 -0.153834  0.423815
-0.105919 -0.809770 -0.983858 -0.198607  0.428009
-0.144569 -0.809770 -0.983858 -0.198607  0.426176
-0.144569 -0.842192 -0.983858 -0.198607  0.359809
-0.144569 -0.842192 -1.010380 -0.198607  0.438922
-0.144569 -0.842192 -1.010380 -0.218962  0.441586
-0.159104 -0.842192 -1.010380 -0.218962  0.440580
-0.159104 -0.850756 -1.010380 -0.218962  0.422171
-0.159104 -0.850756 -1.012968 -0.218962  0.430116
-0.159104 -0.850756 -1.012968 -0.215686  0.429652
-0.149908 -0.850756 -1.012968 -0.215686  0.430311
-0.149908 -0.835717 -1.012968 -0.215686  0.462392
-0.149908 -0.835717 -0.992123 -0.215686  0.399537
-0.149908 -0.835717 -0.992123 -0.189074  0.396262
-0.117457 -0.835717 -0.992123 -0.189074  0.398011
-0.117457 -0.797346 -0.992123 -0.189074  0.474773
-0.117457 -0.797346 -0.948103 -0.189074  0.350468
-0.117457 -0.797346 -0.948103 -0.139248  0.346408
-0.061777 -0.797346 -0.948103 -0.139248  0.347793
-0.061777 -0.735666 -0.948103 -0.139248  0.456568
-0.061777 -0.735666 -0.880386 -0.139248  0.286688
-0.061777 -0.735666 -0.880386 -0.065483  0.284269
0.018188 -0.735666 -0.880386 -0.065483  0.284511
0.018188 -0.649535 -0.880386 -0.065483  0.408620
0.018188 -0.649535 -0.788118 -0.065483  0.215774
0.018188 -0.649535 -0.788118 0.032857  0.215458
-0.077501 -0.649535 -0.788118 0.032857  0.214987
-0.077501 -0.739143 -0.788118 0.032857  0.085205
-0.077501 -0.739143 -0.871570 0.032857  0.257755
-0.077501 -0.739143 -0.871570 -0.044570  0.257879
-0.148615 -0.739143 -0.871570 -0.044570  0.255062
-0.148615 -0.804237 -0.871570 -0.044570  0.138702
-0.148615 -0.804237 -0.930559 -0.044570  0.282436
-0.148615 -0.804237 -0.930559 -0.097692  0.283280
-0.195566 -0.804237 -0.930559 -0.097692  0.279083
-0.195566 -0.845074 -0.930559 -0.097692  0.195752
-0.195566 -0.845074 -0.965492 -0.097692  0.289950
-0.195566 -0.845074 -0.965492 -0.126677  0.291050
-0.218593 -0.845074 -0.965492 -0.126677  0.288085
-0.218593 -0.862233 -0.965492 -0.126677  0.250571
-0.218593 -0.862233 -0.976892 -0.126677  0.282830
-0.218593 -0.862233 -0.976892 -0.132134  0.283104
-0.218263 -0.862233 -0.976892 -0.132134  0.283152
-0.218263 -0.856041 -0.976892 -0.132134  0.296862
-0.218263 -0.856041 -0.964965 -0.132134  0.263131
-0.218263 -0.856041 -0.964965 -0.114469  0.262324
-0.194748 -0.856041 -0.964965 -0.114469  0.265336
-0.194748 -0.826772 -0.964965 -0.114469  0.327506
-0.194748 -0.826772 -0.929891 -0.114469  0.233045
