-0.578002 -0.402143 -0.401431 -0.401126  -0.054221
-0.578002 -0.402143 -0.401431 -0.401126  -0.054221
-0.578002 -0.402143 -0.401431 -0.401126  -0.054221
-0.578002 -0.402143 -0.545283 -0.401126  -0.016438
-0.578002 -0.402143 -0.545283 -0.526206  0.013521
-0.578002 -0.402143 -0.545283 -0.526206  0.013521
-0.578002 -0.402143 -0.545283 -0.526206  0.013521
-0.578002 -0.402143 -0.615852 -0.526206  0.053903
-0.578002 -0.402143 -0.615852 -0.578074  0.078112
-0.578002 -0.402143 -0.615852 -0.578074  0.078112
-0.578002 -0.402143 -0.615852 -0.578074  0.078112
-0.578002 -0.402143 -0.615852 -0.578074  0.078112
-0.578002 -0.402143 -0.615852 -0.578074  0.078112
-0.542653 -0.402143 -0.615852 -0.578074  0.095570
-0.542653 -0.348344 -0.615852 -0.578074  0.100958
-0.542653 -0.348344 -0.615852 -0.578074  0.100958
-0.542653 -0.348344 -0.615852 -0.578074  0.100958
-0.433928 -0.348344 -0.615852 -0.578074  0.132629
-0.433928 -0.220515 -0.615852 -0.578074  0.137236
-0.433928 -0.220515 -0.615852 -0.578074  0.137236
-0.433928 -0.220515 -0.615852 -0.578074  0.137236
-0.251799 -0.220515 -0.615852 -0.578074  0.151609
-0.251799 -0.021239 -0.615852 -0.578074  0.152130
-0.251799 -0.021239 -0.615852 -0.578074  0.152130
-0.251799 -0.021239 -0.615852 -0.578074  0.152130
-0.251799 -0.021239 -0.615852 -0.578074  0.152130
-0.251799 -0.021239 -0.615852 -0.578074  0.152130
-0.251799 -0.021239 -0.829562 -0.578074  0.456407
-0.251799 -0.021239 -0.829562 -0.774754  0.670993
-0.251799 -0.021239 -0.829562 -0.774754  0.670993
-0.251799 -0.021239 -0.829562 -0.774754  0.670993
-0.251799 -0.021239 -0.974401 -0.774754  1.156517
-0.251799 -0.021239 -0.974401 -0.900109  1.468225
-0.251799 -0.021239 -0.974401 -0.900109  1.468225
-0.251799 -0.021239 -0.974401 -0.900109  1.468225
-0.251799 -0.021239 -1.046939 -0.900109  1.847620
-0.251799 -0.021239 -1.046939 -0.953578  2.045236
-0.251799 -0.021239 -1.046939 -0.953578  2.045236
-0.251799 -0.021239 -1.046939 -0.953578  2.045236
-0.251799 -0.021239 -1.047901 -0.953578  2.051027
-0.251799 -0.021239 -1.047901 -0.953578  2.051027
-0.217187 -0.021239 -1.047901 -0.953578  2.051556
-0.217187 0.032024 -1.047901 -0.953578  2.051556
-0.217187 0.032024 -1.047901 -0.953578  2.051556
-0.217187 0.032024 -1.047901 -0.953578  2.051556
-0.110466 0.032024 -1.047901 -0.953578  2.052023
-0.110466 0.155857 -1.047901 -0.953578  2.052115
-0.110466 0.155857 -1.047901 -0.953578  2.052115
-0.110466 0.155857 -1.047901 -0.953578  2.052115
0.064806 0.155857 -1.047901 -0.953578  2.052132
0.064806 0.350006 -1.047901 -0.953578  2.057293
0.064806 0.350006 -1.047901 -0.953578  2.057293
0.064806 0.350006 -1.047901 -1.199213  3.748999
0.064806 0.350006 -1.047901 -1.199213  3.748999
0.064806 0.350006 -1.047901 -1.199213  3.748999
0.064806 0.350006 -1.240563 -1.199213  5.423710
0.064806 0.350006 -1.240563 -1.374575  7.850829
0.064806 0.350006 -1.240563 -1.374575  7.850829
0.064806 0.350006 -1.240563 -1.374575  7.850829
0.064806 0.350006 -1.364674 -1.374575  9.645627
0.064806 0.350006 -1.364674 -1.481350  11.871605
0.064806 0.350006 -1.364674 -1.481350  11.871605
0.064806 0.350006 -1.364674 -1.481350  11.871605
0.064806 0.350006 -1.416367 -1.481350  12.838579
0.064806 0.350006 -1.416367 -1.516029  13.713558
0.064806 0.350006 -1.416367 -1.516029  13.713558
0.064806 0.350006 -1.416367 -1.516029  13.713558
0.064806 0.350006 -1.416367 -1.516029  13.713558
0.064806 0.350006 -1.416367 -1.516029  13.713558
0.114534 0.350006 -1.416367 -1.516029  13.713577
0.114534 0.417012 -1.416367 -1.516029  13.720935
0.114534 0.417012 -1.416367 -1.516029  13.720935
0.114534 0.417012 -1.416367 -1.516029  13.720935
0.233158 0.417012 -1.416367 -1.516029  13.721604
0.233158 0.553045 -1.416367 -1.516029  13.760731
0.233158 0.553045 -1.416367 -1.516029  13.760731
0.233158 0.553045 -1.416367 -1.516029  13.760731
0.421437 0.553045 -1.416367 -1.516029  13.773336
0.421437 0.758793 -1.416367 -1.516029  13.973143
0.421437 0.758793 -1.416367 -1.516029  13.973143
0.421437 0.758793 -1.416367 -1.516029  13.973143
0.421437 0.758793 -1.416367 -1.516029  13.973143
0.421437 0.758793 -1.416367 -1.516029  13.973143
0.421437 0.758793 -1.548877 -1.516029  17.187332
0.421437 0.758793 -1.548877 -1.621338  20.382955
0.421437 0.758793 -1.548877 -1.621338  20.382955
0.421437 0.758793 -1.548877 -1.621338  20.382955
0.421437 0.758793 -1.601237 -1.621338  21.995064
0.421437 0.758793 -1.601237 -1.656410  23.260401
0.421437 0.758793 -1.601237 -1.656410  23.260401
0.421437 0.759139 -1.601237 -1.656410  23.260976
0.421437 0.759139 -1.601237 -1.656410  23.260976
0.421437 0.759139 -1.601237 -1.656410  23.260976
0.471790 0.759139 -1.601237 -1.656410  23.271056
0.471790 0.828123 -1.601237 -1.656410  23.408407
0.471790 0.828123 -1.601237 -1.656410  23.408407
0.471790 0.828123 -1.601237 -1.656410  23.408407
0.595046 0.828123 -1.601237 -1.656410  23.459635
0.595046 0.968468 -1.601237 -1.656410  23.922139
0.595046 0.968468 -1.601237 -1.656410  23.922139
0.595046 0.968468 -1.601237 -1.656410  23.922139
0.787366 0.968468 -1.601237 -1.656410  24.150146
0.787366 1.177532 -1.601237 -1.656410  25.562109
0.787366 1.177532 -1.601237 -1.656410  25.562109
0.787366 1.177532 -1.601237 -1.656410  25.562109
0.787366 1.177532 -1.601237 -1.656410  25.562109
0.787366 1.177532 -1.601237 -1.656410  25.562109
0.787366 1.177532 -1.807648 -1.656410  34.336284
0.787366 1.177532 -1.807648 -1.845462  43.272571
0.787366 1.177532 -1.807648 -1.845462  43.272571
0.787366 1.177532 -1.807648 -1.845462  43.272571
0.787366 1.177532 -1.946103 -1.845462  51.886460
0.787366 1.177532 -1.946103 -1.965333  59.802071
0.787366 1.177532 -1.946103 -1.965333  59.802071
0.787366 1.177532 -1.946103 -1.965333  59.802071
0.787366 1.177532 -2.015709 -1.965333  65.164234
0.787366 1.177532 -2.015709 -2.017721  69.286126
0.787366 1.177532 -2.015709 -2.017721  69.286126
0.787366 1.177532 -2.015709 -2.017721  69.286126
0.787366 1.177532 -2.017483 -2.017721  69.432890
0.787366 1.177532 -2.017483 -2.017721  69.432890
0.820227 1.177532 -2.017483 -2.017721  69.501532
0.820227 1.227599 -2.017483 -2.017721  70.025535
0.820227 1.227599 -2.017483 -2.017721  70.025535
0.820227 1.227599 -2.017483 -2.017721  70.025535
0.922222 1.227599 -2.017483 -2.017721  70.321360
0.922222 1.347536 -2.017483 -2.017721  71.976687
0.922222 1.347536 -2.017483 -2.017721  71.976687
0.922222 1.347536 -2.017483 -2.017721  71.976687
1.091997 1.347536 -2.017483 -2.017721  72.862378
1.091997 1.535441 -2.017483 -2.017721  76.953376
1.091997 1.535441 -2.017483 -2.017721  76.953376
1.091997 1.535441 -2.017483 -2.017721  76.953376
1.331286 1.535441 -2.017483 -2.017721  79.582343
1.331286 1.535441 -2.017483 -2.017721  79.582343
1.331286 1.535441 -2.242408 -2.017721  102.857753
1.331286 1.535441 -2.242408 -2.224074  123.833152
1.331286 1.535441 -2.242408 -2.224074  123.833152
1.331286 1.535441 -2.242408 -2.224074  123.833152
1.331286 1.535441 -2.395307 -2.224074  145.985194
1.331286 1.535441 -2.395307 -2.359113  164.637512
1.331286 1.535441 -2.395307 -2.359113  164.637512
1.331286 1.535441 -2.395307 -2.359113  164.637512
1.331286 1.535441 -2.476939 -2.359113  179.021212
1.331286 1.535441 -2.476939 -2.422791  189.429951
1.331286 1.535441 -2.476939 -2.422791  189.429951
1.331286 1.535441 -2.476939 -2.422791  189.429951
1.331286 1.535441 -2.488952 -2.422791  191.712788
1.331286 1.535441 -2.488952 -2.422791  191.712788
1.353756 1.535441 -2.488952 -2.422791  192.077818
1.353756 1.574621 -2.488952 -2.422791  193.223666
1.353756 1.574621 -2.488952 -2.422791  193.223666
1.353756 1.574621 -2.488952 -2.422791  193.223666
1.442978 1.574621 -2.488952 -2.422791  194.932927
1.442978 1.681452 -2.488952 -2.422791  198.693535
1.442978 1.681452 -2.488952 -2.422791  198.693535
1.442978 1.681452 -2.488952 -2.422791  198.693535
1.601761 1.681452 -2.488952 -2.422791  202.981083
1.601761 1.857355 -2.488952 -2.422791  211.644536
1.601761 1.857355 -2.488952 -2.422791  211.644536
1.601761 1.857355 -2.488952 -2.422791  211.644536
1.829176 1.857355 -2.488952 -2.422791  221.578502
1.829176 2.101977 -2.488952 -2.422791  240.507920
1.829176 2.101977 -2.726615 -2.422791  295.692476
1.829176 2.101977 -2.726615 -2.643248  341.242568
1.829176 2.101977 -2.726615 -2.643248  341.242568
1.829176 2.129972 -2.726615 -2.643248  344.048871
1.829176 2.129972 -2.726615 -2.643248  344.048871
1.829176 2.129972 -2.726615 -2.643248  344.048871
1.916582 2.129972 -2.726615 -2.643248  349.431806
1.916582 2.234928 -2.726615 -2.643248  361.351251
1.916582 2.234928 -2.726615 -2.643248  361.351251
1.916582 2.234928 -2.726615 -2.643248  361.351251
2.072053 2.234928 -2.726615 -2.643248  373.685558
2.072053 2.407273 -2.726615 -2.643248  398.766262
2.072053 2.407273 -2.726615 -2.643248  398.766262
2.072053 2.407273 -2.726615 -2.643248  398.766262
2.295696 2.407273 -2.726615 -2.643248  424.334880
2.295696 2.648478 -2.726615 -2.643248  473.806055
2.295696 2.648478 -2.968238 -2.643248  553.510176
2.295696 2.648478 -2.968238 -2.867356  618.304830
2.295696 2.648478 -2.968238 -2.867356  618.304830
2.295696 2.648478 -2.968238 -2.867356  618.304830
2.295696 2.648478 -3.140231 -2.867356  693.255816
2.295696 2.648478 -3.140231 -3.022819  751.815045
2.295696 2.648478 -3.140231 -3.022819  751.815045
2.295696 2.648478 -3.140231 -3.022819  751.815045
2.295696 2.648478 -3.244584 -3.022819  806.037714
2.295696 2.648478 -3.244584 -3.110158  844.667116
2.295696 2.648478 -3.244584 -3.110158  844.667116
2.295696 2.648478 -3.244584 -3.110158  844.667116
2.295696 2.648478 -3.280186 -3.110158  864.832967
2.295696 2.648478 -3.280186 -3.128718  873.620625
2.295696 2.648478 -3.280186 -3.128718  873.620625
2.295696 2.663144 -3.280186 -3.128718  877.268899
2.295696 2.663144 -3.280186 -3.128718  877.268899
2.295696 2.663144 -3.280186 -3.128718  877.268899
2.361398 2.663144 -3.280186 -3.128718  886.930780
2.361398 2.746017 -3.280186 -3.128718  909.112106
2.361398 2.746017 -3.280186 -3.128718  909.112106
2.361398 2.746017 -3.280186 -3.128718  909.112106
2.495796 2.746017 -3.280186 -3.128718  932.524676
2.495796 2.897442 -3.280186 -3.128718  980.592242
2.495796 2.897442 -3.280186 -3.128718  980.592242
2.495796 2.897442 -3.280186 -3.128718  980.592242
2.697332 2.897442 -3.280186 -3.128718  1026.535985
2.697332 3.116517 -3.280186 -3.128718  1116.327806
2.697332 3.116517 -3.280186 -3.128718  1116.327806
2.697332 3.116517 -3.280186 -3.374956  1254.392935
2.697332 3.116517 -3.280186 -3.374956  1254.392935
2.697332 3.116517 -3.280186 -3.374956  1254.392935
2.697332 3.116517 -3.476289 -3.374956  1382.314799
2.697332 3.116517 -3.476289 -3.554068  1511.508513
2.697332 3.116517 -3.476289 -3.554068  1511.508513
2.697332 3.116517 -3.476289 -3.554068  1511.508513
2.697332 3.116517 -3.605178 -3.554068  1612.864219
2.697332 3.116517 -3.605178 -3.665481  1707.495295
2.697332 3.116517 -3.605178 -3.665481  1707.495295
2.697332 3.116517 -3.605178 -3.665481  1707.495295
2.697332 3.116517 -3.664343 -3.665481  1759.135864
2.697332 3.116517 -3.664343 -3.707263  1797.717796
2.697332 3.116517 -3.664343 -3.707263  1797.717796
2.697332 3.116517 -3.664343 -3.707263  1797.717796
2.697332 3.116517 -3.664343 -3.707263  1797.717796
2.697332 3.116517 -3.664343 -3.707263  1797.717796
2.740040 3.116517 -3.664343 -3.707263  1809.384941
2.740040 3.178043 -3.664343 -3.707263  1839.574289
2.740040 3.178043 -3.664343 -3.707263  1839.574289
2.740040 3.178043 -3.664343 -3.707263  1839.574289
2.853576 3.178043 -3.664343 -3.707263  1874.336923
2.853576 3.308218 -3.664343 -3.707263  1946.398762
2.853576 3.308218 -3.664343 -3.707263  1946.398762
2.853576 3.308218 -3.664343 -3.707263  1946.398762
3.034360 3.308218 -3.664343 -3.707263  2014.425757
3.034360 3.506647 -3.664343 -3.707263  2148.399507
3.034360 3.506647 -3.664343 -3.707263  2148.399507
3.034360 3.506647 -3.664343 -3.707263  2148.399507
3.034360 3.506647 -3.664343 -3.707263  2148.399507
3.034360 3.506647 -3.664343 -3.707263  2148.399507
3.034360 3.506647 -3.880168 -3.707263  2367.270073
3.034360 3.506647 -3.880168 -3.905655  2575.800234
3.034360 3.506647 -3.880168 -3.905655  2575.800234
3.034360 3.506647 -3.880168 -3.905655  2575.800234
3.034360 3.506647 -4.026292 -3.905655  2754.365094
3.034360 3.506647 -4.026292 -4.034264  2914.177859
3.034360 3.506647 -4.026292 -4.034264  2914.177859
3.034360 3.506647 -4.026292 -4.034264  2914.177859
3.034360 3.506647 -4.026292 -4.034264  2914.177859
3.034360 3.506647 -4.026292 -4.034264  2914.177859
3.177601 3.506647 -4.026292 -4.034264  2980.903449
3.177601 3.667035 -4.026292 -4.034264  3113.772754
3.177601 3.667035 -4.026292 -4.034264  3113.772754
3.177601 3.667035 -4.026292 -4.034264  3113.772754
3.390105 3.667035 -4.026292 -4.034264  3237.589689
3.390105 3.898142 -4.026292 -4.034264  3474.590519
3.390105 3.898142 -4.026292 -4.034264  3474.590519
3.390105 3.898142 -4.026292 -4.268423  3822.868977
3.390105 3.898142 -4.026292 -4.268423  3822.868977
3.390105 3.898142 -4.026292 -4.268423  3822.868977
3.390105 3.898142 -4.208703 -4.268423  4085.279685
3.390105 3.898142 -4.208703 -4.433448  4381.192053
3.390105 3.898142 -4.208703 -4.433448  4381.192053
3.390105 3.898142 -4.208703 -4.433448  4381.192053
3.390105 3.898142 -4.322916 -4.433448  4570.358915
3.390105 3.898142 -4.322916 -4.530623  4766.480490
3.390105 3.898142 -4.322916 -4.530623  4766.480490
3.390105 3.898142 -4.322916 -4.530623  4766.480490
3.390105 3.898142 -4.368198 -4.530623  4847.222255
3.390105 3.898142 -4.368198 -4.558510  4906.700667
3.390105 3.898142 -4.368198 -4.558510  4906.700667
3.390105 3.905783 -4.368198 -4.558510  4915.556042
3.390105 3.905783 -4.368198 -4.558510  4915.556042
3.390105 3.905783 -4.368198 -4.558510  4915.556042
3.449720 3.905783 -4.368198 -4.558510  4956.336505
3.449720 3.984087 -4.368198 -4.558510  5051.178661
3.449720 3.984087 -4.368198 -4.558510  5051.178661
3.449720 3.984087 -4.368198 -4.558510  5051.178661
3.581635 3.984087 -4.368198 -4.558510  5152.012468
3.581635 4.133635 -4.368198 -4.558510  5355.089934
3.581635 4.133635 -4.368198 -4.558510  5355.089934
3.581635 4.133635 -4.368198 -4.558510  5355.089934
3.783048 4.133635 -4.368198 -4.558510  5540.530004
3.783048 4.352716 -4.368198 -4.558510  5896.094027
3.783048 4.352716 -4.368198 -4.558510  5896.094027
3.783048 4.352716 -4.368198 -4.804246  6487.016146
3.783048 4.352716 -4.368198 -4.804246  6487.016146
3.783048 4.352716 -4.368198 -4.804246  6487.016146
3.783048 4.352716 -4.563261 -4.804246  6875.282371
3.783048 4.352716 -4.563261 -4.982341  7386.159533
3.783048 4.352716 -4.563261 -4.982341  7386.159533
3.783048 4.352716 -4.563261 -4.982341  7386.159533
3.783048 4.352716 -4.690212 -4.982341  7677.142150
3.783048 4.352716 -4.690212 -5.091483  8028.475999
3.783048 4.352716 -4.690212 -5.091483  8028.475999
3.783048 4.352716 -4.690212 -5.091483  8028.475999
3.783048 4.352716 -4.748529 -5.091483  8173.131853
3.783048 4.352716 -4.748529 -5.132805  8314.249229
3.783048 4.352716 -4.748529 -5.132805  8314.249229
3.783048 4.352716 -4.748529 -5.132805  8314.249229
3.783048 4.352716 -4.748529 -5.132805  8314.249229
3.783048 4.352716 -4.748529 -5.132805  8314.249229
3.827542 4.352716 -4.748529 -5.132805  8360.899448
3.827542 4.414060 -4.748529 -5.132805  8474.146002
3.827542 4.414060 -4.748529 -5.132805  8474.146002
3.827542 4.414060 -4.748529 -5.132805  8474.146002
3.941217 4.414060 -4.748529 -5.132805  8603.597748
3.941217 4.545724 -4.748529 -5.132805  8868.871877
3.941217 4.545724 -4.748529 -5.132805  8868.871877
3.941217 4.545724 -4.748529 -5.132805  8868.871877
4.123905 4.545724 -4.748529 -5.132805  9110.668050
4.123905 4.746272 -4.748529 -5.132805  9578.304609
4.123905 4.746272 -4.748529 -5.132805  9578.304609
4.123905 4.746272 -4.748529 -5.132805  9578.304609
4.123905 4.746272 -4.748529 -5.132805  9578.304609
4.123905 4.746272 -4.748529 -5.132805  9578.304609
4.123905 4.746272 -4.963625 -5.132805  10176.950105
4.123905 4.746272 -4.963625 -5.330491  10917.935867
4.123905 4.746272 -4.963625 -5.330491  10917.935867
4.123905 4.746272 -4.963625 -5.330491  10917.935867
4.123905 4.746272 -5.110142 -5.330491  11389.661622
