0.651969 0.652116 0.652235  0.276976
0.621920 0.622153 0.622223  0.240467
0.623519 0.623584 0.623650  0.242332
0.007461 0.007527 0.007608  0.000000
0.576616 0.576698 0.576768  0.191647
0.921718 0.921870 0.921969  0.782808
0.932181 0.932318 0.932456  0.809669
0.039454 0.039582 0.039715  0.000061
0.088030 0.136758 0.136847  0.000677
0.195204 0.195303 0.253972  -0.001494
0.322033 0.322147 0.322266  0.033359
0.077429 0.077538 0.077637  0.000462
0.088021 0.088110 0.088224  0.000679
0.096530 0.096644 0.096733  0.000897
-0.095179 -0.095046 -0.094913  -0.000866
-0.085047 -0.084962 -0.084848  -0.000618
-0.076856 -0.076695 -0.076571  -0.000456
-0.067625 -0.067525 -0.067431  -0.000311
-0.058598 -0.058514 -0.058381  -0.000203
-0.048595 -0.048491 -0.048363  -0.000116
-0.087040 -0.086889 -0.086770  -0.000662
-0.116074 -0.115908 -0.115805  -0.001568
-0.135253 -0.135105 -0.135002  -0.002480
-0.008993 -0.008899 -0.008790  -0.000001
0.564909 0.565052 0.565175  0.180157
0.911923 0.912046 0.912136  0.758135
0.921967 0.922077 0.922181  0.783426
0.029132 0.029265 0.029384  0.000024
0.067338 0.105682 0.105796  0.000302
0.152644 0.152753 0.199919  -0.000869
0.255609 0.255689 0.255798  0.016679
0.063587 0.063696 0.063829  0.000255
0.072656 0.072784 0.072903  0.000382
0.082162 0.082286 0.082361  0.000553
0.090776 0.090927 0.091042  0.000745
0.098906 0.099020 0.099128  0.000964
-0.092684 -0.092586 -0.092476  -0.000799
-0.083872 -0.083767 -0.083673  -0.000592
-0.075083 -0.074968 -0.074840  -0.000425
-0.064742 -0.064623 -0.064509  -0.000273
-0.120624 -0.120491 -0.120411  -0.001759
-0.166668 -0.166539 -0.166417  -0.004640
-0.203008 -0.202894 -0.202786  -0.008380
-0.027176 -0.027015 -0.026886  -0.000020
0.542156 0.542250 0.542374  0.159249
0.887556 0.887636 0.887764  0.698873
0.896525 0.896605 0.896724  0.720301
0.002445 0.002550 0.002702  0.000000
0.020838 0.039335 0.039445  0.000009
0.065098 0.065198 0.091186  -0.000205
0.125184 0.125303 0.125401  0.001957
0.042166 0.042350 0.042516  0.000074
0.050999 0.051111 0.051202  0.000132
0.056386 0.056447 0.056533  0.000178
0.061390 0.061452 0.061542  0.000230
0.066750 0.066831 0.066897  0.000297
0.072315 0.072376 0.072462  0.000377
0.077375 0.077456 0.077527  0.000462
0.082498 0.082564 0.082645  0.000560
0.087811 0.087876 0.087963  0.000675
0.180682 0.180768 0.180839  0.005892
0.278910 0.278966 0.279057  0.021675
0.182462 0.182539 0.182609  0.006068
-0.090703 -0.090642 -0.090556  -0.000748
0.476471 0.476532 0.476623  0.108109
0.819546 0.819623 0.819693  0.550311
0.826328 0.826389 0.826480  0.564046
-0.069221 -0.069144 -0.069074  -0.000333
-0.118330 -0.167305 -0.167235  -0.001663
-0.210419 -0.210338 -0.253304  -0.002370
-0.290508 -0.290447 -0.290356  -0.024540
-0.031412 -0.031346 -0.031260  -0.000031
-0.025468 -0.025403 -0.025317  -0.000017
-0.020009 -0.019943 -0.019857  -0.000008
-0.014773 -0.014691 -0.014626  -0.000003
-0.009318 -0.009252 -0.009171  -0.000001
-0.003744 -0.003678 -0.003612  -0.000000
0.002782 0.002868 0.002929  0.000000
0.009199 0.009281 0.009346  0.000001
0.014764 0.014825 0.014916  0.000003
