-0.588185 -0.425302 -0.424762 -0.424402  -0.127340
-0.498558 -0.425302 -0.424762 -0.424402  -0.047772
-0.498558 -0.328856 -0.424762 -0.424402  -0.006407
-0.498558 -0.328856 -0.521945 -0.424402  0.059148
-0.498558 -0.328856 -0.521945 -0.515301  0.119536
-0.583418 -0.328856 -0.521945 -0.515301  0.044876
-0.583418 -0.383695 -0.521945 -0.515301  0.023952
-0.583418 -0.383695 -0.570642 -0.515301  0.067580
-0.583418 -0.383695 -0.570642 -0.557808  0.104312
-0.619982 -0.383695 -0.570642 -0.557808  0.064586
-0.619982 -0.414041 -0.570642 -0.557808  0.050096
-0.619982 -0.414041 -0.594864 -0.557808  0.074777
-0.619982 -0.414041 -0.594864 -0.575992  0.092310
-0.631991 -0.414041 -0.594864 -0.575992  0.078192
-0.631991 -0.420148 -0.594864 -0.575992  0.075005
-0.631991 -0.420148 -0.595042 -0.575992  0.075194
-0.631991 -0.420148 -0.595042 -0.570264  0.069550
-0.620121 -0.420148 -0.595042 -0.570264  0.083507
-0.620121 -0.402559 -0.595042 -0.570264  0.092437
-0.620121 -0.402559 -0.571823 -0.570264  0.068723
-0.620121 -0.402559 -0.571823 -0.541129  0.041726
-0.585005 -0.402559 -0.571823 -0.541129  0.079987
-0.585005 -0.361675 -0.571823 -0.541129  0.097912
-0.585005 -0.361675 -0.525237 -0.541129  0.055836
-0.585005 -0.361675 -0.525237 -0.488520  0.013968
-0.526063 -0.361675 -0.525237 -0.488520  0.068592
-0.526063 -0.296875 -0.525237 -0.488520  0.089737
-0.526063 -0.296875 -0.454793 -0.488520  0.038905
-0.526063 -0.296875 -0.454793 -0.411710  -0.007894
-0.442912 -0.296875 -0.454793 -0.411710  0.050803
-0.442912 -0.207763 -0.454793 -0.411710  0.068000
-0.442912 -0.207763 -0.359480 -0.411710  0.020387
-0.442912 -0.207763 -0.359480 -0.510218  0.083420
-0.535248 -0.207763 -0.359480 -0.510218  0.016964
-0.535248 -0.293946 -0.359480 -0.510218  0.000534
-0.535248 -0.293946 -0.439251 -0.510218  0.038829
-0.535248 -0.293946 -0.439251 -0.584027  0.105212
-0.602980 -0.293946 -0.439251 -0.584027  0.039321
-0.602980 -0.355707 -0.439251 -0.584027  0.019712
-0.602980 -0.355707 -0.495036 -0.584027  0.056276
-0.602980 -0.355707 -0.495036 -0.634123  0.112061
-0.647044 -0.355707 -0.495036 -0.634123  0.060400
-0.647044 -0.393676 -0.495036 -0.634123  0.044395
-0.647044 -0.393676 -0.527180 -0.634123  0.069595
-0.647044 -0.393676 -0.527180 -0.660428  0.102661
-0.667414 -0.393676 -0.527180 -0.660428  0.076262
-0.667414 -0.408147 -0.527180 -0.660428  0.069283
-0.667414 -0.408147 -0.535774 -0.660428  0.076565
-0.667414 -0.408147 -0.535774 -0.663458  0.080549
-0.664600 -0.408147 -0.535774 -0.663458  0.084294
-0.664600 -0.399347 -0.535774 -0.663458  0.088598
-0.664600 -0.399347 -0.520969 -0.663458  0.076198
-0.664600 -0.399347 -0.520969 -0.632270  0.036919
-0.627018 -0.399347 -0.520969 -0.632270  0.083955
-0.627018 -0.355850 -0.520969 -0.632270  0.102581
-0.627018 -0.355850 -0.471486 -0.632270  0.065997
-0.627018 -0.355850 -0.471486 -0.576886  0.005223
-0.565393 -0.355850 -0.471486 -0.576886  0.070997
-0.565393 -0.288310 -0.471486 -0.576886  0.092093
-0.565393 -0.288310 -0.398197 -0.576886  0.050421
-0.565393 -0.288310 -0.398197 -0.497583  -0.018370
-0.479572 -0.288310 -0.398197 -0.497583  0.052073
-0.479572 -0.196560 -0.398197 -0.497583  0.068443
-0.479572 -0.196560 -0.300669 -0.497583  0.032486
-0.479572 -0.196560 -0.300669 -0.594027  0.118904
-0.569950 -0.196560 -0.300669 -0.594027  0.044056
-0.569950 -0.280809 -0.300669 -0.594027  0.029508
-0.569950 -0.280809 -0.378738 -0.594027  0.056654
-0.569950 -0.280809 -0.378738 -0.666196  0.142709
-0.636033 -0.280809 -0.378738 -0.666196  0.070554
-0.636033 -0.340825 -0.378738 -0.666196  0.053106
-0.636033 -0.340825 -0.432773 -0.666196  0.079834
-0.636033 -0.340825 -0.432773 -0.714591  0.149065
-0.678536 -0.340825 -0.432773 -0.714591  0.093958
-0.678536 -0.377229 -0.432773 -0.714591  0.079868
-0.678536 -0.377229 -0.463144 -0.714591  0.098159
-0.678536 -0.377229 -0.463144 -0.739076  0.136966
-0.697119 -0.377229 -0.463144 -0.739076  0.110589
-0.697119 -0.389808 -0.463144 -0.739076  0.105038
-0.697119 -0.389808 -0.469812 -0.739076  0.109392
-0.697119 -0.389808 -0.469812 -0.739768  0.110527
-0.691845 -0.389808 -0.469812 -0.739768  0.118159
-0.691845 -0.358787 -0.469812 -0.739768  0.131204
-0.691845 -0.358787 -0.429756 -0.739768  0.106877
-0.691845 -0.358787 -0.429756 -0.693355  0.035358
-0.639479 -0.358787 -0.429756 -0.693355  0.105005
-0.639479 -0.300693 -0.429756 -0.693355  0.124004
-0.639479 -0.300693 -0.365968 -0.693355  0.093647
-0.639479 -0.300693 -0.365968 -0.623790  0.003048
-0.563412 -0.300693 -0.365968 -0.623790  0.085707
-0.563412 -0.218521 -0.365968 -0.623790  0.102460
-0.563412 -0.218521 -0.277701 -0.623790  0.074861
-0.563412 -0.218521 -0.277701 -0.529456  -0.019445
-0.662826 -0.218521 -0.277701 -0.529456  -0.131805
-0.662826 -0.311390 -0.277701 -0.529456  -0.151564
-0.662826 -0.311390 -0.364334 -0.529456  -0.124618
-0.662826 -0.311390 -0.364334 -0.609993  -0.046064
-0.737163 -0.311390 -0.364334 -0.609993  -0.155441
-0.737163 -0.379660 -0.364334 -0.609993  -0.179972
-0.737163 -0.379660 -0.426733 -0.609993  -0.150625
-0.737163 -0.379660 -0.426733 -0.666348  -0.081726
-0.787505 -0.379660 -0.426733 -0.666348  -0.169527
-0.787505 -0.423759 -0.426733 -0.666348  -0.190897
-0.787505 -0.423759 -0.465050 -0.666348  -0.168028
-0.787505 -0.423759 -0.465050 -0.698708  -0.122796
-0.814125 -0.423759 -0.465050 -0.698708  -0.174015
-0.814125 -0.444223 -0.465050 -0.698708  -0.185580
-0.814125 -0.444223 -0.479224 -0.698708  -0.176101
-0.814125 -0.444223 -0.479224 -0.707199  -0.163513
-0.816948 -0.444223 -0.479224 -0.707199  -0.169146
-0.816948 -0.441249 -0.479224 -0.707199  -0.167398
-0.816948 -0.441249 -0.470515 -0.707199  -0.173289
-0.816948 -0.441249 -0.470515 -0.692628  -0.194703
-0.796420 -0.441249 -0.470515 -0.692628  -0.154626
-0.796420 -0.414816 -0.470515 -0.692628  -0.140093
-0.796420 -0.414816 -0.438206 -0.692628  -0.160111
-0.796420 -0.414816 -0.438206 -0.654156  -0.212462
-0.752018 -0.414816 -0.438206 -0.654156  -0.132596
-0.752018 -0.364613 -0.438206 -0.654156  -0.109690
-0.752018 -0.364613 -0.382085 -0.654156  -0.138056
-0.752018 -0.364613 -0.382085 -0.592249  -0.210246
-0.684138 -0.364613 -0.382085 -0.592249  -0.105163
-0.684138 -0.290776 -0.382085 -0.592249  -0.081276
-0.684138 -0.290776 -0.302252 -0.592249  -0.109443
-0.684138 -0.290776 -0.302252 -0.506529  -0.187219
-0.592551 -0.290776 -0.302252 -0.506529  -0.075067
-0.592551 -0.193350 -0.302252 -0.506529  -0.057710
-0.592551 -0.193350 -0.398494 -0.506529  -0.022042
-0.592551 -0.193350 -0.398494 -0.596752  0.060508
-0.676727 -0.193350 -0.398494 -0.596752  -0.041350
-0.676727 -0.271274 -0.398494 -0.596752  -0.054084
-0.676727 -0.271274 -0.470413 -0.596752  -0.013267
-0.676727 -0.271274 -0.470413 -0.662885  0.065503
-0.736892 -0.271274 -0.470413 -0.662885  -0.024723
-0.736892 -0.325225 -0.470413 -0.662885  -0.039160
-0.736892 -0.325225 -0.518169 -0.662885  -0.004129
-0.736892 -0.325225 -0.518169 -0.704498  0.054244
-0.772644 -0.325225 -0.518169 -0.704498  -0.006868
-0.772644 -0.354868 -0.518169 -0.704498  -0.017157
-0.772644 -0.354868 -0.541768 -0.704498  0.002730
-0.772644 -0.354868 -0.541768 -0.721818  0.029157
-0.783891 -0.354868 -0.541768 -0.721818  0.008719
-0.783891 -0.360048 -0.541768 -0.721818  0.006733
-0.783891 -0.360048 -0.540902 -0.721818  0.005972
-0.783891 -0.360048 -0.540902 -0.715216  -0.004253
-0.771380 -0.360048 -0.540902 -0.715216  0.018446
-0.771380 -0.341698 -0.540902 -0.715216  0.025225
-0.771380 -0.341698 -0.516742 -0.715216  0.004952
-0.771380 -0.341698 -0.516742 -0.685164  -0.039256
-0.735057 -0.341698 -0.516742 -0.685164  0.022578
-0.735057 -0.299319 -0.516742 -0.685164  0.035657
-0.735057 -0.299319 -0.468585 -0.685164  0.000564
-0.735057 -0.299319 -0.468585 -0.630850  -0.070025
-0.674454 -0.299319 -0.468585 -0.630850  0.020332
-0.674454 -0.232801 -0.468585 -0.630850  0.034531
-0.674454 -0.232801 -0.396285 -0.630850  -0.006124
-0.674454 -0.232801 -0.396285 -0.552309  -0.088705
-0.589787 -0.232801 -0.396285 -0.552309  0.012938
-0.589787 -0.142700 -0.396285 -0.552309  0.022649
-0.589787 -0.142700 -0.300544 -0.552309  -0.012437
-0.589787 -0.142700 -0.300544 -0.650539  0.094393
-0.681955 -0.142700 -0.300544 -0.650539  -0.017602
-0.681955 -0.228660 -0.300544 -0.650539  -0.026652
-0.681955 -0.228660 -0.299940 -0.650539  -0.026815
-0.681955 -0.228660 -0.299940 -0.643615  -0.035512
-0.669023 -0.228660 -0.299940 -0.643615  -0.017809
-0.669023 -0.209865 -0.299940 -0.643615  -0.015096
-0.669023 -0.209865 -0.275319 -0.643615  -0.021211
-0.669023 -0.209865 -0.275319 -0.612939  -0.057545
-0.632422 -0.209865 -0.275319 -0.612939  -0.011038
-0.632422 -0.167496 -0.275319 -0.612939  -0.006494
-0.632422 -0.167496 -0.226916 -0.612939  -0.015679
-0.632422 -0.167496 -0.226916 -0.558489  -0.071758
-0.571781 -0.167496 -0.226916 -0.558489  -0.005751
-0.571781 -0.100770 -0.226916 -0.558489  -0.002075
-0.571781 -0.100770 -0.154195 -0.558489  -0.010093
-0.571781 -0.100770 -0.154195 -0.479649  -0.073942
-0.487030 -0.100770 -0.154195 -0.479649  -0.002531
-0.487030 -0.010062 -0.154195 -0.479649  -0.001508
-0.487030 -0.010062 -0.057321 -0.479649  -0.004986
-0.487030 -0.010062 -0.057321 -0.576543  0.076308
-0.577743 -0.010062 -0.057321 -0.576543  -0.001012
-0.577743 -0.094656 -0.057321 -0.576543  -0.001859
-0.577743 -0.094656 -0.135759 -0.576543  0.000455
-0.577743 -0.094656 -0.135759 -0.648833  0.081960
-0.643800 -0.094656 -0.135759 -0.648833  0.007961
-0.643800 -0.154405 -0.135759 -0.648833  0.005128
-0.643800 -0.154405 -0.189355 -0.648833  0.009415
-0.643800 -0.154405 -0.189355 -0.696500  0.074148
-0.685426 -0.154405 -0.189355 -0.696500  0.018971
-0.685426 -0.189959 -0.189355 -0.696500  0.015797
-0.685426 -0.189959 -0.218980 -0.696500  0.019508
-0.685426 -0.189959 -0.218980 -0.720058  0.054965
-0.702936 -0.189959 -0.218980 -0.720058  0.029649
-0.702936 -0.201307 -0.218980 -0.720058  0.028346
-0.702936 -0.201307 -0.224424 -0.720058  0.029148
-0.702936 -0.201307 -0.224424 -0.719848  0.028822
-0.696954 -0.201307 -0.224424 -0.719848  0.037615
-0.696954 -0.189632 -0.224424 -0.719848  0.038954
-0.696954 -0.189632 -0.206924 -0.719848  0.036511
-0.696954 -0.189632 -0.206924 -0.696400  0.001234
-0.667373 -0.189632 -0.206924 -0.696400  0.042537
-0.667373 -0.154103 -0.206924 -0.696400  0.045696
-0.667373 -0.154103 -0.165443 -0.696400  0.041364
-0.667373 -0.154103 -0.165443 -0.648847  -0.023205
-0.613683 -0.154103 -0.165443 -0.648847  0.042918
-0.613683 -0.094432 -0.165443 -0.648847  0.045735
-0.613683 -0.094432 -0.099856 -0.648847  0.042203
-0.613683 -0.094432 -0.099856 -0.576957  -0.038906
-0.535616 -0.094432 -0.099856 -0.576957  0.038551
-0.535616 -0.010427 -0.099856 -0.576957  0.039392
-0.535616 -0.010427 -0.009940 -0.576957  0.038397
-0.535616 -0.010427 -0.009940 -0.480738  -0.042557
-0.633360 -0.010427 -0.009940 -0.480738  -0.142966
-0.633360 -0.101566 -0.009940 -0.480738  -0.144013
-0.633360 -0.101566 -0.094929 -0.480738  -0.143159
-0.633360 -0.101566 -0.094929 -0.559713  -0.078916
-0.706125 -0.101566 -0.094929 -0.559713  -0.176930
-0.706125 -0.168042 -0.094929 -0.559713  -0.180627
-0.706125 -0.168042 -0.155281 -0.559713  -0.177738
-0.706125 -0.168042 -0.155281 -0.614278  -0.121294
-0.755003 -0.168042 -0.155281 -0.614278  -0.199584
-0.755003 -0.211063 -0.155281 -0.614278  -0.204241
-0.755003 -0.211063 -0.192349 -0.614278  -0.200869
-0.755003 -0.211063 -0.192349 -0.645450  -0.163762
-0.780036 -0.211063 -0.192349 -0.645450  -0.208007
-0.780036 -0.229802 -0.192349 -0.645450  -0.210740
-0.780036 -0.229802 -0.204809 -0.645450  -0.209266
-0.780036 -0.229802 -0.204809 -0.652127  -0.200833
-0.780638 -0.229802 -0.204809 -0.652127  -0.201932
-0.780638 -0.224276 -0.204809 -0.652127  -0.201077
-0.780638 -0.224276 -0.193381 -0.652127  -0.202436
-0.780638 -0.224276 -0.193381 -0.634765  -0.224002
-0.757414 -0.224276 -0.193381 -0.634765  -0.182795
-0.757414 -0.195260 -0.193381 -0.634765  -0.178959
-0.757414 -0.195260 -0.158266 -0.634765  -0.182226
-0.757414 -0.195260 -0.158266 -0.593541  -0.228891
-0.710151 -0.195260 -0.158266 -0.593541  -0.152520
-0.710151 -0.141988 -0.158266 -0.593541  -0.147938
-0.710151 -0.141988 -0.099111 -0.593541  -0.150929
-0.710151 -0.141988 -0.099111 -0.528060  -0.212780
-0.638210 -0.141988 -0.099111 -0.528060  -0.114591
-0.638210 -0.063861 -0.099111 -0.528060  -0.111989
-0.638210 -0.063861 -0.014765 -0.528060  -0.112959
-0.638210 -0.063861 -0.014765 -0.569524  -0.075478
-0.673077 -0.063861 -0.014765 -0.569524  -0.120453
-0.673077 -0.092623 -0.014765 -0.569524  -0.120987
-0.673077 -0.092623 -0.037381 -0.569524  -0.120938
-0.673077 -0.092623 -0.037381 -0.586206  -0.104225
-0.683920 -0.092623 -0.037381 -0.586206  -0.119201
-0.683920 -0.097376 -0.037381 -0.586206  -0.119330
-0.683920 -0.097376 -0.035886 -0.586206  -0.119336
-0.683920 -0.097376 -0.035886 -0.578383  -0.127293
-0.669723 -0.097376 -0.035886 -0.578383  -0.107783
-0.669723 -0.076785 -0.035886 -0.578383  -0.107312
-0.669723 -0.076785 -0.009261 -0.578383  -0.107357
-0.669723 -0.076785 -0.009261 -0.545583  -0.138443
-0.630819 -0.076785 -0.009261 -0.545583  -0.089076
-0.630819 -0.031748 -0.009261 -0.545583  -0.088655
-0.630819 -0.031748 0.041847 -0.545583  -0.088729
-0.630819 -0.031748 0.041847 -0.487938  -0.134958
-0.567116 -0.031748 0.041847 -0.487938  -0.066331
-0.567116 0.037936 0.041847 -0.487938  -0.066245
-0.567116 0.037936 0.117730 -0.487938  -0.067803
-0.567116 0.037936 0.117730 -0.405486  -0.117303
-0.478649 0.037936 0.117730 -0.405486  -0.044568
-0.478649 0.132323 0.117730 -0.405486  -0.042306
-0.478649 0.132323 0.018259 -0.405486  -0.040680
-0.478649 0.132323 0.018259 -0.498577  0.016586
-0.565716 0.132323 0.018259 -0.498577  -0.054802
-0.565716 0.051407 0.018259 -0.498577  -0.056983
-0.565716 0.051407 -0.056695 -0.498577  -0.056795
-0.565716 0.051407 -0.056695 -0.567525  0.002060
-0.628052 0.051407 -0.056695 -0.567525  -0.064626
-0.628052 -0.004678 -0.056695 -0.567525  -0.064762
-0.628052 -0.004678 -0.106542 -0.567525  -0.063735
-0.628052 -0.004678 -0.106542 -0.611248  -0.018148
-0.665823 -0.004678 -0.106542 -0.611248  -0.065586
-0.665823 -0.036500 -0.106542 -0.611248  -0.065635
-0.665823 -0.036500 -0.132085 -0.611248  -0.064540
-0.665823 -0.036500 -0.132085 -0.630497  -0.042278
-0.678991 -0.036500 -0.132085 -0.630497  -0.060139
-0.678991 -0.043435 -0.132085 -0.630497  -0.060172
-0.678991 -0.043435 -0.132910 -0.630497  -0.060129
-0.678991 -0.043435 -0.132910 -0.625361  -0.066205
-0.667888 -0.043435 -0.132910 -0.625361  -0.051098
-0.667888 -0.026293 -0.132910 -0.625361  -0.051034
-0.667888 -0.026293 -0.109413 -0.625361  -0.052072
-0.667888 -0.026293 -0.109413 -0.596005  -0.084922
-0.632366 -0.026293 -0.109413 -0.596005  -0.039869
-0.632366 0.015068 -0.109413 -0.596005  -0.039848
-0.632366 0.015068 -0.062143 -0.596005  -0.040918
-0.632366 0.015068 -0.062143 -0.542943  -0.092579
-0.573417 0.015068 -0.062143 -0.542943  -0.028248
-0.573417 0.079818 -0.062143 -0.542943  -0.027743
-0.573417 0.079818 0.008551 -0.542943  -0.027983
-0.573417 0.079818 0.008551 -0.465956  -0.086870
-0.490283 0.079818 0.008551 -0.465956  -0.016179
-0.490283 0.169082 0.008551 -0.465956  -0.011854
-0.490283 0.169082 0.103709 -0.465956  -0.012969
-0.490283 0.169082 0.103709 -0.564735  0.065974
-0.583058 0.169082 0.103709 -0.564735  -0.014388
-0.583058 0.082042 0.103709 -0.564735  -0.018669
-0.583058 0.082042 0.022428 -0.564735  -0.017565
-0.583058 0.082042 0.022428 -0.640116  0.064614
-0.652410 0.082042 0.022428 -0.640116  -0.014863
-0.652410 0.018690 0.022428 -0.640116  -0.015409
-0.652410 0.018690 -0.034605 -0.640116  -0.015356
-0.652410 0.018690 -0.034605 -0.690984  0.052274
-0.697092 0.018690 -0.034605 -0.690984  -0.008778
-0.697092 -0.019859 -0.034605 -0.690984  -0.008792
-0.697092 -0.019859 -0.067059 -0.690984  -0.008532
-0.697092 -0.019859 -0.067059 -0.717504  0.030931
-0.717626 -0.019859 -0.067059 -0.717504  0.000105
-0.717626 -0.034326 -0.067059 -0.717504  0.000073
-0.717626 -0.034326 -0.075408 -0.717504  0.000200
-0.717626 -0.034326 -0.075408 -0.719659  0.003538
-0.713899 -0.034326 -0.075408 -0.719659  0.009267
-0.713899 -0.024537 -0.075408 -0.719659  0.009292
-0.713899 -0.024537 -0.059647 -0.719659  0.009076
-0.713899 -0.024537 -0.059647 -0.697964  -0.023627
-0.686290 -0.024537 -0.059647 -0.697964  0.016975
-0.686290 0.009006 -0.059647 -0.697964  0.016990
-0.686290 0.009006 -0.019843 -0.697964  0.016786
-0.686290 0.009006 -0.019843 -0.652278  -0.045708
-0.634632 0.009006 -0.019843 -0.652278  0.021927
-0.634632 -0.067030 -0.019843 -0.652278  0.021625
-0.634632 -0.067030 -0.089471 -0.652278  0.022334
-0.634632 -0.067030 -0.089471 -0.715852  0.111647
-0.692023 -0.067030 -0.089471 -0.715852  0.035843
-0.692023 -0.118136 -0.089471 -0.715852  0.034496
-0.692023 -0.118136 -0.134423 -0.715852  0.036209
-0.692023 -0.118136 -0.134423 -0.754862  0.099507
-0.725175 -0.118136 -0.134423 -0.754862  0.049559
-0.725175 -0.145155 -0.134423 -0.754862  0.048149
-0.725175 -0.145155 -0.155523 -0.754862  0.049482
-0.725175 -0.145155 -0.155523 -0.770109  0.076076
-0.734563 -0.145155 -0.155523 -0.770109  0.061072
-0.734563 -0.148738 -0.155523 -0.770109  0.060840
-0.734563 -0.148738 -0.153328 -0.770109  0.060683
-0.734563 -0.148738 -0.153328 -0.762218  0.046787
-0.721023 -0.148738 -0.153328 -0.762218  0.068303
-0.721023 -0.129491 -0.153328 -0.762218  0.069423
-0.721023 -0.129491 -0.128495 -0.762218  0.067940
-0.721023 -0.129491 -0.128495 -0.731470  0.016480
-0.684217 -0.129491 -0.128495 -0.731470  0.071003
-0.684217 -0.086984 -0.128495 -0.731470  0.072516
-0.684217 -0.086984 -0.079926 -0.731470  0.070905
-0.684217 -0.086984 -0.079926 -0.676929  -0.010275
-0.623804 -0.086984 -0.079926 -0.676929  0.067302
-0.623804 -0.020580 -0.079926 -0.676929  0.067952
-0.623804 -0.020580 -0.007361 -0.676929  0.067442
-0.623804 -0.020580 -0.007361 -0.598136  -0.028756
-0.538796 -0.020580 -0.007361 -0.598136  0.057571
-0.538796 0.070398 -0.007361 -0.598136  0.057929
-0.538796 0.070398 0.089470 -0.598136  0.057212
-0.538796 0.070398 0.089470 -0.695275  0.179321
-0.629964 0.070398 0.089470 -0.695275  0.085730
-0.629964 -0.014618 0.089470 -0.695275  0.085378
-0.629964 -0.014618 0.010411 -0.695275  0.086093
-0.629964 -0.014618 0.010411 -0.768414  0.203710
-0.697107 -0.014618 0.010411 -0.768414  0.114950
-0.697107 -0.075651 0.010411 -0.768414  0.114520
-0.697107 -0.075651 -0.044713 -0.768414  0.114610
-0.697107 -0.075651 -0.044713 -0.817367  0.206965
-0.739936 -0.075651 -0.044713 -0.817367  0.140611
-0.739936 -0.112366 -0.044713 -0.817367  0.139625
-0.739936 -0.112366 -0.075243 -0.817367  0.139962
-0.739936 -0.112366 -0.075243 -0.841859  0.190536
-0.758309 -0.112366 -0.075243 -0.841859  0.159602
-0.758309 -0.124724 -0.075243 -0.841859  0.159081
-0.758309 -0.124724 -0.081697 -0.841859  0.159200
-0.758309 -0.124724 -0.081697 -0.842250  0.160032
-0.752923 -0.124724 -0.081697 -0.842250  0.169258
-0.752923 -0.113518 -0.081697 -0.842250  0.169735
-0.752923 -0.113518 -0.064690 -0.842250  0.169461
-0.752923 -0.113518 -0.064690 -0.819043  0.121422
-0.723579 -0.113518 -0.064690 -0.819043  0.169407
-0.723579 -0.078250 -0.064690 -0.819043  0.170391
-0.723579 -0.078250 -0.023394 -0.819043  0.170133
-0.723579 -0.078250 -0.023394 -0.771731  0.080312
-0.670276 -0.078250 -0.023394 -0.771731  0.158018
-0.670276 -0.018880 -0.023394 -0.771731  0.158490
-0.670276 -0.018880 0.042057 -0.771731  0.158403
-0.670276 -0.018880 0.042057 -0.700253  0.042156
-0.592395 -0.018880 0.042057 -0.700253  0.135401
-0.592395 0.064912 0.042057 -0.700253  0.135681
-0.592395 0.064912 0.131640 -0.700253  0.133474
-0.592395 0.064912 0.131640 -0.604489  0.010988
-0.690454 0.064912 0.131640 -0.604489  -0.110281
-0.690454 -0.026821 0.131640 -0.604489  -0.110574
-0.690454 -0.026821 0.046264 -0.604489  -0.108392
-0.690454 -0.026821 0.046264 -0.683668  -0.009730
-0.763290 -0.026821 0.046264 -0.683668  -0.125273
-0.763290 -0.093382 0.046264 -0.683668  -0.126068
-0.763290 -0.093382 -0.013970 -0.683668  -0.125966
-0.763290 -0.093382 -0.013970 -0.737463  -0.044443
-0.810645 -0.093382 -0.013970 -0.737463  -0.132452
-0.810645 -0.134419 -0.013970 -0.737463  -0.134066
-0.810645 -0.134419 -0.048811 -0.737463  -0.133952
-0.810645 -0.134419 -0.048811 -0.766401  -0.084863
-0.833562 -0.134419 -0.048811 -0.766401  -0.131332
-0.833562 -0.151264 -0.048811 -0.766401  -0.132364
-0.833562 -0.151264 -0.059506 -0.766401  -0.132270
-0.833562 -0.151264 -0.059506 -0.770796  -0.124480
-0.831806 -0.151264 -0.059506 -0.770796  -0.120827
-0.831806 -0.143560 -0.059506 -0.770796  -0.120325
-0.831806 -0.143560 -0.045962 -0.770796  -0.120439
-0.831806 -0.143560 -0.045962 -0.684439  -0.257760
-0.738538 -0.143560 -0.045962 -0.684439  -0.085059
-0.738538 -0.044263 -0.045962 -0.684439  -0.082187
-0.738538 -0.044263 -0.140603 -0.684439  -0.079504
-0.738538 -0.044263 -0.140603 -0.773236  0.062179
-0.821283 -0.044263 -0.140603 -0.773236  -0.088956
-0.821283 -0.120993 -0.140603 -0.773236  -0.090640
-0.821283 -0.120993 -0.211091 -0.773236  -0.084014
-0.821283 -0.120993 -0.211091 -0.837918  0.041981
-0.880041 -0.120993 -0.211091 -0.837918  -0.085625
-0.880041 -0.173732 -0.211091 -0.837918  -0.089098
-0.880041 -0.173732 -0.258034 -0.837918  -0.081324
-0.880041 -0.173732 -0.258034 -0.879174  0.009925
-0.915553 -0.173732 -0.258034 -0.879174  -0.075959
-0.915553 -0.203467 -0.258034 -0.879174  -0.079138
-0.915553 -0.203467 -0.281840 -0.879174  -0.073931
-0.915553 -0.203467 -0.281840 -0.896966  -0.031835
-0.927486 -0.203467 -0.281840 -0.896966  -0.062235
-0.927486 -0.209519 -0.281840 -0.896966  -0.063009
-0.927486 -0.209519 -0.282119 -0.896966  -0.062942
-0.927486 -0.209519 -0.282119 -0.891568  -0.075893
-0.916324 -0.209519 -0.282119 -0.891568  -0.047434
-0.916324 -0.192732 -0.282119 -0.891568  -0.045396
-0.916324 -0.192732 -0.259767 -0.891568  -0.050321
-0.916324 -0.192732 -0.259767 -0.863296  -0.115624
-0.881897 -0.192732 -0.259767 -0.863296  -0.032120
-0.881897 -0.152375 -0.259767 -0.863296  -0.028499
-0.881897 -0.152375 -0.213605 -0.863296  -0.036282
-0.881897 -0.152375 -0.213605 -0.811262  -0.145750
-0.823782 -0.152375 -0.213605 -0.811262  -0.018894
-0.823782 -0.088662 -0.213605 -0.811262  -0.016053
-0.823782 -0.088662 -0.144063 -0.811262  -0.022809
-0.823782 -0.088662 -0.144063 -0.735649  -0.158620
-0.741889 -0.088662 -0.144063 -0.735649  -0.007923
-0.741889 -0.000826 -0.144063 -0.735649  -0.007226
-0.741889 -0.000826 -0.050146 -0.735649  -0.010090
-0.741889 -0.000826 -0.050146 -0.835471  0.174960
-0.835559 -0.000826 -0.050146 -0.835471  -0.000058
-0.835559 -0.088249 -0.050146 -0.835471  -0.000745
-0.835559 -0.088249 -0.131506 -0.835471  0.001403
-0.835559 -0.088249 -0.131506 -0.910860  0.173944
-0.904885 -0.088249 -0.131506 -0.910860  0.016360
-0.904885 -0.150726 -0.131506 -0.910860  0.013623
-0.904885 -0.150726 -0.187851 -0.910860  0.017978
-0.904885 -0.150726 -0.187851 -0.961114  0.150087
-0.949268 -0.150726 -0.187851 -0.961114  0.035629
-0.949268 -0.189212 -0.187851 -0.961114  0.032279
-0.949268 -0.189212 -0.220451 -0.961114  0.036364
-0.949268 -0.189212 -0.220451 -0.987813  0.112429
-0.969664 -0.189212 -0.220451 -0.987813  0.056098
-0.969664 -0.203352 -0.220451 -0.987813  0.054463
-0.969664 -0.203352 -0.228396 -0.987813  0.055664
-0.969664 -0.203352 -0.228396 -0.989730  0.061285
-0.965500 -0.203352 -0.228396 -0.989730  0.072982
-0.965500 -0.193035 -0.228396 -0.989730  0.074198
-0.965500 -0.193035 -0.212221 -0.989730  0.071841
-0.965500 -0.193035 -0.212221 -0.967275  0.007340
-0.936394 -0.193035 -0.212221 -0.967275  0.086306
-0.936394 -0.157873 -0.212221 -0.967275  0.089564
-0.936394 -0.157873 -0.171154 -0.967275  0.085020
-0.936394 -0.157873 -0.171154 -0.920241  -0.040683
-0.883270 -0.157873 -0.171154 -0.920241  0.091283
-0.883270 -0.098763 -0.171154 -0.920241  0.094255
-0.883270 -0.098763 -0.106096 -0.920241  0.090435
-0.883270 -0.098763 -0.106096 -0.848974  -0.076963
-0.805580 -0.098763 -0.106096 -0.848974  0.089346
-0.805580 -0.015324 -0.106096 -0.848974  0.090306
-0.805580 -0.015324 -0.016932 -0.848974  0.089116
-0.805580 -0.015324 -0.016932 -0.753638  -0.094742
-0.903993 -0.015324 -0.016932 -0.753638  -0.310700
-0.903993 -0.106926 -0.016932 -0.753638  -0.311919
-0.903993 -0.106926 -0.102416 -0.753638  -0.310849
-0.903993 -0.106926 -0.102416 -0.833221  -0.160424
-0.977571 -0.106926 -0.102416 -0.833221  -0.355889
-0.977571 -0.174542 -0.102416 -0.833221  -0.359984
-0.977571 -0.174542 -0.164136 -0.833221  -0.356637
-0.977571 -0.174542 -0.164136 -0.889030  -0.232439
-1.027290 -0.174542 -0.164136 -0.889030  -0.382352
-1.027290 -0.216895 -0.164136 -0.889030  -0.387238
-1.027290 -0.216895 -0.200412 -0.889030  -0.383611
-1.027290 -0.216895 -0.200412 -0.919283  -0.309408
-0.986124 -0.216895 -0.200412 -0.919283  -0.184232
-0.986124 -0.169819 -0.200412 -0.919283  -0.178925
-0.986124 -0.169819 -0.147563 -0.919283  -0.183762
-0.986124 -0.169819 -0.147563 -0.860269  -0.323979
-0.920961 -0.169819 -0.147563 -0.860269  -0.146163
-0.920961 -0.098708 -0.147563 -0.860269  -0.142227
-0.920961 -0.098708 -0.070453 -0.860269  -0.145091
-0.920961 -0.098708 -0.070453 -0.776993  -0.312659
-0.831296 -0.098708 -0.070453 -0.776993  -0.105997
-0.831296 -0.003027 -0.070453 -0.776993  -0.105035
-0.831296 -0.003027 -0.168758 -0.776993  -0.100579
-0.831296 -0.003027 -0.168758 -0.869460  0.087614
-0.917913 -0.003027 -0.168758 -0.869460  -0.111318
-0.917913 -0.083469 -0.168758 -0.869460  -0.111900
-0.917913 -0.083469 -0.242792 -0.869460  -0.102394
-0.917913 -0.083469 -0.242792 -0.937527  0.064375
-0.980013 -0.083469 -0.242792 -0.937527  -0.103455
-0.980013 -0.139617 -0.242792 -0.937527  -0.105595
-0.980013 -0.139617 -0.292835 -0.937527  -0.094796
-0.980013 -0.139617 -0.292835 -0.981697  0.027249
-1.018259 -0.139617 -0.292835 -0.981697  -0.087304
-1.018259 -0.171003 -0.292835 -0.981697  -0.089583
-1.018259 -0.171003 -0.318033 -0.981697  -0.082527
-1.018259 -0.171003 -0.318033 -1.000757  -0.026344
-1.031362 -0.171003 -0.318033 -1.000757  -0.067627
-1.031362 -0.177811 -0.318033 -1.000757  -0.068248
-1.031362 -0.177811 -0.318683 -1.000757  -0.068050
-1.031362 -0.177811 -0.318683 -0.995252  -0.084501
-1.019832 -0.177811 -0.318683 -0.995252  -0.048117
-1.019832 -0.160214 -0.318683 -0.995252  -0.046607
-1.019832 -0.160214 -0.294977 -0.995252  -0.053306
-1.019832 -0.160214 -0.294977 -0.965527  -0.139024
-0.983846 -0.160214 -0.294977 -0.965527  -0.030657
-0.983846 -0.118375 -0.294977 -0.965527  -0.028203
-0.983846 -0.118375 -0.247247 -0.965527  -0.038755
-0.983846 -0.118375 -0.247247 -0.911683  -0.181101
-0.923820 -0.118375 -0.247247 -0.911683  -0.017214
-0.923820 -0.052406 -0.247247 -0.911683  -0.015699
-0.923820 -0.052406 -0.175174 -0.911683  -0.025438
-0.923820 -0.052406 -0.175174 -0.833615  -0.203908
-0.839538 -0.052406 -0.175174 -0.833615  -0.007205
-0.839538 0.037995 -0.175174 -0.833615  -0.007007
-0.839538 0.037995 -0.078631 -0.833615  -0.011896
-0.839538 0.037995 -0.078631 -0.930871  0.215434
-0.930715 0.037995 -0.078631 -0.930871  0.000947
-0.930715 -0.046926 -0.078631 -0.930871  0.000788
-0.930715 -0.046926 -0.157148 -0.930871  0.004183
-0.930715 -0.046926 -0.157148 -1.003326  0.207575
-0.996995 -0.046926 -0.157148 -1.003326  0.022777
-0.996995 -0.106892 -0.157148 -1.003326  0.021659
-0.996995 -0.106892 -0.211308 -1.003326  0.027213
-0.996995 -0.106892 -0.211308 -1.051606  0.180145
-1.039331 -0.106892 -0.211308 -1.051606  0.048462
-1.039331 -0.142838 -0.211308 -1.051606  0.046769
-1.039331 -0.142838 -0.241136 -1.051606  0.051355
-1.039331 -0.142838 -0.241136 -1.075428  0.132191
-1.057044 -0.142838 -0.241136 -1.075428  0.073807
-1.057044 -0.154129 -0.241136 -1.075428  0.073060
-1.057044 -0.154129 -0.246260 -1.075428  0.073973
-1.057044 -0.154129 -0.246260 -1.074523  0.070837
-1.050025 -0.154129 -0.246260 -1.074523  0.094208
-1.050025 -0.140912 -0.246260 -1.074523  0.095071
-1.050025 -0.140912 -0.226948 -1.074523  0.091826
-1.050025 -0.140912 -0.226948 -1.049239  0.006293
-1.018721 -0.140912 -0.226948 -1.049239  0.106779
-1.018721 -0.103732 -0.226948 -1.049239  0.108461
-1.018721 -0.103732 -0.183790 -1.049239  0.102980
-1.018721 -0.103732 -0.183790 -0.999855  -0.052566
-0.962777 -0.103732 -0.183790 -0.999855  0.112220
-0.962777 -0.041606 -0.183790 -0.999855  0.113264
-0.962777 -0.041606 -0.115457 -0.999855  0.108595
-0.962777 -0.041606 -0.115457 -0.925235  -0.098912
-0.881882 -0.041606 -0.115457 -0.925235  0.107670
-0.881882 0.045284 -0.115457 -0.925235  0.107835
-0.881882 0.045284 -0.022862 -0.925235  0.106308
-0.881882 0.045284 -0.022862 -0.826601  -0.120958
-0.977124 0.045284 -0.022862 -0.826601  -0.368036
-0.977124 -0.043469 -0.022862 -0.826601  -0.368211
-0.977124 -0.043469 -0.105288 -0.826601  -0.367056
-0.977124 -0.043469 -0.105288 -0.902960  -0.195630
-1.047180 -0.043469 -0.105288 -0.902960  -0.411022
-1.047180 -0.041279 -0.105288 -0.902960  -0.411011
-1.047180 -0.041279 -0.096666 -0.902960  -0.411274
-1.047180 -0.041279 -0.096666 -0.888117  -0.446988
-1.026023 -0.041279 -0.096666 -0.888117  -0.378781
-1.026023 -0.014164 -0.096666 -0.888117  -0.378714
-1.026023 -0.014164 -0.063533 -0.888117  -0.379361
-1.026023 -0.014164 -0.063533 -0.848963  -0.467983
-0.980585 -0.014164 -0.063533 -0.848963  -0.330743
-0.980585 0.037453 -0.063533 -0.848963  -0.330688
-0.980585 0.037453 -0.005909 -0.848963  -0.330944
-0.980585 0.037453 -0.005909 -0.784970  -0.459143
-0.909144 0.037453 -0.005909 -0.784970  -0.267712
-0.909144 0.114870 -0.005909 -0.784970  -0.266249
-0.909144 0.114870 0.077754 -0.784970  -0.266720
-0.909144 0.114870 0.077754 -0.695202  -0.414406
-0.813428 0.114870 0.077754 -0.695202  -0.201176
-0.813428 0.016364 0.077754 -0.695202  -0.202687
-0.813428 0.016364 -0.014633 -0.695202  -0.202214
-0.813428 0.016364 -0.014633 -0.781609  -0.060715
-0.893539 0.016364 -0.014633 -0.781609  -0.235911
-0.893539 -0.057706 -0.014633 -0.781609  -0.236107
-0.893539 -0.057706 -0.082498 -0.781609  -0.235549
-0.893539 -0.057706 -0.082498 -0.843588  -0.112712
-0.949683 -0.057706 -0.082498 -0.843588  -0.255816
-0.949683 -0.107878 -0.082498 -0.843588  -0.256879
-0.949683 -0.107878 -0.126836 -0.843588  -0.255400
-0.949683 -0.107878 -0.126836 -0.882035  -0.169522
-0.982443 -0.107878 -0.126836 -0.882035  -0.261254
-0.982443 -0.134552 -0.126836 -0.882035  -0.262434
-0.982443 -0.134552 -0.147369 -0.882035  -0.261274
-0.982443 -0.134552 -0.147369 -0.896614  -0.226681
-0.991003 -0.134552 -0.147369 -0.896614  -0.251682
-0.991003 -0.137042 -0.147369 -0.896614  -0.251819
-0.991003 -0.137042 -0.144009 -0.896614  -0.252033
-0.991003 -0.137042 -0.144009 -0.887444  -0.273925
-0.975912 -0.137042 -0.144009 -0.887444  -0.230138
-0.975912 -0.115975 -0.144009 -0.887444  -0.229125
-0.975912 -0.115975 -0.116966 -0.887444  -0.230511
-0.975912 -0.115975 -0.116966 -0.854245  -0.306051
-0.936775 -0.115975 -0.116966 -0.854245  -0.198652
-0.936775 -0.070946 -0.116966 -0.854245  -0.197449
-0.936775 -0.070946 -0.065974 -0.854245  -0.198762
-0.936775 -0.070946 -0.065974 -0.797025  -0.315824
-0.873371 -0.070946 -0.065974 -0.797025  -0.159947
-0.873371 -0.001646 -0.065974 -0.797025  -0.159590
-0.873371 -0.001646 0.009255 -0.797025  -0.159878
-0.873371 -0.001646 0.009255 -0.715621  -0.299709
-0.785862 -0.001646 0.009255 -0.715621  -0.118853
-0.785862 0.091793 0.009255 -0.715621  -0.118080
-0.785862 0.091793 0.108959 -0.715621  -0.119373
-0.785862 0.091793 0.108959 -0.809759  0.045115
-0.873876 0.091793 0.108959 -0.809759  -0.136898
-0.873876 0.010049 0.108959 -0.809759  -0.137670
-0.873876 0.010049 0.033619 -0.809759  -0.136415
-0.873876 0.010049 0.033619 -0.879165  0.012154
-0.937269 0.010049 0.033619 -0.879165  -0.143868
-0.937269 -0.047358 0.033619 -0.879165  -0.143975
-0.937269 -0.047358 -0.017740 -0.879165  -0.143932
-0.937269 -0.047358 -0.017740 -0.924576  -0.033100
-0.976328 -0.047358 -0.017740 -0.924576  -0.140387
-0.976328 -0.079892 -0.017740 -0.924576  -0.140790
-0.976328 -0.079892 -0.044097 -0.924576  -0.140710
-0.976328 -0.079892 -0.044097 -0.944943  -0.087321
-0.990443 -0.079892 -0.044097 -0.944943  -0.128271
-0.990443 -0.087874 -0.044097 -0.944943  -0.128439
-0.990443 -0.087874 -0.045898 -0.944943  -0.128428
-0.990443 -0.087874 -0.045898 -0.940868  -0.139298
-0.980268 -0.087874 -0.045898 -0.940868  -0.109660
-0.980268 -0.071641 -0.045898 -0.940868  -0.109349
-0.980268 -0.071641 -0.023741 -0.940868  -0.109432
-0.980268 -0.071641 -0.023741 -0.912655  -0.182134
-0.945955 -0.071641 -0.023741 -0.912655  -0.086639
-0.945955 -0.031105 -0.023741 -0.912655  -0.086301
-0.945955 -0.031105 0.022840 -0.912655  -0.086326
-0.945955 -0.031105 0.022840 -0.859951  -0.210564
-0.887095 -0.031105 0.022840 -0.859951  -0.062183
-0.887095 0.033817 0.022840 -0.859951  -0.062115
-0.887095 0.033817 0.093789 -0.859951  -0.062928
-0.887095 0.033817 0.093789 -0.782787  -0.219218
-0.803703 0.033817 0.093789 -0.782787  -0.040272
-0.803703 0.122859 0.093789 -0.782787  -0.038456
-0.803703 0.122859 0.053605 -0.782787  -0.037785
-0.803703 0.122859 0.053605 -0.815113  0.024126
-0.830104 0.122859 0.053605 -0.815113  -0.028734
-0.830104 0.102424 0.053605 -0.815113  -0.029514
-0.830104 0.102424 0.039109 -0.815113  -0.029419
-0.830104 0.102424 0.039109 -0.823915  -0.011684
-0.833159 0.102424 0.039109 -0.823915  -0.018022
-0.833159 0.105404 0.039109 -0.823915  -0.017926
-0.833159 0.105404 0.048198 -0.823915  -0.017978
-0.833159 0.105404 0.048198 -0.808736  -0.048324
-0.811828 0.105404 0.048198 -0.808736  -0.005031
-0.811828 0.132834 0.048198 -0.808736  -0.003859
-0.811828 0.132834 0.081520 -0.808736  -0.004288
-0.811828 0.132834 0.081520 -0.769396  -0.077787
-0.766283 0.132834 0.081520 -0.769396  0.007308
-0.766283 0.184327 0.081520 -0.769396  0.011226
-0.766283 0.184327 0.138894 -0.769396  0.009089
-0.766283 0.184327 0.138894 -0.705969  -0.094521
-0.696852 0.184327 0.138894 -0.705969  0.017040
-0.696852 0.259826 0.138894 -0.705969  0.028317
-0.696852 0.259826 0.220060 -0.705969  0.020340
-0.696852 0.259826 0.220060 -0.618649  -0.094735
-0.603206 0.259826 0.220060 -0.618649  0.024177
-0.603206 0.359453 0.220060 -0.618649  0.053080
-0.603206 0.359453 0.125654 -0.618649  0.061753
-0.603206 0.359453 0.125654 -0.707363  0.178916
-0.686080 0.359453 0.125654 -0.707363  0.075455
-0.686080 0.282607 0.125654 -0.707363  0.051582
-0.686080 0.282607 0.054922 -0.707363  0.053400
-0.686080 0.282607 0.054922 -0.771753  0.159121
-0.744679 0.282607 0.054922 -0.771753  0.069104
-0.744679 0.230038 0.054922 -0.771753  0.058706
-0.744679 0.230038 0.008320 -0.771753  0.058871
-0.744679 0.230038 0.008320 -0.812293  0.135181
-0.779472 0.230038 0.008320 -0.812293  0.074552
-0.779472 0.201431 0.008320 -0.812293  0.070552
-0.779472 0.201431 -0.014187 -0.812293  0.070555
-0.779472 0.201431 -0.014187 -0.828729  0.103750
-0.789666 0.201431 -0.014187 -0.828729  0.084925
-0.789666 0.197157 -0.014187 -0.828729  0.084415
-0.789666 0.197157 -0.012395 -0.828729  0.084414
-0.789666 0.197157 -0.012395 -0.820932  0.068501
-0.775863 0.197157 -0.012395 -0.820932  0.093873
-0.775863 0.216821 -0.012395 -0.820932  0.096403
-0.775863 0.216821 0.013134 -0.820932  0.096398
-0.775863 0.216821 0.013134 -0.789333  0.034941
-0.738207 0.216821 0.013134 -0.789333  0.099696
-0.738207 0.260402 0.013134 -0.789333  0.107161
-0.738207 0.260402 0.062543 -0.789333  0.106918
-0.738207 0.260402 0.062543 -0.733957  0.010504
-0.676645 0.260402 0.062543 -0.733957  0.102989
-0.676645 0.327931 0.062543 -0.733957  0.120597
-0.676645 0.327931 0.136130 -0.733957  0.118319
-0.676645 0.327931 0.136130 -0.654323  0.003083
-0.590977 0.327931 0.136130 -0.654323  0.106483
-0.590977 0.419358 0.136130 -0.654323  0.144966
-0.590977 0.419358 0.233381 -0.654323  0.134777
-0.590977 0.419358 0.233381 -0.751377  0.278838
-0.682310 0.419358 0.233381 -0.751377  0.167593
-0.682310 0.334229 0.233381 -0.751377  0.131180
-0.682310 0.334229 0.154225 -0.751377  0.140223
-0.682310 0.334229 0.154225 -0.824955  0.277446
-0.750272 0.334229 0.154225 -0.824955  0.172758
-0.750272 0.272071 0.154225 -0.824955  0.155561
-0.750272 0.272071 0.097859 -0.824955  0.158292
-0.750272 0.272071 0.097859 -0.875525  0.267996
-0.794973 0.272071 0.097859 -0.875525  0.187921
-0.794973 0.233744 0.097859 -0.875525  0.180552
-0.794973 0.233744 0.065538 -0.875525  0.181208
-0.794973 0.233744 0.065538 -0.901814  0.243496
-0.815389 0.233744 0.065538 -0.901814  0.203786
-0.815389 0.219204 0.065538 -0.901814  0.201548
-0.815389 0.219204 0.056790 -0.901814  0.201646
-0.815389 0.219204 0.056790 -0.904680  0.208661
-0.812274 0.219204 0.056790 -0.904680  0.214850
-0.812274 0.228519 0.056790 -0.904680  0.216251
-0.812274 0.228519 0.071920 -0.904680  0.216062
-0.812274 0.228519 0.071920 -0.883326  0.164860
-0.784870 0.228519 0.071920 -0.883326  0.217295
-0.784870 0.261697 0.071920 -0.883326  0.223283
-0.784870 0.261697 0.111036 -0.883326  0.222286
-0.784870 0.261697 0.111036 -0.838199  0.121958
-0.733933 0.261697 0.111036 -0.838199  0.210116
-0.733933 0.318245 0.111036 -0.838199  0.224426
-0.733933 0.318245 0.173479 -0.838199  0.220574
-0.733933 0.318245 0.173479 -0.904844  0.372509
-0.794601 0.318245 0.173479 -0.904844  0.266142
-0.794601 0.263316 0.173479 -0.904844  0.252167
-0.794601 0.263316 0.124465 -0.904844  0.255460
-0.794601 0.263316 0.124465 -0.947996  0.366586
-0.831943 0.263316 0.124465 -0.947996  0.292479
-0.831943 0.231834 0.124465 -0.947996  0.286682
-0.831943 0.231834 0.098940 -0.947996  0.287641
-0.831943 0.231834 0.098940 -0.967454  0.341187
-0.845259 0.231834 0.098940 -0.967454  0.313092
-0.845259 0.224646 0.098940 -0.967454  0.311969
-0.845259 0.224646 0.097966 -0.967454  0.311997
-0.845259 0.224646 0.097966 -0.962585  0.298394
-0.834484 0.224646 0.097966 -0.962585  0.321196
-0.834484 0.241255 0.097966 -0.962585  0.323901
-0.834484 0.241255 0.120306 -0.962585  0.323100
-0.834484 0.241255 0.120306 -0.934209  0.246523
-0.800363 0.241255 0.120306 -0.934209  0.314931
-0.800363 0.281120 0.120306 -0.934209  0.323105
-0.800363 0.281120 0.165844 -0.934209  0.320285
-0.800363 0.281120 0.165844 -0.882741  0.192818
-0.742971 0.281120 0.165844 -0.882741  0.295391
-0.742971 0.344269 0.165844 -0.882741  0.313978
-0.742971 0.344269 0.234695 -0.882741  0.305612
-0.742971 0.344269 0.234695 -0.807895  0.145060
-0.662172 0.344269 0.234695 -0.807895  0.264841
-0.662172 0.430671 0.234695 -0.807895  0.303917
-0.662172 0.430671 0.326617 -0.807895  0.282001
-0.662172 0.430671 0.326617 -0.710209  0.112921
-0.758638 0.430671 0.326617 -0.710209  -0.033357
-0.758638 0.340294 0.326617 -0.710209  -0.073830
-0.758638 0.340294 0.242532 -0.710209  -0.053253
-0.758638 0.340294 0.242532 -0.788632  0.079001
-0.831279 0.340294 0.242532 -0.788632  -0.058812
-0.831279 0.273705 0.242532 -0.788632  -0.077713
-0.831279 0.273705 0.181963 -0.788632  -0.069472
-0.831279 0.273705 0.181963 -0.843589  0.040380
-0.880246 0.273705 0.181963 -0.843589  -0.067229
-0.880246 0.230766 0.181963 -0.843589  -0.075445
-0.880246 0.230766 0.145025 -0.843589  -0.072470
-0.880246 0.230766 0.145025 -0.874632  -0.003727
-0.905544 0.230766 0.145025 -0.874632  -0.064239
-0.905544 0.211420 0.145025 -0.874632  -0.067078
-0.905544 0.211420 0.131660 -0.874632  -0.066310
-0.905544 0.211420 0.131660 -0.882040  -0.049166
-0.906761 0.211420 0.131660 -0.882040  -0.052163
-0.906761 0.216327 0.131660 -0.882040  -0.051490
-0.906761 0.216327 0.142662 -0.882040  -0.052111
-0.906761 0.216327 0.142662 -0.864796  -0.091577
-0.883494 0.216327 0.142662 -0.864796  -0.035645
-0.883494 0.245523 0.142662 -0.864796  -0.030968
-0.883494 0.245523 0.177631 -0.864796  -0.033669
-0.883494 0.245523 0.177631 -0.824101  -0.120744
-0.836960 0.245523 0.177631 -0.824101  -0.017416
-0.836960 0.297939 0.177631 -0.824101  -0.005769
-0.836960 0.297939 0.235895 -0.824101  -0.013291
-0.836960 0.297939 0.235895 -0.759975  -0.134039
-0.766744 0.297939 0.235895 -0.759975  0.001487
-0.766744 0.374085 0.235895 -0.759975  0.027389
-0.766744 0.374085 0.317899 -0.759975  0.008389
-0.766744 0.374085 0.317899 -0.672104  -0.126938
-0.672883 0.374085 0.317899 -0.672104  0.019166
-0.672883 0.473928 0.317899 -0.672104  0.073264
-0.672883 0.473928 0.223695 -0.672104  0.094198
-0.672883 0.473928 0.223695 -0.760682  0.230751
-0.755831 0.473928 0.223695 -0.760682  0.103622
-0.755831 0.396667 0.223695 -0.760682  0.059588
-0.755831 0.396667 0.152305 -0.760682  0.067248
-0.755831 0.396667 0.152305 -0.826299  0.191262
-0.815760 0.396667 0.152305 -0.826299  0.080195
-0.815760 0.342652 0.152305 -0.826299  0.058012
-0.815760 0.342652 0.104348 -0.826299  0.060409
-0.815760 0.342652 0.104348 -0.868608  0.151583
-0.852419 0.342652 0.104348 -0.868608  0.075058
-0.852419 0.311964 0.104348 -0.868608  0.065188
-0.852419 0.311964 0.079642 -0.868608  0.065819
-0.852419 0.311964 0.079642 -0.887356  0.109177
-0.865210 0.311964 0.079642 -0.887356  0.080874
-0.865210 0.305263 0.079642 -0.887356  0.078960
-0.865210 0.305263 0.079236 -0.887356  0.078968
-0.865210 0.305263 0.079236 -0.882179  0.066809
-0.854080 0.305263 0.079236 -0.882179  0.091484
-0.854080 0.322024 0.079236 -0.882179  0.096432
-0.854080 0.322024 0.101636 -0.882179  0.095879
-0.854080 0.322024 0.101636 -0.853812  0.031758
-0.755129 0.322024 0.101636 -0.853812  0.224180
-0.755129 0.227045 0.101636 -0.853812  0.202490
-0.755129 0.227045 0.012653 -0.853812  0.203538
-0.755129 0.227045 0.012653 -0.937117  0.404078
-0.832685 0.227045 0.012653 -0.937117  0.257314
-0.832685 0.155442 0.012653 -0.937117  0.249366
-0.832685 0.155442 -0.053121 -0.937117  0.249518
-0.832685 0.155442 -0.053121 -0.997000  0.417578
-0.886088 0.155442 -0.053121 -0.997000  0.299217
-0.886088 0.108262 -0.053121 -0.997000  0.296730
-0.886088 0.108262 -0.094025 -0.997000  0.297411
-0.886088 0.108262 -0.094025 -1.031833  0.404956
-0.914856 0.108262 -0.094025 -1.031833  0.334971
-0.914856 0.085642 -0.094025 -1.031833  0.334330
-0.914856 0.085642 -0.110456 -1.031833  0.334847
-0.914856 0.085642 -0.110456 -1.042523  0.369347
-0.919617 0.085642 -0.110456 -1.042523  0.357330
-0.919617 0.087114 -0.110456 -1.042523  0.357363
-0.919617 0.087114 -0.103066 -1.042523  0.357110
-0.919617 0.087114 -0.103066 -1.029066  0.313797
-0.900179 0.087114 -0.103066 -1.029066  0.362077
-0.900179 0.112411 -0.103066 -1.029066  0.362837
-0.900179 0.112411 -0.071811 -1.029066  0.362112
-0.900179 0.112411 -0.071811 -0.991854  0.248117
-0.856706 0.112411 -0.071811 -0.991854  0.348776
-0.856706 0.161912 -0.071811 -0.991854  0.351600
-0.856706 0.161912 -0.016153 -0.991854  0.351234
-0.856706 0.161912 -0.016153 -0.930367  0.180782
-0.789361 0.161912 -0.016153 -0.930367  0.317713
-0.789361 0.234987 -0.016153 -0.930367  0.326444
-0.789361 0.234987 0.062677 -0.930367  0.326194
-0.789361 0.234987 0.062677 -0.845604  0.125530
-0.698542 0.234987 0.062677 -0.845604  0.276513
-0.698542 0.331679 0.062677 -0.845604  0.300025
-0.698542 0.331679 -0.034877 -0.845604  0.300314
-0.698542 0.331679 -0.034877 -0.937357  0.519266
-0.784338 0.331679 -0.034877 -0.937357  0.377614
-0.784338 0.251883 -0.034877 -0.937357  0.357106
-0.784338 0.251883 -0.108735 -0.937357  0.358349
-0.784338 0.251883 -0.108735 -1.005527  0.551426
-0.846493 0.251883 -0.108735 -1.005527  0.427384
-0.846493 0.195942 -0.108735 -1.005527  0.418927
-0.846493 0.195942 -0.158718 -1.005527  0.421639
-0.846493 0.195942 -0.158718 -1.049469  0.560835
-0.884590 0.195942 -0.158718 -1.049469  0.475199
-0.884590 0.163897 -0.158718 -1.049469  0.472079
-0.884590 0.163897 -0.184659 -1.049469  0.474377
-0.884590 0.163897 -0.184659 -1.069485  0.541784
-0.898607 0.163897 -0.184659 -1.069485  0.508356
-0.898607 0.156023 -0.184659 -1.069485  0.507751
-0.898607 0.156023 -0.186685 -1.069485  0.507961
-0.898607 0.156023 -0.186685 -1.065610  0.494709
-0.888641 0.156023 -0.186685 -1.065610  0.518586
-0.888641 0.172051 -0.186685 -1.065610  0.519880
-0.888641 0.172051 -0.164638 -1.065610  0.517837
-0.888641 0.172051 -0.164638 -1.037591  0.424877
-0.854707 0.172051 -0.164638 -1.037591  0.502237
-0.854707 0.211652 -0.164638 -1.037591  0.506625
-0.854707 0.211652 -0.119249 -1.037591  0.503859
-0.854707 0.211652 -0.119249 -0.986103  0.345678
-0.797072 0.211652 -0.119249 -0.986103  0.463663
-0.797072 0.275264 -0.119249 -0.986103  0.475039
-0.797072 0.275264 -0.049676 -0.986103  0.473466
-0.797072 0.275264 -0.049676 -0.910348  0.269017
-0.715374 0.275264 -0.049676 -0.910348  0.409316
-0.715374 0.362686 -0.049676 -0.910348  0.436167
-0.715374 0.362686 0.043407 -0.910348  0.435963
-0.715374 0.362686 0.043407 -0.811366  0.215661
-0.810405 0.362686 0.043407 -0.811366  0.049523
-0.810405 0.273778 0.043407 -0.811366  0.022336
-0.810405 0.273778 -0.039396 -0.811366  0.022479
-0.810405 0.273778 -0.039396 -0.888331  0.189354
-0.881426 0.273778 -0.039396 -0.888331  0.036802
-0.881426 0.208487 -0.039396 -0.888331  0.025343
-0.881426 0.208487 -0.098759 -0.888331  0.026245
-0.881426 0.208487 -0.098759 -0.942068  0.161314
-0.929101 0.208487 -0.098759 -0.942068  0.044077
-0.929101 0.166856 -0.098759 -0.942068  0.039660
-0.929101 0.166856 -0.134301 -0.942068  0.041119
-0.929101 0.166856 -0.134301 -0.971847  0.122939
-0.952956 0.166856 -0.134301 -0.971847  0.059563
-0.952956 0.148993 -0.134301 -0.971847  0.058225
-0.952956 0.148993 -0.146250 -0.971847  0.058931
-0.952956 0.148993 -0.146250 -0.977886  0.076148
-0.888163 0.148993 -0.146250 -0.977886  0.240938
-0.888163 0.219837 -0.146250 -0.977886  0.248255
-0.888163 0.219837 -0.069444 -0.977886  0.245462
-0.888163 0.219837 -0.069444 -0.894961  0.027171
-0.799190 0.219837 -0.069444 -0.894961  0.217338
-0.799190 0.314830 -0.069444 -0.894961  0.237919
-0.799190 0.314830 -0.168114 -0.894961  0.242335
-0.799190 0.314830 -0.168114 -0.987588  0.488736
-0.885903 0.314830 -0.168114 -0.987588  0.303904
-0.885903 0.234095 -0.168114 -0.987588  0.285527
-0.885903 0.234095 -0.242817 -0.987588  0.295092
-0.885903 0.234095 -0.242817 -1.056500  0.511123
-0.948416 0.234095 -0.242817 -1.056500  0.353309
-0.948416 0.177563 -0.242817 -1.056500  0.346078
-0.948416 0.177563 -0.293296 -1.056500  0.356992
-0.948416 0.177563 -0.293296 -1.101002  0.512378
-0.987013 0.177563 -0.293296 -1.101002  0.403929
-0.987013 0.145199 -0.293296 -1.101002  0.401392
-0.987013 0.145199 -0.319536 -1.101002  0.408787
-0.987013 0.145199 -0.319536 -1.121148  0.483397
-1.001191 0.145199 -0.319536 -1.121148  0.441361
-1.001191 0.136983 -0.319536 -1.121148  0.440870
-1.001191 0.136983 -0.321620 -1.121148  0.441513
-1.001191 0.136983 -0.321620 -1.117232  0.426797
-0.991260 0.136983 -0.321620 -1.117232  0.456367
-0.991260 0.153138 -0.321620 -1.117232  0.457388
-0.991260 0.153138 -0.299552 -1.117232  0.450999
-0.991260 0.153138 -0.299552 -1.089148  0.348457
-0.957366 0.153138 -0.299552 -1.089148  0.444992
-0.957366 0.192571 -0.299552 -1.089148  0.448542
-0.957366 0.192571 -0.254416 -1.089148  0.438131
-0.957366 0.192571 -0.254416 -1.038145  0.264993
-0.900485 0.192571 -0.254416 -1.038145  0.412285
-0.900485 0.255371 -0.254416 -1.038145  0.421798
-0.900485 0.255371 -0.185441 -1.038145  0.411707
-0.900485 0.255371 -0.185441 -0.963222  0.186526
-0.819268 0.255371 -0.185441 -0.963222  0.366812
-0.819268 0.342342 -0.185441 -0.963222  0.390280
-0.819268 0.342342 -0.092512 -0.963222  0.384695
-0.819268 0.342342 -0.092512 -0.864383  0.136852
-0.914554 0.342342 -0.092512 -0.864383  -0.078195
-0.914554 0.253133 -0.092512 -0.864383  -0.102097
-0.914554 0.253133 -0.175677 -0.864383  -0.097467
-0.914554 0.253133 -0.175677 -0.941535  0.091361
-0.985827 0.253133 -0.175677 -0.941535  -0.101781
-0.985827 0.188130 -0.175677 -0.941535  -0.111342
-0.985827 0.188130 -0.234429 -0.941535  -0.103880
-0.985827 0.188130 -0.234429 -0.994083  0.043815
-1.032152 0.188130 -0.234429 -0.994083  -0.097695
-1.032152 0.147968 -0.234429 -0.994083  -0.101113
-1.032152 0.147968 -0.268634 -0.994083  -0.094611
-1.032152 0.147968 -0.268634 -1.022331  -0.008466
-1.054304 0.147968 -0.268634 -1.022331  -0.080796
-1.054304 0.132042 -0.268634 -1.022331  -0.081733
-1.054304 0.132042 -0.278469 -1.022331  -0.079525
-1.054304 0.132042 -0.278469 -1.026132  -0.067563
-1.051996 0.132042 -0.278469 -1.026132  -0.059882
-1.051996 0.140327 -0.278469 -1.026132  -0.059421
-1.051996 0.140327 -0.264431 -1.026132  -0.062525
-1.051996 0.140327 -0.264431 -1.006084  -0.124623
-1.025782 0.140327 -0.264431 -1.006084  -0.039739
-1.025782 0.172513 -0.264431 -1.006084  -0.037368
-1.025782 0.172513 -0.226448 -1.006084  -0.044246
-1.025782 0.172513 -0.226448 -0.961894  -0.172627
-0.975471 0.172513 -0.226448 -0.961894  -0.021475
-0.975471 0.228519 -0.226448 -0.961894  -0.014675
-0.975471 0.228519 -0.164751 -0.961894  -0.021815
-0.975471 0.228519 -0.164751 -0.894078  -0.197095
-0.901369 0.228519 -0.164751 -0.894078  -0.001222
-0.901369 0.308683 -0.164751 -0.894078  0.016257
-0.901369 0.308683 -0.078401 -0.894078  0.012267
-0.901369 0.308683 -0.078401 -0.801628  -0.187303
-0.802868 0.308683 -0.078401 -0.801628  0.027501
-0.802868 0.213213 -0.078401 -0.801628  0.007781
-0.802868 0.213213 -0.167653 -0.801628  0.012011
-0.802868 0.213213 -0.167653 -0.885123  0.190320
-0.880333 0.213213 -0.167653 -0.885123  0.025602
-0.880333 0.141649 -0.167653 -0.885123  0.018751
-0.880333 0.141649 -0.233525 -0.885123  0.026774
-0.880333 0.141649 -0.233525 -0.945332  0.178129
-0.934826 0.141649 -0.233525 -0.945332  0.043432
-0.934826 0.092985 -0.233525 -0.945332  0.041394
-0.934826 0.092985 -0.276165 -0.945332  0.049721
-0.934826 0.092985 -0.276165 -0.915362  -0.028105
-0.898495 0.092985 -0.276165 -0.915362  0.063489
-0.898495 0.135316 -0.276165 -0.915362  0.065163
-0.898495 0.135316 -0.228053 -0.915362  0.055961
-0.898495 0.135316 -0.228053 -0.861449  -0.071734
-0.838708 0.135316 -0.228053 -0.861449  0.063640
-0.838708 0.201022 -0.228053 -0.861449  0.069286
-0.838708 0.201022 -0.156655 -0.861449  0.061269
-0.838708 0.201022 -0.156655 -0.784094  -0.095943
-0.755324 0.201022 -0.156655 -0.784094  0.063108
-0.755324 0.289960 -0.156655 -0.784094  0.079363
-0.755324 0.289960 -0.061664 -0.784094  0.075753
-0.755324 0.289960 -0.061664 -0.882965  0.282075
-0.848049 0.289960 -0.061664 -0.882965  0.103092
-0.848049 0.203559 -0.061664 -0.882965  0.087148
-0.848049 0.203559 -0.142023 -0.882965  0.089778
-0.848049 0.203559 -0.142023 -0.957262  0.278582
-0.916502 0.203559 -0.142023 -0.957262  0.118647
-0.916502 0.140915 -0.142023 -0.957262  0.113010
-0.916502 0.140915 -0.198605 -0.957262  0.117979
-0.916502 0.140915 -0.198605 -1.008141  0.265414
-0.961239 0.140915 -0.198605 -1.008141  0.147088
-0.961239 0.102524 -0.198605 -1.008141  0.145368
-0.961239 0.102524 -0.230924 -1.008141  0.149848
-0.961239 0.102524 -0.230924 -1.034403  0.232025
-0.981434 0.102524 -0.230924 -1.034403  0.174862
-0.981434 0.088542 -0.230924 -1.034403  0.174479
-0.981434 0.088542 -0.238664 -1.034403  0.175759
-0.981434 0.088542 -0.238664 -1.036152  0.181384
-0.977088 0.088542 -0.238664 -1.036152  0.193886
-0.977088 0.098931 -0.238664 -1.036152  0.194160
-0.977088 0.098931 -0.222312 -1.036152  0.191553
-0.977088 0.098931 -0.222312 -1.013696  0.120783
-0.948637 0.098931 -0.222312 -1.013696  0.199919
-0.948637 0.133283 -0.222312 -1.013696  0.201319
-0.948637 0.133283 -0.182297 -1.013696  0.196390
-0.948637 0.133283 -0.182297 -0.967719  0.060985
-0.896502 0.133283 -0.182297 -0.967719  0.194142
-0.896502 0.191133 -0.182297 -0.967719  0.198757
-0.896502 0.191133 -0.118888 -0.967719  0.194379
-0.896502 0.191133 -0.118888 -0.898263  0.012916
-0.820902 0.191133 -0.118888 -0.898263  0.180260
-0.820902 0.272742 -0.118888 -0.898263  0.193566
-0.820902 0.272742 -0.031492 -0.898263  0.191917
-0.820902 0.272742 -0.031492 -0.804795  -0.011608
-0.721192 0.272742 -0.031492 -0.804795  0.166477
-0.721192 0.178319 -0.031492 -0.804795  0.151858
-0.721192 0.178319 -0.119911 -0.804795  0.153551
-0.721192 0.178319 -0.119911 -0.887451  0.331218
-0.797942 0.178319 -0.119911 -0.887451  0.198264
-0.797942 0.107309 -0.119911 -0.887451  0.193830
-0.797942 0.107309 -0.185087 -0.887451  0.198446
-0.797942 0.107309 -0.185087 -0.946978  0.348736
-0.851507 0.107309 -0.185087 -0.946978  0.239398
-0.851507 0.059617 -0.185087 -0.946978  0.238374
-0.851507 0.059617 -0.226523 -0.946978  0.243657
-0.851507 0.059617 -0.226523 -0.982538  0.342960
-0.880811 0.059617 -0.226523 -0.982538  0.277001
-0.880811 0.036299 -0.226523 -0.982538  0.276837
-0.880811 0.036299 -0.243834 -0.982538  0.279711
-0.880811 0.036299 -0.243834 -0.993789  0.312670
-0.886056 0.036299 -0.243834 -0.993789  0.300389
-0.886056 0.036939 -0.243834 -0.993789  0.300392
-0.886056 0.036939 -0.237407 -0.993789  0.299276
-0.886056 0.036939 -0.237407 -0.981617  0.263652
-0.868202 0.036939 -0.237407 -0.981617  0.304861
-0.868202 0.060514 -0.237407 -0.981617  0.305032
-0.868202 0.060514 -0.208027 -0.981617  0.300654
-0.868202 0.060514 -0.208027 -0.946307  0.202211
-0.826982 0.060514 -0.208027 -0.946307  0.291068
-0.826982 0.107416 -0.208027 -0.946307  0.292086
-0.826982 0.107416 -0.155319 -0.946307  0.286830
-0.826982 0.107416 -0.155319 -0.887556  0.138592
-0.762140 0.107416 -0.155319 -0.887556  0.261469
-0.762140 0.178087 -0.155319 -0.887556  0.265878
-0.762140 0.178087 -0.079027 -0.887556  0.262624
-0.762140 0.178087 -0.079027 -0.805340  0.085768
-0.673725 0.178087 -0.079027 -0.805340  0.222655
-0.673725 0.272412 -0.079027 -0.805340  0.237222
-0.673725 0.272412 -0.178887 -0.805340  0.242453
-0.673725 0.272412 -0.178887 -0.899289  0.447406
-0.762007 0.272412 -0.178887 -0.899289  0.310751
-0.762007 0.189979 -0.178887 -0.899289  0.297393
-0.762007 0.189979 -0.190859 -0.899289  0.298621
-0.762007 0.189979 -0.190859 -0.903876  0.309805
-0.760835 0.189979 -0.190859 -0.903876  0.311844
-0.760835 0.196676 -0.190859 -0.903876  0.312595
-0.760835 0.196676 -0.178650 -0.903876  0.311344
-0.760835 0.196676 -0.178650 -0.885756  0.267818
-0.736578 0.196676 -0.178650 -0.885756  0.308614
-0.736578 0.226654 -0.178650 -0.885756  0.312650
-0.736578 0.226654 -0.142705 -0.885756  0.309854
-0.736578 0.226654 -0.142705 -0.844020  0.216176
-0.688898 0.226654 -0.142705 -0.844020  0.288866
-0.688898 0.280082 -0.142705 -0.844020  0.299194
-0.688898 0.280082 -0.083584 -0.844020  0.296871
-0.688898 0.280082 -0.083584 -0.778762  0.167914
-0.617545 0.280082 -0.083584 -0.778762  0.259343
-0.617545 0.357032 -0.083584 -0.778762  0.282883
-0.617545 0.357032 -0.000938 -0.778762  0.282299
-0.617545 0.357032 -0.000938 -0.690025  0.138548
-0.522561 0.357032 -0.000938 -0.690025  0.231361
-0.522561 0.257698 -0.000938 -0.690025  0.202962
-0.522561 0.257698 -0.094319 -0.690025  0.203801
-0.522561 0.257698 -0.094319 -0.777743  0.345702
-0.604610 0.257698 -0.094319 -0.777743  0.267380
-0.604610 0.181915 -0.094319 -0.777743  0.256287
-0.604610 0.181915 -0.164140 -0.777743  0.259870
-0.604610 0.181915 -0.164140 -0.841707  0.385750
-0.662616 0.181915 -0.164140 -0.841707  0.315839
-0.662616 0.129705 -0.164140 -0.841707  0.312001
-0.662616 0.129705 -0.210431 -0.841707  0.316897
-0.662616 0.129705 -0.210431 -0.882220  0.407214
-0.697267 0.129705 -0.210431 -0.882220  0.359144
-0.697267 0.101002 -0.210431 -0.882220  0.357992
-0.697267 0.101002 -0.233165 -0.882220  0.361351
-0.697267 0.101002 -0.233165 -0.899149  0.401642
-0.708443 0.101002 -0.233165 -0.899149  0.385078
-0.708443 0.095864 -0.233165 -0.899149  0.384928
-0.708443 0.095864 -0.232013 -0.899149  0.384741
-0.708443 0.095864 -0.232013 -0.892105  0.367792
-0.695566 0.095864 -0.232013 -0.892105  0.386830
-0.695566 0.114557 -0.232013 -0.892105  0.387453
-0.695566 0.114557 -0.207742 -0.892105  0.383929
-0.695566 0.114557 -0.207742 -0.862218  0.314936
-0.659964 0.114557 -0.207742 -0.862218  0.364010
-0.659964 0.155917 -0.207742 -0.862218  0.366297
-0.659964 0.155917 -0.160742 -0.862218  0.361485
-0.659964 0.155917 -0.160742 -0.809436  0.250826
-0.601580 0.155917 -0.160742 -0.809436  0.320564
-0.601580 0.220098 -0.160742 -0.809436  0.327436
-0.601580 0.220098 -0.090766 -0.809436  0.324031
-0.601580 0.220098 -0.090766 -0.733553  0.188425
-0.519632 0.220098 -0.090766 -0.733553  0.265826
-0.519632 0.307998 -0.090766 -0.733553  0.284381
-0.519632 0.307998 0.003097 -0.733553  0.283633
-0.519632 0.307998 0.003097 -0.833533  0.468027
-0.613474 0.307998 0.003097 -0.833533  0.377456
-0.613474 0.220228 0.003097 -0.833533  0.358919
-0.613474 0.220228 -0.078816 -0.833533  0.359409
-0.613474 0.220228 -0.078816 -0.909582  0.532823
-0.683657 0.220228 -0.078816 -0.909582  0.444172
-0.683657 0.155993 -0.078816 -0.909582  0.437287
-0.683657 0.155993 -0.137343 -0.909582  0.439388
-0.683657 0.155993 -0.137343 -0.962470  0.578438
-0.730720 0.155993 -0.137343 -0.962470  0.507800
-0.730720 0.115148 -0.137343 -0.962470  0.505531
-0.730720 0.115148 -0.172127 -0.962470  0.508040
-0.730720 0.115148 -0.172127 -0.991087  0.589956
-0.753272 0.115148 -0.172127 -0.991087  0.552705
-0.753272 0.098498 -0.172127 -0.991087  0.552134
-0.753272 0.098498 -0.182867 -0.991087  0.553149
-0.753272 0.098498 -0.182867 -0.995760  0.566985
-0.751926 0.098498 -0.182867 -0.995760  0.569271
-0.751926 0.105759 -0.182867 -0.995760  0.569498
-0.751926 0.105759 -0.169768 -0.995760  0.568276
-0.751926 0.105759 -0.169768 -0.976566  0.512274
-0.726689 0.105759 -0.169768 -0.976566  0.553661
-0.726689 0.136735 -0.169768 -0.976566  0.555034
-0.726689 0.136735 -0.132882 -0.976566  0.552488
-0.726689 0.136735 -0.132882 -0.933474  0.434562
-0.677526 0.136735 -0.132882 -0.933474  0.507297
-0.677526 0.191774 -0.132882 -0.933474  0.511793
-0.677526 0.191774 -0.072136 -0.933474  0.509822
-0.677526 0.191774 -0.072136 -0.866885  0.347872
-0.605102 0.191774 -0.072136 -0.866885  0.437326
-0.605102 0.269913 -0.072136 -0.866885  0.449937
-0.605102 0.269913 -0.121734 -0.866885  0.451366
-0.605102 0.269913 -0.121734 -0.910697  0.555213
-0.643174 0.269913 -0.121734 -0.910697  0.510707
-0.643174 0.237753 -0.121734 -0.910697  0.504482
-0.643174 0.237753 -0.147900 -0.910697  0.505914
-0.643174 0.237753 -0.147900 -0.930910  0.557331
-0.657269 0.237753 -0.147900 -0.930910  0.539453
-0.657269 0.229578 -0.147900 -0.930910  0.538114
-0.657269 0.229578 -0.150126 -0.930910  0.538262
-0.657269 0.229578 -0.150126 -0.927397  0.529163
-0.648031 0.229578 -0.150126 -0.927397  0.540967
-0.648031 0.244469 -0.150126 -0.927397  0.543478
-0.648031 0.244469 -0.129547 -0.927397  0.542269
-0.648031 0.244469 -0.129547 -0.901045  0.476189
-0.615798 0.244469 -0.129547 -0.901045  0.514810
-0.615798 0.282446 -0.129547 -0.901045  0.522732
-0.615798 0.282446 -0.086049 -0.901045  0.521195
-0.615798 0.282446 -0.086049 -0.851713  0.407499
-0.560409 0.282446 -0.086049 -0.851713  0.465013
-0.560409 0.343580 -0.086049 -0.851713  0.483040
-0.560409 0.343580 -0.018829 -0.851713  0.482409
-0.560409 0.343580 -0.018829 -0.778327  0.336070
-0.480686 0.343580 -0.018829 -0.778327  0.401004
-0.480686 0.429198 -0.018829 -0.778327  0.439509
-0.480686 0.429198 0.072751 -0.778327  0.439117
-0.480686 0.429198 0.072751 -0.680855  0.283232
-0.577205 0.429198 0.072751 -0.680855  0.201994
-0.577205 0.338671 0.072751 -0.680855  0.161775
-0.577205 0.338671 -0.011966 -0.680855  0.162162
-0.577205 0.338671 -0.011966 -0.759701  0.285000
-0.649869 0.338671 -0.011966 -0.759701  0.202846
-0.649869 0.272021 -0.011966 -0.759701  0.184129
-0.649869 0.272021 -0.072635 -0.759701  0.184510
-0.649869 0.272021 -0.072635 -0.814437  0.286274
-0.698879 0.272021 -0.072635 -0.814437  0.219378
-0.698879 0.228784 -0.072635 -0.814437  0.211225
-0.698879 0.228784 -0.110043 -0.814437  0.212174
-0.698879 0.228784 -0.110043 -0.846123  0.277714
-0.724676 0.228784 -0.110043 -0.846123  0.238502
-0.724676 0.209030 -0.110043 -0.846123  0.235660
-0.724676 0.209030 -0.123849 -0.846123  0.236227
-0.724676 0.209030 -0.123849 -0.854095  0.253510
-0.726709 0.209030 -0.123849 -0.854095  0.250298
-0.726709 0.213088 -0.123849 -0.854095  0.250840
-0.726709 0.213088 -0.113773 -0.854095  0.250413
-0.726709 0.213088 -0.113773 -0.838232  0.216339
-0.705006 0.213088 -0.113773 -0.838232  0.249707
-0.705006 0.240412 -0.113773 -0.838232  0.253927
-0.705006 0.240412 -0.080853 -0.838232  0.252982
-0.705006 0.240412 -0.080853 -0.799482  0.175018
-0.660459 0.240412 -0.080853 -0.799482  0.237333
-0.660459 0.290773 -0.080853 -0.799482  0.248022
-0.660459 0.290773 -0.024705 -0.799482  0.247509
-0.660459 0.290773 -0.024705 -0.737334  0.137363
-0.592216 0.290773 -0.024705 -0.737334  0.217758
-0.592216 0.364817 -0.024705 -0.737334  0.241727
-0.592216 0.364817 0.054928 -0.737334  0.241546
-0.592216 0.364817 0.054928 -0.651924  0.117758
-0.500825 0.364817 0.054928 -0.651924  0.199839
-0.500825 0.461999 0.054928 -0.651924  0.249896
-0.500825 0.461999 -0.042365 -0.651924  0.250138
-0.500825 0.461999 -0.042365 -0.743463  0.384006
-0.586610 0.461999 -0.042365 -0.743463  0.307767
-0.586610 0.382144 -0.042365 -0.743463  0.264962
-0.586610 0.382144 -0.116325 -0.743463  0.266460
-0.586610 0.382144 -0.116325 -0.811333  0.389590
-0.648574 0.382144 -0.116325 -0.811333  0.318627
-0.648574 0.326137 -0.116325 -0.811333  0.297511
-0.648574 0.326137 -0.166323 -0.811333  0.300538
-0.648574 0.326137 -0.166323 -0.855458  0.392500
-0.686699 0.326137 -0.166323 -0.855458  0.341504
-0.686699 0.293803 -0.166323 -0.855458  0.332176
-0.686699 0.293803 -0.192779 -0.855458  0.334739
-0.686699 0.293803 -0.192779 -0.876417  0.381889
-0.701773 0.293803 -0.192779 -0.876417  0.360094
-0.701773 0.284622 -0.192779 -0.876417  0.357790
-0.701773 0.284622 -0.195847 -0.876417  0.358137
-0.701773 0.284622 -0.195847 -0.873807  0.352142
-0.692949 0.284622 -0.195847 -0.873807  0.365015
-0.692949 0.299384 -0.195847 -0.873807  0.368792
-0.692949 0.299384 -0.175455 -0.873807  0.366681
-0.692949 0.299384 -0.175455 -0.847642  0.308524
-0.660878 0.299384 -0.175455 -0.847642  0.352618
-0.660878 0.337212 -0.175455 -0.847642  0.364129
-0.660878 0.337212 -0.266482 -0.847642  0.377651
-0.660878 0.337212 -0.266482 -0.933039  0.580890
-0.740432 0.337212 -0.266482 -0.933039  0.463602
-0.740432 0.263560 -0.266482 -0.933039  0.443564
-0.740432 0.263560 -0.334062 -0.933039  0.461922
-0.740432 0.263560 -0.334062 -0.994757  0.634009
-0.796102 0.263560 -0.334062 -0.994757  0.535390
-0.796102 0.214235 -0.334062 -0.994757  0.526915
-0.796102 0.214235 -0.377216 -0.994757  0.543309
-0.796102 0.214235 -0.377216 -1.032172  0.658609
-0.827701 0.214235 -0.377216 -1.032172  0.596114
-0.827701 0.188674 -0.377216 -1.032172  0.592998
-0.827701 0.188674 -0.396829 -1.032172  0.601813
-0.827701 0.188674 -0.396829 -1.045903  0.646285
-0.835649 0.188674 -0.396829 -1.045903  0.629791
-0.835649 0.186820 -0.396829 -1.045903  0.629595
-0.835649 0.186820 -0.392687 -1.045903  0.627659
-0.835649 0.186820 -0.392687 -1.035809  0.594850
-0.819303 0.186820 -0.392687 -1.035809  0.628429
-0.819303 0.209096 -0.392687 -1.035809  0.631050
-0.819303 0.209096 -0.364568 -1.035809  0.618951
-0.819303 0.209096 -0.364568 -1.001880  0.513283
-0.779364 0.209096 -0.364568 -1.001880  0.589855
-0.779364 0.255100 -0.364568 -1.001880  0.597314
-0.779364 0.255100 -0.312359 -1.001880  0.579335
-0.779364 0.255100 -0.312359 -0.943166  0.412691
-0.714490 0.255100 -0.312359 -0.943166  0.521340
-0.714490 0.326164 -0.312359 -0.943166  0.539437
-0.714490 0.326164 -0.235313 -0.943166  0.521990
-0.714490 0.326164 -0.235313 -0.859827  0.318656
-0.625087 0.326164 -0.235313 -0.859827  0.439156
-0.625087 0.421281 -0.235313 -0.859827  0.479226
-0.625087 0.421281 -0.334547 -0.859827  0.503639
-0.625087 0.421281 -0.334547 -0.953426  0.734651
-0.712881 0.421281 -0.334547 -0.953426  0.616609
-0.712881 0.339535 -0.334547 -0.953426  0.580984
-0.712881 0.339535 -0.410307 -0.953426  0.612617
-0.712881 0.339535 -0.410307 -1.023616  0.818468
-0.777275 0.339535 -0.410307 -1.023616  0.711158
-0.777275 0.281193 -0.410307 -1.023616  0.694248
-0.777275 0.281193 -0.462648 -1.023616  0.724199
-0.777275 0.281193 -0.462648 -1.070005  0.876725
-0.818005 0.281193 -0.462648 -1.070005  0.798966
-0.818005 0.246448 -0.462648 -1.070005  0.791701
-0.818005 0.246448 -0.491529 -1.070005  0.811428
-0.818005 0.246448 -0.491529 -1.093104  0.892492
-0.835347 0.246448 -0.491529 -1.093104  0.856937
-0.835347 0.235102 -0.491529 -1.093104  0.854963
-0.835347 0.235102 -0.496819 -1.093104  0.858838
-0.835347 0.235102 -0.496819 -1.092549  0.856849
-0.828659 0.235102 -0.496819 -1.092549  0.870738
-0.828659 0.247549 -0.496819 -1.092549  0.872913
-0.828659 0.247549 -0.478761 -1.092549  0.860021
-0.828659 0.247549 -0.478761 -1.068776  0.776729
-0.798995 0.247549 -0.478761 -1.068776  0.835678
-0.798995 0.282910 -0.478761 -1.068776  0.843152
-0.798995 0.282910 -0.437655 -1.068776  0.817243
-0.798995 0.282910 -0.437655 -1.021580  0.662548
-0.745420 0.282910 -0.437655 -1.021580  0.758426
-0.745420 0.342476 -0.437655 -1.021580  0.775951
-0.745420 0.342476 -0.372209 -1.021580  0.743687
-0.745420 0.342476 -0.372209 -0.950080  0.535132
-0.667849 0.342476 -0.372209 -0.950080  0.651451
-0.667849 0.425748 -0.372209 -0.950080  0.688454
-0.667849 0.425748 -0.283054 -0.950080  0.659566
-0.667849 0.425748 -0.283054 -0.854669  0.426276
-0.766102 0.425748 -0.283054 -0.854669  0.274517
-0.766102 0.333525 -0.283054 -0.854669  0.234446
-0.766102 0.333525 -0.369126 -0.854669  0.262063
-0.766102 0.333525 -0.369126 -0.935139  0.455526
-0.840818 0.333525 -0.369126 -0.935139  0.310724
-0.840818 0.264643 -0.369126 -0.935139  0.292158
-0.840818 0.264643 -0.432331 -0.935139  0.322670
-0.840818 0.264643 -0.432331 -0.992637  0.482978
-0.892643 0.264643 -0.432331 -0.992637  0.366146
-0.892643 0.218670 -0.432331 -0.992637  0.358068
-0.892643 0.218670 -0.472323 -0.992637  0.382631
-0.892643 0.218670 -0.472323 -1.026793  0.487111
-0.920933 0.218670 -0.472323 -1.026793  0.417320
-0.920933 0.196428 -0.472323 -1.026793  0.414443
-0.920933 0.196428 -0.488536 -1.026793  0.425671
-0.920933 0.196428 -0.488536 -1.037120  0.458663
-0.925307 0.196428 -0.488536 -1.037120  0.447481
-0.925307 0.262653 -0.488536 -1.037120  0.458022
-0.925307 0.262653 -0.414651 -1.037120  0.412717
-0.925307 0.262653 -0.414651 -0.957168  0.174101
-0.839294 0.262653 -0.414651 -0.957168  0.375131
-0.839294 0.354501 -0.414651 -0.957168  0.401562
-0.839294 0.354501 -0.316965 -0.957168  0.362113
-0.839294 0.354501 -0.316965 -1.053662  0.654963
-0.929982 0.354501 -0.316965 -1.053662  0.441863
-0.929982 0.269885 -0.316965 -1.053662  0.416970
-0.929982 0.269885 -0.395416 -1.053662  0.446950
-0.929982 0.269885 -0.395416 -1.126111  0.705224
-0.996451 0.269885 -0.395416 -1.126111  0.520144
-0.996451 0.209336 -0.395416 -1.126111  0.509660
-0.996451 0.209336 -0.449893 -1.126111  0.538895
-0.996451 0.209336 -0.449893 -1.174935  0.732807
-1.039345 0.209336 -0.449893 -1.174935  0.599457
-1.039345 0.172512 -0.449893 -1.174935  0.595418
-1.039345 0.172512 -0.480664 -1.174935  0.615410
-1.039345 0.172512 -0.480664 -1.199748  0.720359
-1.058281 0.172512 -0.480664 -1.199748  0.657868
-1.058281 0.159480 -0.480664 -1.199748  0.656790
-1.058281 0.159480 -0.487486 -1.199748  0.661586
-1.058281 0.159480 -0.487486 -1.200618  0.665344
-1.053018 0.159480 -0.487486 -1.200618  0.682939
-1.053018 0.170663 -0.487486 -1.200618  0.683854
-1.053018 0.170663 -0.470426 -1.200618  0.672112
-1.053018 0.170663 -0.470426 -1.177728  0.575002
-1.024071 0.170663 -0.470426 -1.177728  0.668673
-1.024071 0.205449 -0.470426 -1.177728  0.672374
-1.024071 0.205449 -0.429729 -1.177728  0.647626
-1.024071 0.205449 -0.429729 -1.130971  0.460686
-0.971361 0.205449 -0.429729 -1.130971  0.618130
-0.971361 0.264092 -0.429729 -1.130971  0.627877
-0.971361 0.264092 -0.365308 -1.130971  0.597271
-0.971361 0.264092 -0.365308 -1.060549  0.343517
-0.894953 0.264092 -0.365308 -1.060549  0.543233
-0.894953 0.346514 -0.365308 -1.060549  0.566420
-0.894953 0.346514 -0.276787 -1.060549  0.538875
-0.894953 0.346514 -0.276787 -0.965885  0.247115
-0.994297 0.346514 -0.276787 -0.965885  -0.019070
-0.994297 0.253578 -0.276787 -0.965885  -0.044371
-0.994297 0.253578 -0.363599 -0.965885  -0.017507
-0.994297 0.253578 -0.363599 -1.046708  0.228156
-1.069223 0.253578 -0.363599 -1.046708  -0.011233
-1.069223 0.184717 -0.363599 -1.046708  -0.021235
-1.069223 0.184717 -0.426393 -1.046708  0.008218
-1.069223 0.184717 -0.426393 -1.103591  0.205526
-1.120196 0.184717 -0.426393 -1.103591  0.022237
-1.120196 0.139664 -0.426393 -1.103591  0.018659
-1.120196 0.139664 -0.465313 -1.103591  0.041884
-1.120196 0.139664 -0.465313 -1.136421  0.165438
-1.147054 0.139664 -0.465313 -1.136421  0.061887
-1.147054 0.118939 -0.465313 -1.136421  0.060845
-1.147054 0.118939 -0.480062 -1.136421  0.070732
-1.147054 0.118939 -0.480062 -1.145306  0.105428
-1.150130 0.118939 -0.480062 -1.145306  0.093257
-1.150130 0.121859 -0.480062 -1.145306  0.093384
-1.150130 0.121859 -0.471237 -1.145306  0.087394
-1.150130 0.121859 -0.471237 -1.130248  0.028912
-1.128873 0.121859 -0.471237 -1.130248  0.111718
-1.128873 0.148851 -0.471237 -1.130248  0.113206
-1.128873 0.148851 -0.438516 -1.130248  0.092887
-1.128873 0.148851 -0.438516 -1.091750  -0.049685
-1.084174 0.148851 -0.438516 -1.091750  0.114522
-1.084174 0.199492 -0.438516 -1.091750  0.119164
-1.084174 0.199492 -0.381846 -1.091750  0.090514
-1.084174 0.199492 -0.381846 -1.028894  -0.121550
-1.015109 0.199492 -0.381846 -1.028894  0.106809
-1.015109 0.274340 -0.381846 -1.028894  0.119517
-1.015109 0.274340 -0.301067 -1.028894  0.091131
-1.015109 0.274340 -0.301067 -0.941833  -0.162628
-0.921631 0.274340 -0.301067 -0.941833  0.100553
-0.921631 0.373941 -0.301067 -0.941833  0.132194
-0.921631 0.373941 -0.395613 -0.941833  0.166822
-0.921631 0.373941 -0.395613 -1.030335  0.425163
-1.003981 0.373941 -0.395613 -1.030335  0.196008
-1.003981 0.297757 -0.395613 -1.030335  0.170118
-1.003981 0.297757 -0.465915 -1.030335  0.209340
-1.003981 0.297757 -0.465915 -1.094713  0.427447
-1.062654 0.297757 -0.465915 -1.094713  0.239454
-1.062654 0.244838 -0.465915 -1.094713  0.227733
-1.062654 0.244838 -0.512991 -1.094713  0.261591
-1.062654 0.244838 -0.512991 -1.136077  0.415992
-1.098137 0.244838 -0.512991 -1.136077  0.291728
-1.098137 0.280855 -0.512991 -1.136077  0.299204
-1.098137 0.280855 -0.471248 -1.136077  0.268858
-1.098137 0.280855 -0.471248 -1.088477  0.092164
-1.044561 0.280855 -0.471248 -1.088477  0.276686
-1.044561 0.340281 -0.471248 -1.088477  0.293933
-1.044561 0.340281 -0.405960 -1.088477  0.256185
-1.044561 0.340281 -0.405960 -1.016785  0.017784
-0.966755 0.340281 -0.405960 -1.016785  0.253966
-0.966755 0.424048 -0.405960 -1.016785  0.290816
-0.966755 0.424048 -0.316097 -1.016785  0.255496
-0.966755 0.424048 -0.316097 -0.920847  -0.014871
-1.064630 0.424048 -0.316097 -0.920847  -0.318019
-1.064630 0.332376 -0.316097 -0.920847  -0.357551
-1.064630 0.332376 -0.401669 -0.920847  -0.324330
-1.064630 0.332376 -0.401669 -1.000442  -0.103841
-1.138288 0.332376 -0.401669 -1.000442  -0.372027
-1.138288 0.264795 -0.401669 -1.000442  -0.390179
-1.138288 0.264795 -0.463363 -1.000442  -0.355497
-1.138288 0.264795 -0.463363 -1.056022  -0.179167
-1.187763 0.264795 -0.463363 -1.056022  -0.379962
-1.187763 0.221481 -0.463363 -1.056022  -0.387664
-1.187763 0.221481 -0.500687 -1.056022  -0.361635
-1.187763 0.221481 -0.500687 -1.087497  -0.253165
-1.213385 0.221481 -0.500687 -1.087497  -0.363963
-1.213385 0.202006 -0.500687 -1.087497  -0.366584
-1.213385 0.202006 -0.514166 -1.087497  -0.356172
-1.213385 0.202006 -0.514166 -1.094885  -0.329780
-1.214650 0.202006 -0.514166 -1.094885  -0.335373
-1.214650 0.206684 -0.514166 -1.094885  -0.334787
-1.214650 0.206684 -0.503640 -1.094885  -0.342965
-1.214650 0.206684 -0.503640 -1.078182  -0.402123
-1.191828 0.206684 -0.503640 -1.078182  -0.302998
-1.191828 0.235576 -0.503640 -1.078182  -0.298753
-1.191828 0.235576 -0.468719 -1.078182  -0.323527
-1.191828 0.235576 -0.468719 -1.037185  -0.461135
-1.144603 0.235576 -0.468719 -1.037185  -0.267758
-1.144603 0.288754 -0.468719 -1.037185  -0.256756
-1.144603 0.288754 -0.409678 -1.037185  -0.290973
-1.144603 0.288754 -0.409678 -0.971935  -0.488581
-1.073311 0.288754 -0.409678 -0.971935  -0.225470
-1.073311 0.366275 -0.409678 -0.971935  -0.200407
-1.073311 0.366275 -0.326096 -0.971935  -0.234490
-1.073311 0.366275 -0.326096 -0.882224  -0.465982
-0.977234 0.366275 -0.326096 -0.882224  -0.162779
-0.977234 0.268161 -0.326096 -0.882224  -0.192633
-0.977234 0.268161 -0.418266 -0.882224  -0.154136
-0.977234 0.268161 -0.418266 -0.968509  0.067682
-1.057508 0.268161 -0.418266 -0.968509  -0.181708
-1.057508 0.193997 -0.418266 -0.968509  -0.193691
-1.057508 0.193997 -0.486435 -0.968509  -0.151765
-1.057508 0.193997 -0.486435 -1.030791  0.035013
-1.113700 0.193997 -0.486435 -1.030791  -0.163705
-1.113700 0.144022 -0.486435 -1.030791  -0.168019
-1.113700 0.144022 -0.530159 -1.030791  -0.134108
-1.113700 0.144022 -0.530159 -1.068534  -0.009343
-1.145437 0.144022 -0.530159 -1.068534  -0.130830
-1.145437 0.118442 -0.530159 -1.068534  -0.132156
-1.145437 0.118442 -0.549842 -1.068534  -0.114935
-1.145437 0.118442 -0.549842 -1.082498  -0.066475
-1.153381 0.118442 -0.549842 -1.082498  -0.097961
-1.153381 0.116507 -0.549842 -1.082498  -0.098042
-1.153381 0.116507 -0.545743 -1.082498  -0.101732
-1.153381 0.116507 -0.545743 -1.072612  -0.136168
-1.137505 0.116507 -0.545743 -1.072612  -0.073677
-1.137505 0.138231 -0.545743 -1.072612  -0.072617
-1.137505 0.138231 -0.518151 -1.072612  -0.096045
-1.137505 0.138231 -0.518151 -1.039006  -0.208440
-1.097965 0.138231 -0.518151 -1.039006  -0.060229
-1.097965 0.183600 -0.518151 -1.039006  -0.056681
-1.097965 0.183600 -0.466799 -1.039006  -0.094078
-1.097965 0.183600 -0.466799 -0.981398  -0.270494
-1.034196 0.183600 -0.466799 -0.981398  -0.053004
-1.034196 0.253274 -0.466799 -0.981398  -0.042946
-1.034196 0.253274 -0.391244 -0.981398  -0.084774
-1.034196 0.253274 -0.391244 -0.899780  -0.301533
-0.946284 0.253274 -0.391244 -0.899780  -0.042752
-0.946284 0.347410 -0.391244 -0.899780  -0.017069
-0.946284 0.347410 -0.490752 -0.899780  0.041235
-0.946284 0.347410 -0.490752 -0.993104  0.292223
-1.033688 0.347410 -0.490752 -0.993104  0.035070
-1.033688 0.266285 -0.490752 -0.993104  0.012021
-1.033688 0.266285 -0.565790 -0.993104  0.074950
-1.033688 0.266285 -0.565790 -1.035519  0.205882
-1.069893 0.266285 -0.565790 -1.035519  0.085712
-1.069893 0.236005 -0.565790 -1.035519  0.079975
-1.069893 0.236005 -0.590137 -1.035519  0.104377
-1.069893 0.236005 -0.590137 -1.053899  0.164560
-1.082393 0.236005 -0.590137 -1.053899  0.121133
-1.082393 0.229591 -0.590137 -1.053899  0.120091
-1.082393 0.229591 -0.590517 -1.053899  0.120487
-1.082393 0.229591 -0.590517 -1.048288  0.101891
-1.070729 0.229591 -0.590517 -1.048288  0.142445
-1.070729 0.247065 -0.590517 -1.048288  0.145424
-1.070729 0.247065 -0.567403 -1.048288  0.122178
-1.070729 0.247065 -0.567403 -1.019331  0.029328
-1.035904 0.247065 -0.567403 -1.019331  0.145252
-1.035904 0.287644 -0.567403 -1.019331  0.153970
-1.035904 0.287644 -0.520920 -1.019331  0.112652
-1.035904 0.287644 -0.520920 -0.966657  -0.043200
-0.976642 0.287644 -0.520920 -0.966657  0.136876
-0.976642 0.353139 -0.520920 -0.966657  0.157116
-0.976642 0.353139 -0.449425 -0.966657  0.106536
-0.976642 0.353139 -0.449425 -0.888963  -0.094227
-0.892881 0.353139 -0.449425 -0.888963  0.125483
-0.892881 0.442716 -0.449425 -0.888963  0.168216
-0.892881 0.442716 -0.353972 -0.888963  0.121791
-0.892881 0.442716 -0.353972 -0.987476  0.382180
-0.985456 0.442716 -0.353972 -0.987476  0.137019
-0.985456 0.356023 -0.353972 -0.987476  0.095374
-0.985456 0.356023 -0.434323 -0.987476  0.132952
-0.985456 0.356023 -0.434323 -1.062117  0.368222
-1.054125 0.356023 -0.434323 -1.062117  0.153898
-1.054125 0.293425 -0.434323 -1.062117  0.134034
-1.054125 0.293425 -0.490968 -1.062117  0.170453
-1.054125 0.293425 -0.490968 -1.112907  0.350694
-1.099302 0.293425 -0.490968 -1.112907  0.193551
-1.099302 0.254222 -0.490968 -1.112907  0.184718
-1.099302 0.254222 -0.524087 -1.112907  0.210320
-1.099302 0.254222 -0.524087 -1.139873  0.312964
-1.120172 0.254222 -0.524087 -1.139873  0.235854
-1.120172 0.239465 -0.524087 -1.139873  0.233155
-1.120172 0.239465 -0.532968 -1.139873  0.240598
-1.120172 0.239465 -0.532968 -1.142834  0.252169
-1.117204 0.239465 -0.532968 -1.142834  0.263314
-1.117204 0.248400 -0.532968 -1.142834  0.264909
-1.117204 0.248400 -0.517938 -1.142834  0.252458
-1.117204 0.248400 -0.517938 -1.121851  0.171742
-1.090226 0.248400 -0.517938 -1.121851  0.270340
-1.090226 0.281422 -0.517938 -1.121851  0.277301
-1.090226 0.281422 -0.479157 -1.121851  0.248370
-1.090226 0.281422 -0.479157 -1.076838  0.085144
-1.038825 0.281422 -0.479157 -1.076838  0.259924
-1.038825 0.338810 -0.479157 -1.076838  0.276528
-1.038825 0.338810 -0.415650 -1.076838  0.238328
-1.038825 0.338810 -0.415650 -1.006990  0.010765
-0.962662 0.338810 -0.415650 -1.006990  0.239702
-0.962662 0.421042 -0.415650 -1.006990  0.275450
-0.962662 0.421042 -0.327099 -1.006990  0.238638
-0.962662 0.421042 -0.327099 -0.912268  -0.023259
-1.061755 0.421042 -0.327099 -0.912268  -0.328082
-1.061755 0.327879 -0.327099 -0.912268  -0.367475
-1.061755 0.327879 -0.414295 -0.912268  -0.331362
-1.061755 0.327879 -0.414295 -0.993465  -0.110060
-1.136686 0.327879 -0.414295 -0.993465  -0.381778
-1.136686 0.258896 -0.414295 -0.993465  -0.399674
-1.136686 0.258896 -0.477225 -0.993465  -0.362099
-1.136686 0.258896 -0.477225 -1.050603  -0.183000
-1.187777 0.258896 -0.477225 -1.050603  -0.390074
-1.187777 0.213862 -0.477225 -1.050603  -0.397646
-1.187777 0.213862 -0.516250 -1.050603  -0.368743
-1.187777 0.213862 -0.516250 -1.083879  -0.255030
-1.215100 0.213862 -0.516250 -1.083879  -0.373354
-1.215100 0.192573 -0.516250 -1.083879  -0.375994
-1.215100 0.192573 -0.531449 -1.083879  -0.363481
-1.215100 0.192573 -0.531449 -1.093064  -0.330836
-1.218209 0.192573 -0.531449 -1.093064  -0.344639
-1.218209 0.195759 -0.531449 -1.093064  -0.344278
-1.218209 0.195759 -0.522623 -1.093064  -0.351633
-1.218209 0.195759 -0.522623 -1.078379  -0.403562
-1.197611 0.195759 -0.522623 -1.078379  -0.313401
-1.197611 0.222134 -0.522623 -1.078379  -0.309942
-1.197611 0.222134 -0.490433 -1.078379  -0.334727
-1.197611 0.222134 -0.490433 -1.040221  -0.463196
-1.153504 0.222134 -0.490433 -1.040221  -0.280317
-1.153504 0.271998 -0.490433 -1.040221  -0.271155
-1.153504 0.271998 -0.409411 -1.040221  -0.320492
-1.153504 0.271998 -0.409411 -0.953099  -0.580280
-1.060077 0.271998 -0.409411 -0.953099  -0.236736
-1.060077 0.371287 -0.409411 -0.953099  -0.205676
-1.060077 0.371287 -0.504539 -0.953099  -0.145865
-1.060077 0.371287 -0.504539 -1.042468  0.121233
-1.143484 0.371287 -0.504539 -1.042468  -0.182660
-1.143484 0.294046 -0.504539 -1.042468  -0.208420
-1.143484 0.294046 -0.575657 -1.042468  -0.146093
-1.143484 0.294046 -0.575657 -1.107799  0.080528
-1.202924 0.294046 -0.575657 -1.107799  -0.164964
-1.202924 0.240587 -0.575657 -1.107799  -0.176462
-1.202924 0.240587 -0.623116 -1.107799  -0.125284
-1.202924 0.240587 -0.623116 -1.149404  0.033715
-1.238543 0.240587 -0.623116 -1.149404  -0.125534
-1.238543 0.210935 -0.623116 -1.149404  -0.130075
-1.238543 0.210935 -0.646925 -1.149404  -0.101268
-1.238543 0.210935 -0.646925 -1.167497  -0.028424
-1.250916 0.210935 -0.646925 -1.167497  -0.085937
-1.250916 0.204553 -0.646925 -1.167497  -0.086763
-1.250916 0.204553 -0.647055 -1.167497  -0.086600
-1.250916 0.204553 -0.647055 -1.161384  -0.111465
-1.238818 0.204553 -0.647055 -1.161384  -0.055219
-1.238818 0.222471 -0.647055 -1.161384  -0.052767
-1.238818 0.222471 -0.623303 -1.161384  -0.081518
-1.238818 0.222471 -0.623303 -1.131718  -0.198523
-1.203089 0.222471 -0.623303 -1.131718  -0.038724
-1.203089 0.263977 -0.623303 -1.131718  -0.031340
-1.203089 0.263977 -0.575678 -1.131718  -0.082715
-1.203089 0.263977 -0.575678 -1.077974  -0.279567
-1.143360 0.263977 -0.575678 -1.077974  -0.032869
-1.143360 0.329617 -0.575678 -1.077974  -0.015452
-1.143360 0.329617 -0.503952 -1.077974  -0.078246
-1.143360 0.329617 -0.503952 -1.000272  -0.330066
-1.059525 0.329617 -0.503952 -1.000272  -0.024800
-1.059525 0.419561 -0.503952 -1.000272  0.013244
-1.059525 0.419561 -0.408037 -1.000272  -0.046808
-1.059525 0.419561 -0.408037 -1.098451  0.277760
-1.151686 0.419561 -0.408037 -1.098451  -0.060396
-1.151686 0.333468 -0.408037 -1.098451  -0.097170
-1.151686 0.333468 -0.488077 -1.098451  -0.048836
-1.151686 0.333468 -0.488077 -1.172557  0.237917
-1.219844 0.333468 -0.488077 -1.172557  -0.049662
-1.219844 0.271484 -0.488077 -1.172557  -0.066734
-1.219844 0.271484 -0.544122 -1.172557  -0.021906
-1.219844 0.271484 -0.544122 -1.222663  0.193722
-1.264002 0.271484 -0.544122 -1.222663  -0.010624
-1.264002 0.233459 -0.544122 -1.222663  -0.017909
-1.264002 0.233459 -0.576218 -1.222663  0.012314
-1.264002 0.233459 -0.576218 -1.249006  0.133014
-1.284529 0.233459 -0.576218 -1.249006  0.033019
-1.284529 0.218903 -0.576218 -1.249006  0.030784
-1.284529 0.218903 -0.584859 -1.249006  0.039521
-1.284529 0.218903 -0.584859 -1.251845  0.052840
-1.281330 0.218903 -0.584859 -1.251845  0.068637
-1.281330 0.228163 -0.584859 -1.251845  0.070026
-1.281330 0.228163 -0.569655 -1.251845  0.054826
-1.281330 0.228163 -0.569655 -1.230528  -0.043697
-1.253960 0.228163 -0.569655 -1.230528  0.088254
-1.253960 0.261439 -0.569655 -1.230528  0.094245
-1.253960 0.261439 -0.530578 -1.230528  0.058753
-1.253960 0.261439 -0.530578 -1.185456  -0.138583
-1.202655 0.261439 -0.530578 -1.185456  0.093668
-1.202655 0.318592 -0.530578 -1.185456  0.108136
-1.202655 0.318592 -0.467510 -1.185456  0.060953
-1.202655 0.318592 -0.467510 -1.116445  -0.213384
-1.127425 0.318592 -0.467510 -1.116445  0.093056
-1.127425 0.399694 -0.467510 -1.116445  0.124571
-1.127425 0.399694 -0.380403 -1.116445  0.077436
-1.127425 0.399694 -0.380403 -1.023333  -0.242510
-1.028085 0.399694 -0.380403 -1.023333  0.103902
-1.028085 0.304905 -0.380403 -1.023333  0.068395
-1.028085 0.304905 -0.469263 -1.023333  0.116683
-1.028085 0.304905 -0.469263 -1.106221  0.398748
-1.104962 0.304905 -0.469263 -1.106221  0.136297
-1.104962 0.234179 -0.469263 -1.106221  0.120793
-1.104962 0.234179 -0.533841 -1.106221  0.169596
-1.104962 0.234179 -0.533841 -1.164852  0.396450
-1.157288 0.234179 -0.533841 -1.164852  0.195570
-1.157288 0.187753 -0.533841 -1.164852  0.189346
-1.157288 0.187753 -0.574329 -1.164852  0.226653
-1.157288 0.187753 -0.574329 -1.199576  0.372259
-1.185964 0.187753 -0.574329 -1.199576  0.254161
-1.185964 0.189419 -0.574329 -1.199576  0.254339
-1.185964 0.189419 -0.566744 -1.199576  0.246932
-1.185964 0.189419 -0.566744 -1.186053  0.189207
-1.166341 0.189419 -0.566744 -1.186053  0.270646
-1.166341 0.214916 -0.566744 -1.186053  0.273776
-1.166341 0.214916 -0.535494 -1.186053  0.245294
-1.166341 0.214916 -0.535494 -1.148922  0.093449
-1.123119 0.214916 -0.535494 -1.148922  0.263383
-1.123119 0.263896 -0.535494 -1.148922  0.271834
-1.123119 0.263896 -0.480617 -1.148922  0.229298
-1.123119 0.263896 -0.480617 -1.087746  -0.000289
-1.055517 0.263896 -0.480617 -1.087746  0.240441
-1.055517 0.337593 -0.480617 -1.087746  0.260539
-1.055517 0.337593 -0.401049 -1.087746  0.214024
-1.055517 0.337593 -0.401049 -1.002176  -0.066446
-0.963910 0.337593 -0.401049 -1.002176  0.213933
-0.963910 0.435186 -0.401049 -1.002176  0.257877
-0.963910 0.435186 -0.497455 -1.002176  0.316473
-0.963910 0.435186 -0.497455 -1.092606  0.614269
-1.048401 0.435186 -0.497455 -1.092606  0.357515
-1.048401 0.356667 -0.497455 -1.092606  0.320469
-1.048401 0.356667 -0.570035 -1.092606  0.382596
-1.048401 0.356667 -0.570035 -1.159428  0.636845
-1.109266 0.356667 -0.570035 -1.159428  0.424270
-1.109266 0.302044 -0.570035 -1.159428  0.406454
-1.109266 0.302044 -0.618772 -1.159428  0.458142
-1.109266 0.302044 -0.618772 -1.202264  0.637352
-1.146049 0.302044 -0.618772 -1.202264  0.497019
-1.146049 0.271342 -0.618772 -1.202264  0.489441
-1.146049 0.271342 -0.643385 -1.202264  0.518852
-1.146049 0.271342 -0.643385 -1.221056  0.601619
-1.159025 0.271342 -0.643385 -1.221056  0.549906
-1.159025 0.264260 -0.643385 -1.221056  0.548382
-1.159025 0.264260 -0.644419 -1.221056  0.549668
-1.159025 0.264260 -0.644419 -1.216242  0.528220
-1.148125 0.264260 -0.644419 -1.216242  0.571735
-1.148125 0.281323 -0.644419 -1.216242  0.575545
-1.148125 0.281323 -0.621428 -1.216242  0.547911
-1.148125 0.281323 -0.621428 -1.187099  0.421656
-1.112882 0.281323 -0.621428 -1.187099  0.556793
-1.112882 0.322542 -0.621428 -1.187099  0.568083
-1.112882 0.322542 -0.574321 -1.187099  0.517542
-1.112882 0.322542 -0.574321 -1.134049  0.303142
-1.053880 0.322542 -0.574321 -1.134049  0.510949
-1.053880 0.387345 -0.574321 -1.134049  0.535510
-1.053880 0.387345 -0.503495 -1.134049  0.473713
-1.053880 0.387345 -0.503495 -1.057279  0.197118
-0.971039 0.387345 -0.503495 -1.057279  0.452016
-0.971039 0.475812 -0.503495 -1.057279  0.501623
-0.971039 0.475812 -0.409416 -1.057279  0.442610
-0.971039 0.475812 -0.409416 -1.156944  0.809335
-1.064770 0.475812 -0.409416 -1.156944  0.517777
-1.064770 0.388142 -0.409416 -1.156944  0.468529
-1.064770 0.388142 -0.490977 -1.156944  0.518257
-1.064770 0.388142 -0.490977 -1.232661  0.842632
-1.134496 0.388142 -0.490977 -1.232661  0.589611
-1.134496 0.324387 -0.490977 -1.232661  0.565270
-1.134496 0.324387 -0.548751 -1.232661  0.612160
-1.134496 0.324387 -0.548751 -1.284680  0.859432
-1.180596 0.324387 -0.548751 -1.284680  0.674098
-1.180596 0.284278 -0.548751 -1.284680  0.662938
-1.180596 0.284278 -0.582419 -1.284680  0.695257
-1.180596 0.284278 -0.582419 -1.312424  0.835611
-1.202263 0.284278 -0.582419 -1.312424  0.743337
-1.202263 0.268577 -0.582419 -1.312424  0.739737
-1.202263 0.268577 -0.592125 -1.312424  0.749779
-1.202263 0.268577 -0.592125 -1.316404  0.770407
-1.200300 0.268577 -0.592125 -1.316404  0.778908
-1.200300 0.276925 -0.592125 -1.316404  0.780771
-1.200300 0.276925 -0.577616 -1.316404  0.765881
-1.200300 0.276925 -0.577616 -1.295804  0.660455
-1.173544 0.276925 -0.577616 -1.295804  0.773540
-1.173544 0.309664 -0.577616 -1.295804  0.781997
-1.173544 0.309664 -0.539191 -1.295804  0.746038
-1.173544 0.309664 -0.539191 -1.251597  0.530863
-1.123517 0.309664 -0.539191 -1.251597  0.728869
-1.123517 0.365473 -0.539191 -1.251597  0.747991
-1.123517 0.365473 -0.477490 -1.251597  0.700100
-1.123517 0.365473 -0.477490 -1.183348  0.396533
-1.049195 0.365473 -0.477490 -1.183348  0.659772
-1.049195 0.445742 -0.477490 -1.183348  0.699518
-1.049195 0.445742 -0.391296 -1.183348  0.650564
-1.049195 0.445742 -0.391296 -1.091115  0.292515
-1.125501 0.445742 -0.391296 -1.091115  0.021752
-1.125501 0.376025 -0.391296 -1.091115  -0.013643
-1.125501 0.376025 -0.455065 -1.091115  0.020681
-1.125501 0.376025 -0.455065 -1.148959  0.238424
-1.177378 0.376025 -0.455065 -1.148959  0.032049
-1.177378 0.330280 -0.455065 -1.148959  0.014910
-1.177378 0.330280 -0.494586 -1.148959  0.041657
-1.177378 0.330280 -0.494586 -1.182742  0.179421
-1.205321 0.330280 -0.494586 -1.182742  0.060436
-1.205321 0.308276 -0.494586 -1.182742  0.053704
-1.205321 0.308276 -0.510771 -1.182742  0.065974
-1.205321 0.308276 -0.510771 -1.193364  0.110950
-1.210074 0.308276 -0.510771 -1.193364  0.090151
-1.210074 0.309775 -0.510771 -1.193364  0.090581
-1.210074 0.309775 -0.503264 -1.193364  0.084791
-1.210074 0.309775 -0.503264 -1.179752  0.027296
-1.190353 0.309775 -0.503264 -1.179752  0.112524
-1.190353 0.335411 -0.503264 -1.179752  0.120532
-1.190353 0.335411 -0.471684 -1.179752  0.098012
-1.190353 0.335411 -0.471684 -1.142100  -0.054236
-1.146347 0.335411 -0.471684 -1.142100  0.125997
-1.146347 0.385409 -0.471684 -1.142100  0.145512
-1.146347 0.385409 -0.415473 -1.142100  0.112287
-1.146347 0.385409 -0.415473 -1.079988  -0.117789
-1.078258 0.385409 -0.415473 -1.079988  0.135009
-1.078258 0.459195 -0.415473 -1.079988  0.174586
-1.078258 0.459195 -0.335954 -1.079988  0.140786
-1.078258 0.459195 -0.335954 -0.994586  -0.135038
-0.986776 0.459195 -0.335954 -0.994586  0.157741
-0.986776 0.556825 -0.335954 -0.994586  0.233561
-0.986776 0.556825 -0.432114 -0.994586  0.276329
-0.986776 0.556825 -0.432114 -1.084762  0.568930
-1.070856 0.556825 -0.432114 -1.084762  0.301794
-1.070856 0.478844 -0.432114 -1.084762  0.238944
-1.070856 0.478844 -0.504009 -1.084762  0.286289
-1.070856 0.478844 -0.504009 -1.150552  0.532906
-1.130940 0.478844 -0.504009 -1.150552  0.314389
-1.130940 0.424803 -0.504009 -1.150552  0.281253
-1.130940 0.424803 -0.552036 -1.150552  0.321451
-1.130940 0.424803 -0.552036 -1.192593  0.494587
-1.166887 0.424803 -0.552036 -1.192593  0.352227
-1.166887 0.394929 -0.552036 -1.192593  0.337164
-1.166887 0.394929 -0.575939 -1.192593  0.359977
-1.166887 0.394929 -0.575939 -1.210738  0.438581
-1.179207 0.394929 -0.575939 -1.210738  0.387721
-1.179207 0.388438 -0.575939 -1.210738  0.384734
-1.179207 0.388438 -0.576576 -1.210738  0.385368
-1.179207 0.388438 -0.576576 -1.205716  0.363377
-1.168356 0.388438 -0.576576 -1.205716  0.408226
-1.168356 0.405138 -0.576576 -1.205716  0.416115
-1.168356 0.405138 -0.554000 -1.205716  0.394469
-1.168356 0.405138 -0.554000 -1.177003  0.272201
-1.133447 0.405138 -0.554000 -1.177003  0.410930
-1.133447 0.446099 -0.554000 -1.177003  0.433208
-1.133447 0.446099 -0.507076 -1.177003  0.393559
-1.133447 0.446099 -0.507076 -1.124023  0.183136
-1.074410 0.446099 -0.507076 -1.124023  0.399028
-1.074410 0.511104 -0.507076 -1.124023  0.443766
-1.074410 0.511104 -0.436096 -1.124023  0.396320
-1.074410 0.511104 -0.436096 -1.046690  0.122911
-0.990688 0.511104 -0.436096 -1.046690  0.390840
-0.990688 0.601195 -0.436096 -1.046690  0.474619
-0.990688 0.601195 -0.340090 -1.046690  0.431018
-0.990688 0.601195 -0.340090 -1.144664  0.784108
-1.082667 0.601195 -0.340090 -1.144664  0.487364
-1.082667 0.515183 -0.340090 -1.144664  0.406808
-1.082667 0.515183 -0.420034 -1.144664  0.441579
-1.082667 0.515183 -0.420034 -1.218846  0.752475
-1.150830 0.515183 -0.420034 -1.218846  0.497372
-1.150830 0.453035 -0.420034 -1.218846  0.453616
-1.150830 0.453035 -0.476311 -1.218846  0.487572
-1.150830 0.453035 -0.476311 -1.269184  0.721308
-1.195329 0.453035 -0.476311 -1.269184  0.537577
-1.195329 0.414385 -0.476311 -1.269184  0.515752
-1.195329 0.414385 -0.509057 -1.269184  0.539607
-1.195329 0.414385 -0.509057 -1.296066  0.672285
-1.216230 0.414385 -0.509057 -1.296066  0.581118
-1.216230 0.399488 -0.509057 -1.296066  0.573716
-1.216230 0.399488 -0.518076 -1.296066  0.580853
-1.216230 0.399488 -0.518076 -1.299189  0.596628
-1.213624 0.399488 -0.518076 -1.299189  0.608168
-1.213624 0.407909 -0.518076 -1.299189  0.612285
-1.213624 0.407909 -0.504095 -1.299189  0.601329
-1.213624 0.407909 -0.504095 -1.279346  0.502378
-1.164012 0.407909 -0.504095 -1.279346  0.712760
-1.164012 0.463503 -0.504095 -1.279346  0.744465
-1.164012 0.463503 -0.442715 -1.279346  0.703139
-1.164012 0.463503 -0.442715 -1.212117  0.390078
-1.090730 0.463503 -0.442715 -1.212117  0.669590
-1.090730 0.542807 -0.442715 -1.212117  0.729947
-1.090730 0.542807 -0.357614 -1.212117  0.688911
-1.090730 0.542807 -0.357614 -1.121130  0.317217
-0.993652 0.542807 -0.357614 -1.121130  0.633774
-0.993652 0.445848 -0.357614 -1.121130  0.562466
-0.993652 0.445848 -0.448483 -1.121130  0.606939
-0.993652 0.445848 -0.448483 -1.205862  0.951201
-1.072345 0.445848 -0.448483 -1.205862  0.699162
-1.072345 0.373234 -0.448483 -1.205862  0.662530
-1.072345 0.373234 -0.515196 -1.205862  0.709069
-1.072345 0.373234 -0.515196 -1.266778  0.988455
-1.127138 0.373234 -0.515196 -1.266778  0.789609
-1.127138 0.324518 -0.515196 -1.266778  0.771792
-1.127138 0.324518 -0.557731 -1.266778  0.808535
-1.127138 0.324518 -0.557731 -1.303370  0.989832
-1.157702 0.324518 -0.557731 -1.303370  0.870155
-1.157702 0.299949 -0.557731 -1.303370  0.862966
-1.157702 0.299949 -0.576422 -1.303370  0.881000
-1.157702 0.299949 -0.576422 -1.315919  0.945572
-1.164317 0.299949 -0.576422 -1.315919  0.918821
-1.164317 0.299258 -0.576422 -1.315919  0.918635
-1.164317 0.299258 -0.571331 -1.315919  0.913605
-1.164317 0.299258 -0.571331 -1.304903  0.856855
-1.147444 0.299258 -0.571331 -1.304903  0.924488
-1.147444 0.321843 -0.571331 -1.304903  0.931025
-1.147444 0.321843 -0.543068 -1.304903  0.904695
-1.147444 0.321843 -0.543068 -1.270707  0.734549
-1.107342 0.321843 -0.543068 -1.270707  0.887475
-1.107342 0.367679 -0.543068 -1.270707  0.903843
-1.107342 0.367679 -0.491488 -1.270707  0.862404
-1.107342 0.367679 -0.491488 -1.213193  0.596221
-1.043980 0.367679 -0.491488 -1.213193  0.816223
-1.043980 0.436960 -0.491488 -1.213193  0.849948
-1.043980 0.436960 -0.416135 -1.213193  0.803285
-1.043980 0.436960 -0.416135 -1.131844  0.467637
-0.956361 0.436960 -0.416135 -1.131844  0.730751
-0.956361 0.530595 -0.416135 -1.131844  0.796699
-0.956361 0.530595 -0.316582 -1.131844  0.756367
-0.956361 0.530595 -0.316582 -1.226358  1.150779
-1.044698 0.530595 -0.316582 -1.226358  0.885315
-1.044698 0.448210 -0.316582 -1.226358  0.825978
-1.044698 0.448210 -0.392915 -1.226358  0.854908
-1.044698 0.448210 -0.392915 -1.296738  1.191026
-1.108860 0.448210 -0.392915 -1.296738  0.967784
-1.108860 0.390007 -0.392915 -1.296738  0.937064
-1.108860 0.390007 -0.445176 -1.296738  0.964630
-1.108860 0.390007 -0.445176 -1.342978  1.206311
-1.148806 0.390007 -0.445176 -1.342978  1.053588
-1.148806 0.356326 -0.445176 -1.342978  1.039508
-1.148806 0.356326 -0.472757 -1.342978  1.056943
-1.148806 0.356326 -0.472757 -1.364683  1.176291
-1.164591 0.356326 -0.472757 -1.364683  1.112931
-1.164591 0.346746 -0.472757 -1.364683  1.109379
-1.164591 0.346746 -0.476260 -1.364683  1.111746
-1.164591 0.346746 -0.476260 -1.362096  1.097321
-1.156147 0.346746 -0.476260 -1.362096  1.131430
-1.156147 0.361327 -0.476260 -1.362096  1.136914
-1.156147 0.361327 -0.455906 -1.362096  1.123647
-1.156147 0.361327 -0.455906 -1.335818  0.980185
-1.123532 0.361327 -0.455906 -1.335818  1.107317
-1.123532 0.399871 -0.455906 -1.335818  1.124082
-1.123532 0.399871 -0.411423 -1.335818  1.098963
-1.123532 0.399871 -0.411423 -1.285490  0.839571
-1.067214 0.399871 -0.411423 -1.285490  1.042333
-1.067214 0.461934 -0.411423 -1.285490  1.076963
-1.067214 0.461934 -0.343352 -1.285490  1.047800
-1.067214 0.461934 -0.343352 -1.211239  0.700555
-0.986966 0.461934 -0.343352 -1.211239  0.954648
-0.986966 0.548162 -0.343352 -1.211239  1.020792
-0.986966 0.548162 -0.251051 -1.211239  0.996137
-0.986966 0.548162 -0.251051 -1.112726  0.596861
-1.082466 0.548162 -0.251051 -1.112726  0.289906
-1.082466 0.458539 -0.251051 -1.112726  0.221604
-1.082466 0.458539 -0.334651 -1.112726  0.243259
-1.082466 0.458539 -0.334651 -1.190386  0.552328
-1.154218 0.458539 -0.334651 -1.190386  0.283019
-1.154218 0.392878 -0.334651 -1.190386  0.247250
-1.154218 0.392878 -0.394249 -1.190386  0.271051
-1.154218 0.392878 -0.394249 -1.221032  0.404711
-1.177393 0.392878 -0.394249 -1.221032  0.310217
-1.177393 0.375466 -0.394249 -1.221032  0.302507
-1.177393 0.375466 -0.405675 -1.221032  0.307991
-1.177393 0.375466 -0.405675 -1.226725  0.333570
-1.177013 0.375466 -0.405675 -1.226725  0.335147
-1.177013 0.381656 -0.405675 -1.226725  0.337808
-1.177013 0.381656 -0.393650 -1.226725  0.332046
-1.177013 0.381656 -0.393650 -1.208529  0.251114
-1.152851 0.381656 -0.393650 -1.208529  0.349487
-1.152851 0.411775 -0.393650 -1.208529  0.363714
-1.152851 0.411775 -0.357681 -1.208529  0.348474
-1.152851 0.411775 -0.357681 -1.166584  0.170991
-1.105058 0.411775 -0.357681 -1.166584  0.353761
-1.105058 0.465388 -0.357681 -1.166584  0.384737
-1.105058 0.465388 -0.298130 -1.166584  0.365475
