-0.948055 -0.798955 -0.798172 -0.797789  -0.444307
-0.852649 -0.798955 -0.798172 -0.797789  -0.129078
-0.852649 -0.684233 -0.798172 -0.797789  0.046491
-0.852649 -0.684233 -0.798172 -0.797789  0.046491
-0.852649 -0.684233 -0.798172 -0.797789  0.046491
-0.685335 -0.684233 -0.798172 -0.797789  0.345967
-0.685335 -0.500390 -0.798172 -0.797789  0.464571
-0.685335 -0.500390 -0.798172 -0.797789  0.464571
-0.685335 -0.500390 -0.798172 -0.797789  0.464571
-0.450381 -0.500390 -0.798172 -0.797789  0.597227
-0.450381 -0.500390 -0.798172 -0.797789  0.597227
-0.450381 -0.500390 -1.029295 -0.797789  1.428584
-0.450381 -0.500390 -1.029295 -1.008680  2.149569
-0.450381 -0.500390 -1.029295 -1.008680  2.149569
-0.450381 -0.500390 -1.029295 -1.008680  2.149569
-0.450381 -0.500390 -1.186693 -1.008680  3.347639
-0.450381 -0.500390 -1.186693 -1.148399  4.300871
-0.450381 -0.500390 -1.186693 -1.148399  4.300871
-0.450381 -0.500390 -1.186693 -1.148399  4.300871
-0.450381 -0.500390 -1.275079 -1.148399  5.317916
-0.450381 -0.500390 -1.275079 -1.219578  6.018558
-0.450381 -0.500390 -1.275079 -1.219578  6.018558
-0.450381 -0.500390 -1.275079 -1.219578  6.018558
-0.450381 -0.500390 -1.296275 -1.219578  6.308166
-0.450381 -0.500390 -1.296275 -1.224104  6.358601
-0.439027 -0.500390 -1.296275 -1.224104  6.360822
-0.439027 -0.472565 -1.296275 -1.224104  6.368627
-0.439027 -0.472565 -1.296275 -1.224104  6.368627
-0.439027 -0.472565 -1.296275 -1.224104  6.368627
-0.362072 -0.472565 -1.296275 -1.224104  6.378714
-0.362072 -0.378737 -1.296275 -1.224104  6.394489
-0.362072 -0.378737 -1.296275 -1.224104  6.394489
-0.362072 -0.378737 -1.296275 -1.224104  6.394489
-0.220730 -0.378737 -1.296275 -1.224104  6.400188
-0.220730 -0.219891 -1.296275 -1.224104  6.407466
-0.220730 -0.219891 -1.296275 -1.224104  6.407466
-0.220730 -0.219891 -1.296275 -1.224104  6.407466
-0.014038 -0.219891 -1.296275 -1.224104  6.407990
-0.014038 0.004375 -1.296275 -1.224104  6.408504
-0.014038 0.004375 -1.296275 -1.224104  6.408504
-0.014038 0.004375 -1.296275 -1.464748  10.402432
-0.014038 0.004375 -1.296275 -1.464748  10.402432
-0.014038 0.004375 -1.296275 -1.464748  10.402432
-0.014038 0.004375 -1.488325 -1.464748  14.045186
-0.014038 0.004375 -1.488325 -1.640871  19.198016
-0.014038 0.004375 -1.488325 -1.640871  19.198016
-0.014038 0.004375 -1.488325 -1.640871  19.198016
-0.014038 0.004375 -1.616508 -1.640871  22.933201
-0.014038 0.004375 -1.616508 -1.753320  27.607325
-0.014038 0.004375 -1.616508 -1.753320  27.607325
-0.014038 0.004375 -1.616508 -1.753320  27.607325
-0.014038 0.004375 -1.680574 -1.753320  29.974998
-0.014038 0.004375 -1.680574 -1.774982  31.024181
-0.014038 0.004375 -1.680574 -1.774982  31.024181
-0.014038 0.015787 -1.680574 -1.774982  31.024181
-0.014038 0.015787 -1.680574 -1.774982  31.024181
-0.014038 0.015787 -1.680574 -1.774982  31.024181
0.046488 0.015787 -1.680574 -1.774982  31.024181
0.046488 0.093367 -1.680574 -1.774982  31.024188
0.046488 0.093367 -1.680574 -1.774982  31.024188
0.046488 0.093367 -1.680574 -1.774982  31.024188
0.173433 0.093367 -1.680574 -1.774982  31.024345
0.173433 0.236911 -1.680574 -1.774982  31.025084
0.173433 0.236911 -1.680574 -1.774982  31.025084
0.173433 0.236911 -1.680574 -1.774982  31.025084
0.366272 0.236911 -1.680574 -1.774982  31.031519
0.366272 0.446056 -1.680574 -1.774982  31.048431
0.366272 0.446056 -1.680574 -1.774982  31.048431
0.366272 0.446056 -1.680574 -1.774982  31.048431
0.366272 0.446056 -1.680574 -1.774982  31.048431
0.366272 0.446056 -1.680574 -1.774982  31.048431
0.366272 0.446056 -1.893024 -1.774982  41.952539
0.366272 0.446056 -1.893024 -1.971447  54.114061
0.366272 0.446056 -1.893024 -1.971447  54.114061
0.366272 0.446056 -1.893024 -1.971447  54.114061
0.366272 0.446056 -2.040832 -1.971447  65.207033
0.366272 0.446056 -2.040832 -2.103094  76.569733
0.366272 0.446056 -2.040832 -2.103094  76.569733
0.366272 0.446056 -2.040832 -2.103094  76.569733
0.366272 0.446056 -2.124394 -2.103094  84.435871
0.366272 0.446056 -2.124394 -2.170862  91.505788
0.366272 0.446056 -2.124394 -2.170862  91.505788
0.366272 0.446056 -2.124394 -2.170862  91.505788
0.366272 0.446056 -2.124394 -2.170862  91.505788
0.366272 0.446056 -2.124394 -2.170862  91.505788
0.449716 0.446056 -2.124394 -2.170862  91.517590
0.449716 0.546613 -2.124394 -2.170862  91.548730
0.449716 0.546613 -2.124394 -2.170862  91.548730
0.449716 0.546613 -2.124394 -2.170862  91.548730
0.598206 0.546613 -2.124394 -2.170862  91.606939
0.598206 0.711831 -2.124394 -2.170862  91.740903
0.598206 0.711831 -2.124394 -2.170862  91.740903
0.598206 0.711831 -2.124394 -2.170862  91.740903
0.810871 0.711831 -2.124394 -2.170862  92.014857
0.810871 0.941015 -2.124394 -2.170862  92.569968
0.810871 0.941015 -2.124394 -2.170862  92.569968
0.810871 0.941015 -2.124394 -2.409935  125.645363
0.810871 0.941015 -2.124394 -2.409935  125.645363
0.810871 0.941015 -2.124394 -2.409935  125.645363
0.810871 0.941015 -2.315452 -2.409935  148.931289
0.810871 0.941015 -2.315452 -2.584558  182.970348
0.810871 0.941015 -2.315452 -2.584558  182.970348
0.810871 0.941015 -2.315452 -2.584558  182.970348
0.810871 0.941015 -2.441896 -2.584558  203.238799
0.810871 0.941015 -2.441896 -2.694723  230.004001
0.810871 0.941015 -2.441896 -2.694723  230.004001
0.810871 0.941015 -2.441896 -2.694723  230.004001
0.810871 0.941015 -2.503193 -2.694723  241.462291
0.810871 0.941015 -2.503193 -2.739573  253.687162
0.810871 0.941015 -2.503193 -2.739573  253.687162
0.810871 0.941015 -2.503193 -2.739573  253.687162
0.810871 0.941015 -2.503193 -2.739573  253.687162
0.810871 0.941015 -2.503193 -2.739573  253.687162
0.846312 0.941015 -2.503193 -2.739573  253.770767
0.846312 0.992632 -2.503193 -2.739573  253.996594
0.846312 0.992632 -2.503193 -2.739573  253.996594
0.846312 0.992632 -2.503193 -2.739573  253.996594
0.946465 0.992632 -2.503193 -2.739573  254.321923
0.946465 1.108794 -2.503193 -2.739573  255.034149
0.946465 1.108794 -2.503193 -2.739573  255.034149
0.946465 1.108794 -2.503193 -2.739573  255.034149
1.111174 1.108794 -2.503193 -2.739573  255.968646
1.111174 1.290909 -2.503193 -2.739573  257.877629
1.111174 1.290909 -2.503193 -2.739573  257.877629
1.111174 1.290909 -2.503193 -2.739573  257.877629
1.341836 1.290909 -2.503193 -2.739573  260.533716
1.341836 1.538519 -2.503193 -2.739573  265.568941
1.341836 1.538519 -2.739211 -2.739573  321.502637
1.341836 1.538519 -2.739211 -2.959413  394.186629
1.341836 1.538519 -2.739211 -2.959413  394.186629
1.341836 1.538519 -2.739211 -2.959413  394.186629
1.341836 1.538519 -2.911076 -2.959413  449.029678
1.341836 1.538519 -2.911076 -3.115340  515.473707
1.341836 1.538519 -2.911076 -3.115340  515.473707
1.341836 1.538519 -2.911076 -3.115340  515.473707
1.341836 1.538519 -3.018584 -3.115340  557.035799
1.341836 1.538519 -3.018584 -3.207031  602.837468
1.341836 1.538519 -3.018584 -3.207031  602.837468
1.341836 1.538519 -3.018584 -3.207031  602.837468
1.341836 1.538519 -3.062722 -3.207031  621.704348
1.341836 1.538519 -3.062722 -3.235114  636.819967
1.341836 1.538519 -3.062722 -3.235114  636.819967
1.341836 1.543483 -3.062722 -3.235114  636.959938
1.341836 1.543483 -3.062722 -3.235114  636.959938
1.341836 1.543483 -3.062722 -3.235114  636.959938
1.395218 1.543483 -3.062722 -3.235114  637.896871
1.395218 1.612874 -3.062722 -3.235114  640.051223
1.395218 1.612874 -3.062722 -3.235114  640.051223
1.395218 1.612874 -3.062722 -3.235114  640.051223
1.512549 1.612874 -3.062722 -3.235114  642.680973
1.512549 1.746629 -3.062722 -3.235114  648.022124
1.512549 1.746629 -3.062722 -3.235114  648.022124
1.512549 1.746629 -3.062722 -3.235114  648.022124
1.694424 1.746629 -3.062722 -3.235114  654.072621
1.694424 1.944396 -3.062722 -3.235114  665.609238
1.694424 1.944396 -3.062722 -3.235114  665.609238
1.694424 1.944396 -3.062722 -3.235114  665.609238
1.940183 1.944396 -3.062722 -3.235114  679.134406
1.940183 1.944396 -3.062722 -3.235114  679.134406
1.940183 1.944396 -3.285354 -3.235114  792.393112
1.940183 1.944396 -3.285354 -3.441724  920.956403
1.940183 1.944396 -3.285354 -3.441724  920.956403
1.940183 1.944396 -3.285354 -3.441724  920.956403
1.940183 1.944396 -3.443296 -3.441724  1022.239853
1.940183 1.944396 -3.443296 -3.583317  1130.094840
2.013697 1.944396 -3.443296 -3.583317  1135.713315
2.013697 2.036670 -3.443296 -3.583317  1142.964281
2.013697 2.036670 -3.443296 -3.583317  1142.964281
2.013697 2.036670 -3.443296 -3.583317  1142.964281
2.156738 2.036670 -3.443296 -3.583317  1156.517878
2.156738 2.196310 -3.443296 -3.583317  1172.580288
2.156738 2.196310 -3.443296 -3.583317  1172.580288
2.156738 2.196310 -3.443296 -3.583317  1172.580288
2.364072 2.196310 -3.443296 -3.583317  1199.757730
2.364072 2.420044 -3.443296 -3.583317  1231.659500
2.364072 2.420044 -3.443296 -3.583317  1231.659500
2.364072 2.420044 -3.443296 -3.827057  1461.843624
2.364072 2.420044 -3.443296 -3.827057  1461.843624
2.364072 2.420044 -3.443296 -3.827057  1461.843624
2.364072 2.420044 -3.638297 -3.827057  1615.329496
2.364072 2.420044 -3.638297 -4.005920  1825.964330
2.364072 2.420044 -3.638297 -4.005920  1825.964330
2.364072 2.420044 -3.638297 -4.005920  1825.964330
2.364072 2.420044 -3.768887 -4.005920  1948.889720
2.364072 2.420044 -3.768887 -4.119233  2103.281838
2.364072 2.420044 -3.768887 -4.119233  2103.281838
2.364072 2.420044 -3.768887 -4.119233  2103.281838
2.364072 2.420044 -3.834314 -4.119233  2171.619504
2.364072 2.420044 -3.834314 -4.168843  2244.778619
2.364072 2.420044 -3.834314 -4.168843  2244.778619
2.364072 2.420044 -3.834314 -4.168843  2244.778619
2.364072 2.420044 -3.835898 -4.168843  2246.491756
2.364072 2.420044 -3.835898 -4.168843  2246.491756
2.394302 2.420044 -3.835898 -4.168843  2251.335289
2.394302 2.467113 -3.835898 -4.168843  2259.727740
2.394302 2.467113 -3.835898 -4.168843  2259.727740
2.394302 2.467113 -3.835898 -4.168843  2259.727740
2.490916 2.467113 -3.835898 -4.168843  2276.937053
2.490916 2.580507 -3.835898 -4.168843  2299.963249
2.490916 2.580507 -3.835898 -4.168843  2299.963249
2.490916 2.580507 -3.835898 -4.168843  2299.963249
2.652179 2.580507 -3.835898 -4.168843  2335.292691
2.652179 2.758029 -3.835898 -4.168843  2380.452464
2.652179 2.758029 -3.835898 -4.168843  2380.452464
2.652179 2.758029 -3.835898 -4.168843  2380.452464
2.878389 2.758029 -3.835898 -4.168843  2446.810356
2.878389 3.000010 -3.835898 -4.168843  2530.228487
2.878389 3.000010 -4.077016 -4.168843  2826.187759
2.878389 3.000010 -4.077016 -4.393186  3203.468279
2.878389 3.000010 -4.077016 -4.393186  3203.468279
2.878389 3.000010 -4.077016 -4.393186  3203.468279
2.878389 3.000010 -4.250558 -4.393186  3464.506820
2.878389 3.000010 -4.250558 -4.549959  3778.088655
2.878389 3.000010 -4.250558 -4.549959  3778.088655
2.878389 3.000010 -4.250558 -4.549959  3778.088655
2.878389 3.000010 -4.358166 -4.549959  3962.839635
2.878389 3.000010 -4.358166 -4.641312  4166.619325
2.878389 3.000010 -4.358166 -4.641312  4166.619325
2.878389 3.000010 -4.358166 -4.641312  4166.619325
2.878389 3.000010 -4.401422 -4.641312  4246.208222
2.878389 3.000010 -4.401422 -4.668379  4309.747375
2.878389 3.000010 -4.401422 -4.668379  4309.747375
2.878389 3.004851 -4.401422 -4.668379  4311.714318
2.878389 3.004851 -4.401422 -4.668379  4311.714318
2.878389 3.004851 -4.401422 -4.668379  4311.714318
2.931186 3.004851 -4.401422 -4.668379  4330.512194
2.931186 3.073476 -4.401422 -4.668379  4359.793110
2.931186 3.073476 -4.401422 -4.668379  4359.793110
2.931186 3.073476 -4.401422 -4.668379  4359.793110
3.048050 3.073476 -4.401422 -4.668379  4406.506790
3.048050 3.206693 -4.401422 -4.668379  4471.323282
3.048050 3.206693 -4.401422 -4.668379  4471.323282
3.048050 3.206693 -4.401422 -4.668379  4471.323282
3.230350 3.206693 -4.401422 -4.668379  4559.990725
3.230350 3.405558 -4.401422 -4.668379  4679.002402
3.230350 3.405558 -4.401422 -4.668379  4679.002402
3.230350 3.405558 -4.401422 -4.668379  4679.002402
3.476803 3.405558 -4.401422 -4.668379  4835.283923
3.476803 3.405558 -4.401422 -4.668379  4835.283923
3.476803 3.405558 -4.623167 -4.668379  5295.474208
3.476803 3.405558 -4.623167 -4.874249  5829.444609
3.476803 3.405558 -4.623167 -4.874249  5829.444609
3.476803 3.405558 -4.623167 -4.874249  5829.444609
3.476803 3.405558 -4.779491 -4.874249  6211.493526
3.476803 3.405558 -4.779491 -5.014623  6631.154767
3.523040 3.405558 -4.779491 -5.014623  6665.847524
3.523040 3.473933 -4.779491 -5.014623  6713.716777
3.523040 3.473933 -4.779491 -5.014623  6713.716777
3.523040 3.473933 -4.779491 -5.014623  6713.716777
3.640792 3.473933 -4.779491 -5.014623  6810.685564
3.640792 3.607826 -4.779491 -5.014623  6915.998886
3.640792 3.607826 -4.779491 -5.014623  6915.998886
3.640792 3.607826 -4.779491 -5.014623  6915.998886
3.823267 3.607826 -4.779491 -5.014623  7093.202833
3.823267 3.806795 -4.779491 -5.014623  7281.401835
3.823267 3.806795 -4.779491 -5.014623  7281.401835
3.823267 3.806795 -4.779491 -5.014623  7281.401835
4.070666 3.806795 -4.779491 -5.014623  7582.199334
4.070666 3.806795 -4.779491 -5.014623  7582.199334
4.070666 3.806795 -4.999280 -5.014623  8210.882154
4.070666 3.806795 -4.999280 -5.217847  8907.653439
4.070666 3.806795 -4.999280 -5.217847  8907.653439
4.070666 3.806795 -4.999280 -5.217847  8907.653439
4.070666 3.806795 -5.153758 -5.217847  9420.870862
4.070666 3.806795 -5.153758 -5.356539  9962.961304
4.070666 3.806795 -5.153758 -5.356539  9962.961304
4.070666 3.806795 -5.153758 -5.356539  9962.961304
4.070666 3.806795 -5.243606 -5.356539  10291.143386
4.070666 3.806795 -5.243606 -5.429834  10601.217760
4.070666 3.806795 -5.243606 -5.429834  10601.217760
4.070666 3.806795 -5.243606 -5.429834  10601.217760
4.070666 3.806795 -5.268080 -5.429834  10694.596949
4.070666 3.806795 -5.268080 -5.438252  10731.298510
4.078433 3.806795 -5.268080 -5.438252  10742.001999
4.078433 3.831091 -5.268080 -5.438252  10767.841619
4.078433 3.831091 -5.268080 -5.438252  10767.841619
4.078433 3.831091 -5.268080 -5.438252  10767.841619
4.151491 3.831091 -5.268080 -5.438252  10872.595580
4.151491 3.920702 -5.268080 -5.438252  10973.738579
4.151491 3.920702 -5.268080 -5.438252  10973.738579
4.151491 3.920702 -5.268080 -5.438252  10973.738579
4.288678 3.920702 -5.268080 -5.438252  11191.408491
4.288678 4.074121 -5.268080 -5.438252  11387.421707
4.288678 4.074121 -5.268080 -5.438252  11387.421707
4.288678 4.074121 -5.268080 -5.438252  11387.421707
4.490422 4.074121 -5.268080 -5.438252  11762.314849
4.490422 4.292417 -5.268080 -5.438252  12097.025960
4.490422 4.292417 -5.268080 -5.438252  12097.025960
4.490422 4.292417 -5.268080 -5.686812  13288.058170
4.490422 4.292417 -5.268080 -5.686812  13288.058170
4.490422 4.292417 -5.268080 -5.686812  13288.058170
4.490422 4.292417 -5.467501 -5.686812  14116.426973
4.490422 4.292417 -5.467501 -5.869962  15137.889705
4.490422 4.292417 -5.467501 -5.869962  15137.889705
4.490422 4.292417 -5.467501 -5.869962  15137.889705
4.490422 4.292417 -5.602555 -5.869962  15771.882541
4.490422 4.292417 -5.602555 -5.988995  16507.734647
4.490422 4.292417 -5.602555 -5.988995  16507.734647
4.490422 4.292417 -5.602555 -5.988995  16507.734647
4.490422 4.292417 -5.672485 -5.988995  16860.934790
4.490422 4.292417 -5.672485 -6.043010  17214.717565
4.490422 4.292417 -5.672485 -6.043010  17214.717565
4.490422 4.292417 -5.672485 -6.043010  17214.717565
4.490422 4.292417 -5.676850 -6.043010  17237.348418
4.490422 4.292417 -5.676850 -6.043010  17237.348418
4.519092 4.292417 -5.676850 -6.043010  17296.381533
4.519092 4.337347 -5.676850 -6.043010  17374.257106
4.519092 4.337347 -5.676850 -6.043010  17374.257106
4.519092 4.337347 -5.676850 -6.043010  17374.257106
4.613457 4.337347 -5.676850 -6.043010  17579.430345
4.613457 4.448362 -5.676850 -6.043010  17786.196423
4.613457 4.448362 -5.676850 -6.043010  17786.196423
4.613457 4.448362 -5.676850 -6.043010  17786.196423
4.772698 4.448362 -5.676850 -6.043010  18172.658688
4.772698 4.623981 -5.676850 -6.043010  18544.726996
4.772698 4.623981 -5.676850 -6.043010  18544.726996
4.772698 4.623981 -5.676850 -6.043010  18544.726996
4.997990 4.623981 -5.676850 -6.043010  19187.057105
4.997990 4.866088 -5.676850 -6.043010  19801.525945
4.997990 4.866088 -5.918155 -6.043010  21165.719423
