0.747396 0.747552 0.747676  0.417288
0.764792 0.765033 0.765124  0.447173
0.788658 0.788762 0.788828  0.490407
0.028594 0.028708 0.028774  0.000023
0.864431 0.864541 0.864607  0.645792
-0.786257 -0.786148 -0.786077  -0.486195
-0.778104 -0.778015 -0.777924  -0.471264
0.052620 0.052709 0.052800  0.000145
0.111809 0.171087 0.171177  0.001390
0.236332 0.236441 0.301882  -0.001093
0.373617 0.373706 0.373797  0.052115
0.077417 0.077526 0.077597  0.000463
0.083668 0.083773 0.083834  0.000584
0.088806 0.088910 0.088976  0.000699
0.094165 0.094275 0.094345  0.000833
0.099150 0.099260 0.099330  0.000973
-0.095205 -0.095096 -0.095030  -0.000865
-0.088575 -0.088465 -0.088379  -0.000697
-0.082821 -0.082711 -0.082641  -0.000570
-0.077158 -0.077048 -0.076957  -0.000461
-0.148898 -0.148751 -0.148680  -0.003306
-0.214106 -0.214017 -0.213926  -0.009827
-0.273543 -0.273434 -0.273352  -0.020486
-0.053924 -0.053835 -0.053744  -0.000158
0.780993 0.781082 0.781173  0.476200
-0.869867 -0.869773 -0.869687  -0.658396
-0.862189 -0.862080 -0.862009  -0.641083
-0.031052 -0.030943 -0.030872  -0.000030
-0.056522 -0.081906 -0.081815  -0.000182
-0.101261 -0.101172 -0.120352  -0.000331
-0.134020 -0.133920 -0.133845  -0.002411
-0.007616 -0.007531 -0.007445  -0.000000
-0.000469 -0.000359 -0.000293  -0.000000
0.010161 0.010275 0.010346  0.000001
0.015787 0.015896 0.015962  0.000004
0.021517 0.021606 0.021688  0.000010
0.026758 0.026872 0.026938  0.000019
0.032075 0.032185 0.032250  0.000033
0.037862 0.037971 0.038037  0.000054
0.043113 0.043198 0.043289  0.000080
0.091481 0.091596 0.091686  0.000763
0.145173 0.145271 0.145358  0.003054
0.204460 0.204545 0.204635  0.008536
0.064965 0.065074 0.065165  0.000273
0.900617 0.900727 0.900797  0.730329
-0.750560 -0.750446 -0.750375  -0.422940
-0.742663 -0.742574 -0.742483  -0.409765
0.088392 0.088502 0.088572  0.000689
0.182172 0.276061 0.276147  0.006026
0.375296 0.375405 0.474820  -0.001285
0.380075 0.380164 0.380255  0.054865
-0.089400 -0.089290 -0.089220  -0.000716
-0.081807 -0.081702 -0.081616  -0.000549
-0.076029 -0.075915 -0.075854  -0.000441
-0.070432 -0.070322 -0.070252  -0.000350
-0.064554 -0.064465 -0.064374  -0.000270
-0.059148 -0.059038 -0.058973  -0.000208
-0.053602 -0.053513 -0.053422  -0.000155
-0.048275 -0.048186 -0.048100  -0.000113
-0.042645 -0.042556 -0.042465  -0.000078
-0.079793 -0.079709 -0.079613  -0.000510
-0.111289 -0.111179 -0.111113  -0.001381
-0.136893 -0.136783 -0.136722  -0.002569
-0.020068 -0.019978 -0.019888  -0.000008
0.814854 0.814943 0.815025  0.540890
-0.836272 -0.836162 -0.836101  -0.584975
-0.818049 -0.817911 -0.817840  -0.547582
0.013126 0.013235 0.013301  0.000002
0.031886 0.050756 0.050822  0.000032
0.075052 0.075175 0.099685  -0.000143
0.129734 0.129844 0.129905  0.002180
0.035565 0.035675 0.035745  0.000045
0.041254 0.041343 0.041429  0.000070
0.046655 0.046774 0.046845  0.000101
0.051778 0.051868 0.051954  0.000138
0.056911 0.057000 0.057086  0.000183
0.062308 0.062413 0.062479  0.000241
0.067326 0.067431 0.067502  0.000304
0.072440 0.072529 0.072620  0.000379
0.077989 0.078099 0.078169  0.000473
0.161162 0.161276 0.161362  0.004179
0.249991 0.250080 0.250166  0.015607
0.344263 0.344373 0.344438  0.040778
0.099457 0.099566 0.099657  0.000981
0.734687 0.734796 0.734887  0.396411
-0.916689 -0.916580 -0.916514  -0.770477
-0.909068 -0.908958 -0.908888  -0.751433
-0.077927 -0.077817 -0.077747  -0.000474
-0.150090 -0.222164 -0.222073  -0.003395
-0.288285 -0.288176 -0.354102  -0.003491
-0.414350 -0.414261 -0.414170  -0.071185
-0.053784 -0.053674 -0.053604  -0.000156
-0.048296 -0.048182 -0.048116  -0.000113
-0.042652 -0.042542 -0.042476  -0.000078
-0.036916 -0.036807 -0.036741  -0.000051
-0.031282 -0.031172 -0.031111  -0.000031
-0.025765 -0.025656 -0.025585  -0.000017
-0.020605 -0.020495 -0.020425  -0.000009
-0.015297 -0.015192 -0.015122  -0.000004
-0.009814 -0.009704 -0.009638  -0.000001
-0.012603 -0.012493 -0.012423  -0.000002
-0.009728 -0.009609 -0.009523  -0.000001
-0.001488 -0.001379 -0.001313  -0.000000
0.014144 0.014259 0.014329  0.000003
0.849379 0.849489 0.849554  0.612638
-0.738874 -0.738500 -0.738395  -0.403549
-0.923698 -0.923536 -0.923422  -0.788407
-0.088832 -0.088676 -0.088596  -0.000703
-0.170039 -0.251094 -0.250970  -0.004940
-0.323282 -0.323065 -0.394917  -0.005914
-0.457060 -0.456932 -0.456818  -0.095553
-0.053254 -0.053125 -0.053036  -0.000152
-0.044554 -0.044427 -0.044327  -0.000089
-0.036933 -0.036776 -0.036681  -0.000051
-0.028579 -0.028432 -0.028347  -0.000024
-0.020596 -0.020493 -0.020364  -0.000009
-0.012823 -0.012699 -0.012571  -0.000002
-0.004085 -0.003934 -0.003791  -0.000000
0.005918 0.006065 0.006161  0.000000
0.015083 0.015239 0.015338  0.000003
0.039457 0.039619 0.039747  0.000061
0.073579 0.073745 0.073854  0.000397
0.116206 0.116339 0.116437  0.001565
0.049622 0.049760 0.049860  0.000121
0.887224 0.887371 0.887504  0.698078
-0.762307 -0.762179 -0.762085  -0.443149
-0.752774 -0.752641 -0.752527  -0.426768
0.080203 0.080355 0.080449  0.000514
0.167520 0.254975 0.255085  0.004680
0.349925 0.350048 0.445215  -0.002509
0.348912 0.349054 0.349139  0.042445
-0.087809 -0.087643 -0.087557  -0.000679
-0.081078 -0.080969 -0.080898  -0.000534
-0.075495 -0.075406 -0.075320  -0.000432
-0.070007 -0.069918 -0.069827  -0.000344
-0.064790 -0.064685 -0.064620  -0.000273
-0.059118 -0.059008 -0.058938  -0.000207
-0.053677 -0.053567 -0.053497  -0.000155
-0.048654 -0.048549 -0.048478  -0.000116
-0.043441 -0.043332 -0.043241  -0.000082
