-0.823374 -0.661251 -0.660421 -0.660116  -0.253878
-0.745225 -0.661251 -0.660421 -0.660116  -0.105294
-0.745225 -0.574549 -0.660421 -0.660116  -0.041479
-0.745225 -0.574549 -0.660421 -0.660116  -0.041479
-0.745225 -0.574549 -0.660421 -0.758142  0.083646
-0.745225 -0.574549 -0.660421 -0.758142  0.083646
-0.745225 -0.574549 -0.660421 -0.758142  0.083646
-0.745225 -0.574549 -0.736041 -0.758142  0.174041
-0.745225 -0.574549 -0.736041 -0.826125  0.308366
-0.745225 -0.574549 -0.736041 -0.826125  0.308366
-0.745225 -0.574549 -0.736041 -0.826125  0.308366
-0.745225 -0.574549 -0.782555 -0.826125  0.385816
-0.745225 -0.574549 -0.782555 -0.864722  0.484508
-0.745225 -0.574549 -0.782555 -0.864722  0.484508
-0.745225 -0.574549 -0.782555 -0.864722  0.484508
-0.745225 -0.574549 -0.799875 -0.864722  0.518453
-0.745225 -0.574549 -0.799875 -0.875065  0.548068
-0.745225 -0.574549 -0.799875 -0.875065  0.548068
-0.745225 -0.571032 -0.799875 -0.875065  0.549961
-0.745225 -0.571032 -0.799875 -0.875065  0.549961
-0.745225 -0.571032 -0.799875 -0.875065  0.549961
-0.721151 -0.571032 -0.799875 -0.875065  0.584764
-0.721151 -0.539951 -0.799875 -0.875065  0.599584
-0.721151 -0.539951 -0.799875 -0.875065  0.599584
-0.721151 -0.539951 -0.799875 -0.875065  0.599584
-0.668322 -0.539951 -0.799875 -0.875065  0.661297
-0.668322 -0.479927 -0.799875 -0.875065  0.681732
-0.668322 -0.479927 -0.799875 -0.875065  0.681732
-0.668322 -0.479927 -0.799875 -0.875065  0.681732
-0.587296 -0.479927 -0.799875 -0.875065  0.745194
-0.587296 -0.391738 -0.799875 -0.875065  0.761429
-0.587296 -0.391738 -0.799875 -0.875065  0.761429
-0.587296 -0.391738 -0.799875 -0.973339  1.121946
-0.587296 -0.391738 -0.799875 -0.973339  1.121946
-0.587296 -0.391738 -0.799875 -0.973339  1.121946
-0.587296 -0.391738 -0.876025 -0.973339  1.310443
-0.587296 -0.391738 -0.876025 -1.042053  1.665535
-0.587296 -0.391738 -0.876025 -1.042053  1.665535
-0.587296 -0.391738 -0.876025 -1.042053  1.665535
-0.587296 -0.391738 -0.923161 -1.042053  1.820098
-0.587296 -0.391738 -0.923161 -1.082174  2.075564
-0.587296 -0.391738 -0.923161 -1.082174  2.075564
-0.587296 -0.391738 -0.923161 -1.082174  2.075564
-0.587296 -0.391738 -0.942730 -1.082174  2.149705
-0.587296 -0.391738 -0.942730 -1.094627  2.237089
-0.587296 -0.391738 -0.942730 -1.094627  2.237089
-0.587296 -0.390512 -0.942730 -1.094627  2.237232
-0.587296 -0.390512 -0.942730 -1.094627  2.237232
-0.587296 -0.390512 -0.942730 -1.094627  2.237232
-0.565408 -0.390512 -0.942730 -1.094627  2.249317
-0.565408 -0.361557 -0.942730 -1.094627  2.252220
-0.565408 -0.361557 -0.942730 -1.094627  2.252220
-0.565408 -0.361557 -0.942730 -1.094627  2.252220
-0.503312 -0.361557 -0.942730 -1.094627  2.277705
-0.503312 -0.292508 -0.942730 -1.094627  2.281743
-0.503312 -0.292508 -0.942730 -1.094627  2.281743
-0.503312 -0.292508 -0.942730 -1.094627  2.281743
-0.411665 -0.292508 -0.942730 -1.094627  2.302219
-0.411665 -0.193955 -0.942730 -1.094627  2.304086
-0.411665 -0.193955 -1.037304 -1.094627  2.760427
-0.411665 -0.193955 -1.037304 -1.182299  3.499004
-0.411665 -0.193955 -1.037304 -1.182299  3.499004
-0.411665 -0.193955 -1.037304 -1.182299  3.499004
-0.411665 -0.193955 -1.103490 -1.182299  3.934261
-0.411665 -0.193955 -1.103490 -1.241190  4.569843
-0.411665 -0.193955 -1.103490 -1.241190  4.569843
-0.411665 -0.193955 -1.103490 -1.241190  4.569843
-0.411665 -0.193955 -1.140324 -1.241190  4.861774
-0.411665 -0.193955 -1.140324 -1.270620  5.227968
-0.411665 -0.193955 -1.140324 -1.270620  5.227968
-0.411665 -0.193955 -1.140324 -1.270620  5.227968
-0.411665 -0.193955 -1.149079 -1.270620  5.303129
-0.411665 -0.193955 -1.149079 -1.272179  5.323497
-0.405924 -0.193955 -1.149079 -1.272179  5.324299
-0.405924 -0.181298 -1.149079 -1.272179  5.324378
-0.405924 -0.181298 -1.149079 -1.272179  5.324378
-0.405924 -0.181298 -1.149079 -1.272179  5.324378
-0.372203 -0.181298 -1.149079 -1.272179  5.328256
-0.372203 -0.140628 -1.149079 -1.272179  5.328396
-0.372203 -0.140628 -1.149079 -1.272179  5.328396
-0.372203 -0.140628 -1.149079 -1.272179  5.328396
-0.310525 -0.140628 -1.149079 -1.272179  5.332652
-0.310525 -0.055015 -1.149079 -1.272179  5.332707
-0.310525 -0.055015 -1.149079 -1.272179  5.332707
-0.310525 -0.055015 -1.149079 -1.369098  6.810740
-0.310525 -0.055015 -1.149079 -1.369098  6.810740
-0.310525 -0.055015 -1.149079 -1.369098  6.810740
-0.310525 -0.055015 -1.224582 -1.369098  7.561269
-0.310525 -0.055015 -1.224582 -1.437871  8.897053
-0.310525 -0.055015 -1.224582 -1.437871  8.897053
-0.310525 -0.055015 -1.224582 -1.437871  8.897053
-0.310525 -0.055015 -1.272906 -1.437871  9.485014
-0.310525 -0.055015 -1.272906 -1.479522  10.428274
-0.274263 -0.055015 -1.272906 -1.479522  10.429610
-0.274263 -0.005439 -1.272906 -1.479522  10.429610
-0.274263 -0.005439 -1.272906 -1.479522  10.429610
-0.274263 -0.005439 -1.272906 -1.479522  10.429610
-0.183195 -0.005439 -1.272906 -1.479522  10.430956
-0.183195 -0.005439 -1.272906 -1.479522  10.430956
-0.183195 -0.005439 -1.355100 -1.479522  11.658518
-0.183195 -0.005439 -1.355100 -1.547539  13.444971
-0.183195 -0.005439 -1.355100 -1.547539  13.444971
-0.183195 -0.005439 -1.355100 -1.547539  13.444971
-0.183195 -0.005439 -1.384649 -1.547539  13.965371
-0.183195 -0.005439 -1.384649 -1.566393  14.519372
-0.183195 -0.005439 -1.384649 -1.566393  14.519372
-0.183195 -0.004844 -1.384649 -1.566393  14.519372
-0.183195 -0.004844 -1.384649 -1.566393  14.519372
-0.183195 -0.004844 -1.384649 -1.566393  14.519372
-0.149525 -0.004844 -1.384649 -1.566393  14.519504
-0.149525 0.039569 -1.384649 -1.566393  14.519504
-0.149525 0.039569 -1.384649 -1.566393  14.519504
-0.149525 0.039569 -1.384649 -1.566393  14.519504
-0.072052 0.039569 -1.384649 -1.566393  14.519576
-0.072052 0.128184 -1.384649 -1.566393  14.519611
-0.072052 0.128184 -1.484584 -1.566393  16.641306
-0.072052 0.128184 -1.484584 -1.655294  19.638759
-0.072052 0.128184 -1.484584 -1.655294  19.638759
-0.072052 0.128184 -1.484584 -1.655294  19.638759
-0.072052 0.128184 -1.538878 -1.655294  21.057508
-0.072052 0.128184 -1.538878 -1.699040  22.788777
-0.072052 0.128184 -1.538878 -1.699040  22.788777
-0.072052 0.128184 -1.538878 -1.699040  22.788777
-0.072052 0.128184 -1.538878 -1.699040  22.788777
-0.072052 0.128184 -1.538878 -1.699040  22.788777
-0.072052 0.128184 -1.538878 -1.699040  22.788777
-0.072052 0.128184 -1.538878 -1.699040  22.788777
-0.072052 0.128184 -1.604595 -1.699040  24.795766
-0.072052 0.128184 -1.604595 -1.751433  27.117646
-0.072052 0.128184 -1.604595 -1.751433  27.117646
-0.072052 0.128184 -1.604595 -1.751433  27.117646
-0.072052 0.128184 -1.618861 -1.751433  27.598999
-0.072052 0.128184 -1.618861 -1.754250  27.731926
-0.062175 0.128184 -1.618861 -1.754250  27.731927
-0.062175 0.151125 -1.618861 -1.754250  27.731971
-0.062175 0.151125 -1.618861 -1.754250  27.731971
-0.062175 0.151125 -1.618861 -1.754250  27.731971
0.000983 0.151125 -1.618861 -1.754250  27.731972
0.000983 0.227445 -1.618861 -1.754250  27.732502
0.000983 0.227445 -1.618861 -1.754250  27.732502
0.000983 0.227445 -1.618861 -1.851613  32.883805
0.000983 0.227445 -1.618861 -1.851613  32.883805
0.000983 0.227445 -1.618861 -1.851613  32.883805
0.000983 0.227445 -1.681130 -1.851613  35.193106
0.000983 0.227445 -1.681130 -1.898951  38.121174
0.000983 0.227445 -1.681130 -1.898951  38.121174
0.000983 0.227445 -1.681130 -1.898951  38.121174
0.000983 0.227445 -1.692574 -1.898951  38.584490
0.000983 0.227445 -1.692574 -1.898951  38.584490
0.015118 0.227445 -1.692574 -1.898951  38.584490
0.015118 0.254131 -1.692574 -1.898951  38.584942
0.015118 0.254131 -1.692574 -1.898951  38.584942
0.015118 0.254131 -1.692574 -1.898951  38.584942
0.079969 0.254131 -1.692574 -1.898951  38.584945
0.079969 0.331637 -1.692574 -1.898951  38.587896
0.079969 0.331637 -1.692574 -1.898951  38.587896
0.079969 0.331637 -1.692574 -1.998707  45.791858
0.079969 0.331637 -1.692574 -1.998707  45.791858
0.079969 0.331637 -1.692574 -1.998707  45.791858
0.079969 0.331637 -1.762808 -1.998707  48.923232
0.079969 0.331637 -1.762808 -2.059805  54.105769
0.079969 0.331637 -1.762808 -2.059805  54.105769
0.079969 0.331637 -1.762808 -2.059805  54.105769
0.079969 0.331637 -1.792941 -2.059805  55.611310
0.079969 0.331637 -1.792941 -2.079220  57.392063
0.079969 0.331637 -1.792941 -2.079220  57.392063
0.079969 0.341658 -1.792941 -2.079220  57.392706
0.079969 0.341658 -1.792941 -2.079220  57.392706
0.079969 0.341658 -1.792941 -2.079220  57.392706
0.124853 0.341658 -1.792941 -2.079220  57.392733
0.124853 0.397154 -1.792941 -2.079220  57.397959
0.124853 0.397154 -1.792941 -2.079220  57.397959
0.124853 0.397154 -1.792941 -2.079220  57.397959
0.213358 0.397154 -1.792941 -2.079220  57.398371
0.213358 0.495566 -1.792941 -2.079220  57.418379
0.213358 0.495566 -1.883582 -2.079220  62.599781
0.213358 0.495566 -1.883582 -2.157305  70.465750
0.213358 0.495566 -1.883582 -2.157305  70.465750
0.213358 0.495566 -1.883582 -2.157305  70.465750
0.213358 0.495566 -1.925537 -2.157305  73.226591
0.213358 0.495566 -1.925537 -2.187084  76.541856
0.213358 0.495566 -1.925537 -2.187084  76.541856
0.213358 0.495566 -1.925537 -2.187084  76.541856
0.213358 0.495566 -1.925537 -2.187084  76.541856
0.213358 0.495566 -1.925537 -2.187084  76.541856
0.244136 0.495566 -1.925537 -2.187084  76.542281
0.244136 0.538126 -1.925537 -2.187084  76.557518
0.244136 0.538126 -1.925537 -2.187084  76.557518
0.244136 0.538126 -1.925537 -2.187084  76.557518
0.320368 0.538126 -1.925537 -2.187084  76.560025
0.320368 0.625135 -1.925537 -2.187084  76.610370
0.320368 0.625135 -1.925537 -2.187084  76.610370
0.320368 0.625135 -1.925537 -2.275382  87.560933
0.320368 0.625135 -1.925537 -2.275382  87.560933
0.320368 0.625135 -1.925537 -2.275382  87.560933
0.320368 0.625135 -1.979816 -2.275382  91.508155
0.320368 0.625135 -1.979816 -2.318125  97.456108
0.320368 0.625135 -1.979816 -2.318125  97.456108
0.320368 0.625135 -1.979816 -2.318125  97.456108
0.320368 0.625135 -1.986667 -2.318125  97.986074
0.320368 0.625135 -1.986667 -2.318125  97.986074
0.335150 0.625135 -1.986667 -2.318125  97.986927
0.335150 0.651382 -1.986667 -2.318125  98.008724
0.335150 0.651382 -1.986667 -2.318125  98.008724
0.335150 0.651382 -1.986667 -2.318125  98.008724
0.393865 0.651382 -1.986667 -2.318125  98.013974
0.393865 0.721053 -1.986667 -2.318125  98.091618
0.393865 0.721053 -1.986667 -2.318125  98.091618
0.393865 0.721053 -1.986667 -2.318125  98.091618
0.393865 0.721053 -1.986667 -2.318125  98.091618
0.393865 0.721053 -1.986667 -2.318125  98.091618
0.393865 0.721053 -2.058739 -2.318125  104.127487
0.393865 0.721053 -2.058739 -2.377413  113.136933
0.393865 0.721053 -2.058739 -2.377413  113.136933
0.393865 0.721053 -2.058739 -2.377413  113.136933
0.393865 0.721053 -2.080680 -2.377413  115.150120
0.393865 0.721053 -2.080680 -2.387229  116.731066
0.395076 0.721053 -2.080680 -2.387229  116.731213
0.395076 0.735228 -2.080680 -2.387229  116.751140
0.395076 0.735228 -2.080680 -2.387229  116.751140
0.395076 0.735228 -2.080680 -2.387229  116.751140
0.444489 0.735228 -2.080680 -2.387229  116.758865
0.444489 0.796167 -2.080680 -2.387229  116.863932
0.444489 0.796167 -2.080680 -2.387229  116.863932
0.444489 0.796167 -2.080680 -2.387229  116.863932
0.541366 0.796167 -2.080680 -2.387229  116.893082
0.541366 0.796167 -2.080680 -2.387229  116.893082
0.541366 0.796167 -2.155726 -2.387229  124.451675
0.541366 0.796167 -2.155726 -2.450000  135.195117
0.541366 0.796167 -2.155726 -2.450000  135.195117
0.541366 0.796167 -2.155726 -2.450000  135.195117
0.541366 0.796167 -2.179835 -2.450000  137.857292
0.541366 0.796167 -2.179835 -2.461264  139.905305
0.543526 0.796167 -2.179835 -2.461264  139.906240
0.543526 0.811304 -2.179835 -2.461264  139.937830
0.543526 0.811304 -2.179835 -2.461264  139.937830
0.543526 0.811304 -2.179835 -2.461264  139.937830
0.596182 0.811304 -2.179835 -2.461264  139.965712
0.596182 0.873832 -2.179835 -2.461264  140.123711
0.596182 0.873832 -2.179835 -2.461264  140.123711
0.596182 0.873832 -2.179835 -2.461264  140.123711
0.690020 0.873832 -2.179835 -2.461264  140.204820
0.690020 0.873832 -2.179835 -2.461264  140.204820
0.690020 0.873832 -2.263140 -2.461264  150.356091
0.690020 0.873832 -2.263140 -2.532517  164.209056
0.690020 0.873832 -2.263140 -2.532517  164.209056
0.690020 0.873832 -2.263140 -2.532517  164.209056
0.690020 0.873832 -2.350140 -2.532517  176.532172
0.690020 0.873832 -2.350140 -2.602631  191.773794
0.690020 0.873832 -2.350140 -2.602631  191.773794
0.690020 0.873832 -2.350140 -2.602631  191.773794
0.690020 0.873832 -2.385814 -2.602631  197.382696
0.690020 0.873832 -2.385814 -2.626072  202.858170
0.690020 0.873832 -2.385814 -2.626072  202.858170
0.690020 0.873832 -2.385814 -2.626072  202.858170
0.690020 0.873832 -2.385814 -2.626072  202.858170
0.690020 0.873832 -2.385814 -2.626072  202.858170
0.724242 0.873832 -2.385814 -2.626072  202.901003
0.724242 0.920267 -2.385814 -2.626072  203.051550
0.724242 0.920267 -2.385814 -2.626072  203.051550
0.724242 0.920267 -2.385814 -2.626072  203.051550
0.806371 0.920267 -2.385814 -2.626072  203.193227
0.806371 1.014454 -2.385814 -2.626072  203.607574
0.806371 1.014454 -2.479347 -2.626072  219.995488
0.806371 1.014454 -2.479347 -2.707202  240.516821
0.806371 1.014454 -2.479347 -2.707202  240.516821
0.806371 1.014454 -2.479347 -2.707202  240.516821
0.806371 1.014454 -2.522492 -2.707202  248.957246
0.806371 1.014454 -2.522492 -2.738451  257.545679
0.806371 1.014454 -2.522492 -2.738451  257.545679
0.806371 1.014454 -2.522492 -2.738451  257.545679
0.806371 1.014454 -2.522492 -2.738451  257.545679
0.806371 1.014454 -2.522492 -2.738451  257.545679
0.830252 1.014454 -2.522492 -2.738451  257.599245
0.830252 1.049923 -2.522492 -2.738451  257.800670
0.830252 1.049923 -2.522492 -2.738451  257.800670
0.830252 1.049923 -2.522492 -2.738451  257.800670
0.900370 1.049923 -2.522492 -2.738451  257.997874
0.900370 1.130567 -2.522492 -2.738451  258.569127
0.900370 1.130567 -2.522492 -2.738451  258.569127
0.900370 1.130567 -2.522492 -2.835504  287.863049
0.900370 1.130567 -2.522492 -2.835504  287.863049
0.900370 1.130567 -2.522492 -2.835504  287.863049
0.900370 1.130567 -2.587186 -2.835504  301.648800
0.900370 1.130567 -2.587186 -2.887377  319.039779
0.900370 1.130567 -2.587186 -2.887377  319.039779
0.900370 1.130567 -2.587186 -2.887377  319.039779
0.900370 1.130567 -2.603738 -2.887377  322.795296
0.900370 1.130567 -2.603738 -2.890879  324.015145
0.909087 1.130567 -2.603738 -2.890879  324.044348
0.909087 1.150417 -2.603738 -2.890879  324.212285
0.909087 1.150417 -2.603738 -2.890879  324.212285
0.909087 1.150417 -2.603738 -2.890879  324.212285
0.965085 1.150417 -2.603738 -2.890879  324.428572
0.965085 1.219207 -2.603738 -2.890879  325.107507
0.965085 1.219207 -2.603738 -2.890879  325.107507
0.965085 1.219207 -2.603738 -2.890879  325.107507
0.965085 1.219207 -2.603738 -2.890879  325.107507
0.965085 1.219207 -2.603738 -2.890879  325.107507
0.965085 1.219207 -2.674789 -2.890879  342.351194
0.965085 1.219207 -2.674789 -2.950774  364.152333
0.965085 1.219207 -2.674789 -2.950774  364.152333
0.965085 1.219207 -2.674789 -2.950774  364.152333
0.965085 1.219207 -2.701202 -2.950774  371.047099
0.965085 1.219207 -2.701202 -2.965841  376.816762
0.965085 1.219207 -2.701202 -2.965841  376.816762
0.965085 1.227102 -2.701202 -2.965841  376.905121
0.965085 1.227102 -2.701202 -2.965841  376.905121
0.965085 1.227102 -2.701202 -2.965841  376.905121
1.004248 1.227102 -2.701202 -2.965841  377.089344
1.004248 1.276221 -2.701202 -2.965841  377.692606
1.004248 1.276221 -2.701202 -2.965841  377.692606
1.004248 1.276221 -2.701202 -2.965841  377.692606
1.086897 1.276221 -2.701202 -2.965841  378.188033
1.086897 1.368968 -2.701202 -2.965841  379.610503
1.086897 1.368968 -2.796905 -2.965841  406.956354
1.086897 1.368968 -2.796905 -3.049984  441.408886
1.086897 1.368968 -2.796905 -3.049984  441.408886
1.086897 1.368968 -2.796905 -3.049984  441.408886
1.086897 1.368968 -2.847827 -3.049984  457.567362
1.086897 1.368968 -2.847827 -3.087506  474.206447
1.086897 1.368968 -2.847827 -3.087506  474.206447
1.086897 1.368968 -2.847827 -3.087506  474.206447
1.086897 1.368968 -2.850576 -3.087506  475.112340
1.086897 1.368968 -2.850576 -3.087506  475.112340
1.109942 1.368968 -2.850576 -3.087506  475.280110
1.109942 1.404468 -2.850576 -3.087506  475.936695
1.109942 1.404468 -2.850576 -3.087506  475.936695
1.109942 1.404468 -2.850576 -3.087506  475.936695
1.134366 1.404468 -2.850576 -3.087506  476.130378
1.134366 1.443180 -2.850576 -3.087506  476.926162
1.134366 1.443180 -2.850576 -3.087506  476.926162
1.134366 1.443180 -2.850576 -3.087506  476.926162
1.210975 1.443180 -2.850576 -3.087506  477.652075
1.210975 1.532994 -2.850576 -3.087506  479.858149
1.210975 1.532994 -2.947908 -3.087506  514.261890
1.210975 1.532994 -2.947908 -3.171841  554.731732
1.210975 1.532994 -2.947908 -3.171841  554.731732
1.210975 1.532994 -2.947908 -3.171841  554.731732
1.210975 1.532994 -2.993660 -3.171841  572.552278
1.210975 1.532994 -2.993660 -3.204987  589.680848
1.210975 1.532994 -2.993660 -3.204987  589.680848
1.210975 1.532994 -2.993660 -3.204987  589.680848
1.210975 1.532994 -2.993660 -3.204987  589.680848
1.210975 1.532994 -2.993660 -3.204987  589.680848
1.240246 1.532994 -2.993660 -3.204987  590.011173
1.240246 1.574963 -2.993660 -3.204987  591.235316
1.240246 1.574963 -2.993660 -3.204987  591.235316
1.240246 1.574963 -2.993660 -3.204987  591.235316
1.319445 1.574963 -2.993660 -3.204987  592.299823
1.319445 1.666204 -2.993660 -3.204987  595.451468
1.319445 1.666204 -3.090352 -3.204987  636.872217
1.319445 1.666204 -3.090352 -3.290327  684.356933
1.319445 1.666204 -3.090352 -3.290327  684.356933
1.319445 1.666204 -3.090352 -3.290327  684.356933
1.319445 1.666204 -3.142964 -3.290327  709.180931
1.319445 1.666204 -3.142964 -3.332760  734.697940
1.319445 1.666204 -3.142964 -3.332760  734.697940
1.319445 1.666204 -3.142964 -3.332760  734.697940
1.319445 1.666204 -3.153783 -3.332760  740.012970
1.319445 1.666204 -3.153783 -3.333173  740.267851
1.328898 1.666204 -3.153783 -3.333173  740.413170
1.328898 1.685713 -3.153783 -3.333173  741.182775
1.328898 1.685713 -3.153783 -3.333173  741.182775
1.328898 1.685713 -3.153783 -3.333173  741.182775
1.380475 1.685713 -3.153783 -3.333173  742.051936
1.380475 1.749812 -3.153783 -3.333173  744.844355
1.380475 1.749812 -3.153783 -3.333173  744.844355
1.380475 1.749812 -3.153783 -3.333173  744.844355
1.380475 1.749812 -3.153783 -3.333173  744.844355
1.380475 1.749812 -3.153783 -3.333173  744.844355
1.380475 1.749812 -3.228163 -3.333173  783.413381
1.380475 1.749812 -3.228163 -3.394566  822.724897
1.380475 1.749812 -3.228163 -3.394566  822.724897
1.380475 1.749812 -3.228163 -3.394566  822.724897
1.380475 1.749812 -3.250135 -3.394566  834.818914
1.380475 1.749812 -3.250135 -3.403294  840.643425
1.383790 1.749812 -3.250135 -3.403294  840.703913
1.383790 1.766773 -3.250135 -3.403294  841.514522
1.383790 1.766773 -3.250135 -3.403294  841.514522
1.383790 1.766773 -3.250135 -3.403294  841.514522
1.439470 1.766773 -3.250135 -3.403294  842.620864
1.439470 1.835587 -3.250135 -3.403294  846.244901
1.439470 1.835587 -3.250135 -3.403294  846.244901
1.439470 1.835587 -3.250135 -3.403294  846.244901
1.439470 1.835587 -3.250135 -3.403294  846.244901
1.439470 1.835587 -3.250135 -3.403294  846.244901
1.439470 1.835587 -3.315859 -3.403294  884.427673
1.439470 1.835587 -3.315859 -3.456340  921.135449
1.439470 1.835587 -3.315859 -3.456340  921.135449
1.439470 1.835587 -3.315859 -3.456340  921.135449
1.439470 1.835587 -3.329057 -3.456340  929.176142
1.439470 1.835587 -3.329057 -3.456660  929.404315
1.451967 1.835587 -3.329057 -3.456660  929.677287
1.451967 1.860868 -3.329057 -3.456660  931.152368
1.451967 1.860868 -3.329057 -3.456660  931.152368
1.451967 1.860868 -3.329057 -3.456660  931.152368
1.516104 1.860868 -3.329057 -3.456660  932.709262
1.516104 1.937636 -3.329057 -3.456660  937.707741
1.516104 1.937636 -3.329057 -3.456660  937.707741
1.516104 1.937636 -3.329057 -3.554387  1011.526131
1.516104 1.937636 -3.329057 -3.554387  1011.526131
1.516104 1.937636 -3.329057 -3.554387  1011.526131
1.516104 1.937636 -3.390303 -3.554387  1050.548748
1.516104 1.937636 -3.390303 -3.604155  1091.394341
1.516104 1.937636 -3.390303 -3.604155  1091.394341
1.516104 1.937636 -3.390303 -3.604155  1091.394341
1.516104 1.937636 -3.406940 -3.604155  1102.492354
1.516104 1.937636 -3.406940 -3.608346  1106.036403
1.523814 1.937636 -3.406940 -3.608346  1106.242158
1.523814 1.956469 -3.406940 -3.608346  1107.595521
1.523814 1.956469 -3.428041 -3.608346  1121.987031
1.523814 1.956469 -3.428041 -3.615023  1127.667431
1.530290 1.956469 -3.428041 -3.615023  1127.843511
1.530290 1.974713 -3.428041 -3.615023  1129.205205
1.530290 1.974713 -3.428041 -3.615023  1129.205205
1.530290 1.974713 -3.428041 -3.615023  1129.205205
1.585684 1.974713 -3.428041 -3.615023  1130.838119
1.585684 2.042553 -3.428041 -3.615023  1136.362749
1.585684 2.042553 -3.428041 -3.615023  1136.362749
1.585684 2.042553 -3.428041 -3.615023  1136.362749
1.585684 2.042553 -3.428041 -3.615023  1136.362749
1.585684 2.042553 -3.428041 -3.615023  1136.362749
1.585684 2.042553 -3.500155 -3.615023  1188.296516
1.585684 2.042553 -3.500155 -3.675627  1241.811511
1.585684 2.042553 -3.500155 -3.675627  1241.811511
1.585684 2.042553 -3.500155 -3.675627  1241.811511
1.585684 2.042553 -3.526265 -3.675627  1261.700131
1.585684 2.042553 -3.526265 -3.690226  1275.129832
1.585684 2.042553 -3.526265 -3.690226  1275.129832
1.585684 2.051585 -3.526265 -3.690226  1275.922861
1.585684 2.051585 -3.526265 -3.690226  1275.922861
1.585684 2.051585 -3.526265 -3.690226  1275.922861
1.632633 2.051585 -3.526265 -3.690226  1277.497490
1.632633 2.111598 -3.526265 -3.690226  1283.133573
1.632633 2.111598 -3.526265 -3.690226  1283.133573
1.632633 2.111598 -3.526265 -3.690226  1283.133573
1.730180 2.111598 -3.526265 -3.690226  1287.038418
1.730180 2.111598 -3.526265 -3.690226  1287.038418
1.730180 2.111598 -3.603092 -3.690226  1349.077349
1.730180 2.111598 -3.603092 -3.754491  1410.777218
1.730180 2.111598 -3.603092 -3.754491  1410.777218
1.730180 2.111598 -3.603092 -3.754491  1410.777218
1.730180 2.111598 -3.629118 -3.754491  1433.028111
1.730180 2.111598 -3.629118 -3.767649  1446.192288
1.730189 2.111598 -3.629118 -3.767649  1446.192715
1.730189 2.124314 -3.629118 -3.767649  1447.472125
1.730189 2.124314 -3.629118 -3.767649  1447.472125
1.730189 2.124314 -3.629118 -3.767649  1447.472125
1.780535 2.124314 -3.629118 -3.767649  1449.863112
1.780535 2.187177 -3.629118 -3.767649  1456.654214
1.780535 2.187177 -3.629118 -3.767649  1456.654214
1.780535 2.187177 -3.629118 -3.767649  1456.654214
1.780535 2.187177 -3.629118 -3.767649  1456.654214
1.780535 2.187177 -3.629118 -3.767649  1456.654214
1.780535 2.187177 -3.703188 -3.767649  1523.572684
1.780535 2.187177 -3.703188 -3.828932  1587.358566
1.780535 2.187177 -3.703188 -3.828932  1587.358566
1.780535 2.187177 -3.703188 -3.828932  1587.358566
1.780535 2.187177 -3.726563 -3.828932  1609.617047
1.780535 2.187177 -3.726563 -3.839539  1621.078934
1.782390 2.187177 -3.726563 -3.839539  1621.172335
1.782390 2.201468 -3.726563 -3.839539  1622.829012
1.782390 2.201468 -3.726563 -3.839539  1622.829012
1.782390 2.201468 -3.726563 -3.839539  1622.829012
1.836344 2.201468 -3.726563 -3.839539  1625.721691
1.836344 2.268513 -3.726563 -3.839539  1634.089967
1.836344 2.268513 -3.726563 -3.839539  1634.089967
1.836344 2.268513 -3.726563 -3.839539  1634.089967
1.836344 2.268513 -3.726563 -3.839539  1634.089967
1.836344 2.268513 -3.726563 -3.839539  1634.089967
1.836344 2.268513 -3.796621 -3.839539  1704.234781
1.836344 2.268513 -3.796621 -3.897038  1768.615380
1.836344 2.268513 -3.796621 -3.897038  1768.615380
1.836344 2.268513 -3.796621 -3.897038  1768.615380
1.836344 2.268513 -3.815515 -3.897038  1788.439248
1.836344 2.268513 -3.815515 -3.903152  1795.512558
1.843026 2.268513 -3.815515 -3.903152  1795.895240
1.843026 2.286948 -3.815515 -3.903152  1798.376351
1.843026 2.286948 -3.815515 -3.903152  1798.376351
1.843026 2.286948 -3.815515 -3.903152  1798.376351
1.898479 2.286948 -3.815515 -3.903152  1801.773758
1.898479 2.354150 -3.815515 -3.903152  1811.521280
1.898479 2.354150 -3.815515 -3.903152  1811.521280
1.898479 2.354150 -3.815515 -3.903152  1811.521280
1.898479 2.354150 -3.815515 -3.903152  1811.521280
1.898479 2.354150 -3.815515 -3.903152  1811.521280
1.898479 2.354150 -3.882738 -3.903152  1885.312081
1.898479 2.354150 -3.882738 -3.957398  1950.035990
1.898479 2.354150 -3.882738 -3.957398  1950.035990
1.898479 2.354150 -3.882738 -3.957398  1950.035990
1.898479 2.354150 -3.955530 -3.957398  2035.915884
1.898479 2.354150 -3.955530 -4.011606  2104.239222
1.898479 2.354150 -3.955530 -4.011606  2104.239222
1.898479 2.354150 -3.955530 -4.011606  2104.239222
1.898479 2.354150 -3.968676 -4.011606  2120.437637
1.898479 2.354150 -3.968676 -4.012059  2121.024748
1.910515 2.354150 -3.968676 -4.012059  2121.816489
1.910515 2.378984 -3.968676 -4.012059  2125.711516
1.910515 2.378984 -3.968676 -4.012059  2125.711516
1.910515 2.378984 -3.968676 -4.012059  2125.711516
1.973679 2.378984 -3.968676 -4.012059  2130.206764
1.973679 2.454675 -3.968676 -4.012059  2143.125236
1.973679 2.454675 -3.968676 -4.012059  2143.125236
1.973679 2.454675 -3.968676 -4.111571  2278.599220
1.973679 2.454675 -3.968676 -4.111571  2278.599220
1.973679 2.454675 -3.968676 -4.111571  2278.599220
1.973679 2.454675 -4.029171 -4.111571  2355.957484
1.973679 2.454675 -4.029171 -4.159471  2426.015333
1.973679 2.454675 -4.029171 -4.159471  2426.015333
1.973679 2.454675 -4.029171 -4.159471  2426.015333
1.973679 2.454675 -4.038864 -4.159471  2438.850366
1.973679 2.454675 -4.038864 -4.159471  2438.850366
1.989770 2.454675 -4.038864 -4.159471  2440.091307
1.989770 2.483406 -4.038864 -4.159471  2445.430338
1.989770 2.483406 -4.038864 -4.159471  2445.430338
1.989770 2.483406 -4.038864 -4.159471  2445.430338
2.056661 2.483406 -4.038864 -4.159471  2451.037491
2.056661 2.562744 -4.038864 -4.159471  2467.121171
2.056661 2.562744 -4.038864 -4.159471  2467.121171
2.056661 2.562744 -4.038864 -4.255241  2617.209592
2.056661 2.562744 -4.038864 -4.255241  2617.209592
2.056661 2.562744 -4.038864 -4.255241  2617.209592
2.056661 2.562744 -4.097361 -4.255241  2697.326215
2.056661 2.562744 -4.097361 -4.301145  2774.220383
2.056661 2.562744 -4.097361 -4.301145  2774.220383
2.056661 2.562744 -4.097361 -4.301145  2774.220383
2.056661 2.562744 -4.105281 -4.301145  2785.425108
2.056661 2.562744 -4.105281 -4.301145  2785.425108
2.073680 2.562744 -4.105281 -4.301145  2786.973037
2.073680 2.592708 -4.105281 -4.301145  2793.588316
2.073680 2.592708 -4.105281 -4.301145  2793.588316
2.073680 2.592708 -4.105281 -4.301145  2793.588316
2.142431 2.592708 -4.105281 -4.301145  2800.380386
2.142431 2.673875 -4.105281 -4.301145  2819.903696
2.142431 2.673875 -4.105281 -4.301145  2819.903696
2.142431 2.673875 -4.105281 -4.394160  2986.107800
2.142431 2.673875 -4.105281 -4.394160  2986.107800
2.142431 2.673875 -4.105281 -4.394160  2986.107800
2.142431 2.673875 -4.157637 -4.394160  3062.382500
2.142431 2.673875 -4.157637 -4.432809  3135.706114
2.142431 2.673875 -4.157637 -4.432809  3135.706114
2.142431 2.673875 -4.157637 -4.432809  3135.706114
2.142431 2.673875 -4.157637 -4.432809  3135.706114
2.142431 2.673875 -4.157637 -4.432809  3135.706114
2.170032 2.673875 -4.157637 -4.432809  3138.689613
2.170032 2.714013 -4.157637 -4.432809  3149.260953
2.170032 2.714013 -4.157637 -4.432809  3149.260953
2.170032 2.714013 -4.157637 -4.432809  3149.260953
2.250335 2.714013 -4.157637 -4.432809  3158.848388
2.250335 2.807034 -4.157637 -4.432809  3185.873230
2.250335 2.807034 -4.251834 -4.432809  3333.128506
2.250335 2.807034 -4.251834 -4.513995  3495.712161
2.250335 2.807034 -4.251834 -4.513995  3495.712161
2.250335 2.807034 -4.251834 -4.513995  3495.712161
2.250335 2.807034 -4.294197 -4.513995  3566.330227
2.250335 2.807034 -4.294197 -4.543294  3627.948293
2.250335 2.807034 -4.294197 -4.543294  3627.948293
2.250335 2.807034 -4.294197 -4.543294  3627.948293
2.250335 2.807034 -4.294197 -4.543294  3627.948293
