-0.172413 -0.957352 -0.956405 -0.956006  0.794429
-0.172413 -0.957352 -0.956405 -0.956006  0.794429
-0.172413 -0.957352 -0.956405 -0.956006  0.794429
-0.172413 -0.957352 -1.015794 -0.956006  1.075712
-0.172413 -0.957352 -1.015794 -1.001501  1.284689
-0.172413 -0.957352 -1.015794 -1.001501  1.284689
-0.172413 -0.957352 -1.015794 -1.001501  1.284689
-0.172413 -0.957352 -1.022646 -1.001501  1.321660
-0.172413 -0.957352 -1.022646 -1.001501  1.321660
-0.152826 -0.957352 -1.022646 -1.001501  1.321729
-0.152826 -0.924668 -1.022646 -1.001501  1.449945
-0.152826 -0.924668 -1.022646 -1.001501  1.449945
-0.152826 -0.924668 -1.022646 -1.001501  1.449945
-0.078881 -0.924668 -1.022646 -1.001501  1.450025
-0.078881 -0.838036 -1.022646 -1.001501  1.712654
-0.078881 -0.838036 -1.022646 -1.001501  1.712654
-0.078881 -0.838036 -1.022646 -1.092153  2.259008
-0.078881 -0.838036 -1.022646 -1.092153  2.259008
-0.078881 -0.838036 -1.022646 -1.092153  2.259008
-0.078881 -0.838036 -1.076533 -1.092153  2.586427
-0.078881 -0.838036 -1.076533 -1.133366  2.902588
-0.078881 -0.838036 -1.076533 -1.133366  2.902588
-0.078881 -0.838036 -1.076533 -1.133366  2.902588
-0.078881 -0.838036 -1.082048 -1.133366  2.940009
-0.078881 -0.838036 -1.082048 -1.133366  2.940009
-0.063957 -0.838036 -1.082048 -1.133366  2.940011
-0.063957 -0.812472 -1.082048 -1.133366  2.999323
-0.063957 -0.812472 -1.082048 -1.133366  2.999323
-0.063957 -0.812472 -1.082048 -1.133366  2.999323
-0.004304 -0.812472 -1.082048 -1.133366  2.999324
-0.004304 -0.741341 -1.082048 -1.133366  3.129438
-0.004304 -0.741341 -1.082048 -1.133366  3.129438
-0.004304 -0.741341 -1.082048 -1.133366  3.129438
-0.004304 -0.741341 -1.082048 -1.133366  3.129438
-0.004304 -0.741341 -1.082048 -1.133366  3.129438
-0.004304 -0.741341 -1.152347 -1.133366  3.678093
-0.004304 -0.741341 -1.152347 -1.191637  4.210858
-0.004304 -0.741341 -1.152347 -1.191637  4.210858
-0.004304 -0.741341 -1.152347 -1.191637  4.210858
-0.004304 -0.741341 -1.175831 -1.191637  4.426516
-0.004304 -0.741341 -1.175831 -1.202502  4.538081
-0.003365 -0.741341 -1.175831 -1.202502  4.538081
-0.003365 -0.728809 -1.175831 -1.202502  4.556378
-0.003365 -0.728809 -1.175831 -1.202502  4.556378
-0.003365 -0.728809 -1.175831 -1.202502  4.556378
0.044325 -0.728809 -1.175831 -1.202502  4.556378
0.044325 -0.667497 -1.175831 -1.202502  4.629490
0.044325 -0.667497 -1.175831 -1.202502  4.629490
0.044325 -0.667497 -1.175831 -1.202502  4.629490
0.143881 -0.667497 -1.175831 -1.202502  4.629552
0.143881 -0.667497 -1.175831 -1.202502  4.629552
0.143881 -0.667497 -1.252344 -1.202502  5.462409
0.143881 -0.667497 -1.252344 -1.266412  6.205472
0.143881 -0.667497 -1.252344 -1.266412  6.205472
0.143881 -0.667497 -1.252344 -1.266412  6.205472
0.143881 -0.667497 -1.278351 -1.266412  6.538892
0.143881 -0.667497 -1.278351 -1.279869  6.715673
0.143881 -0.667497 -1.278351 -1.279869  6.715673
0.143881 -0.657996 -1.278351 -1.279869  6.724839
0.143881 -0.657996 -1.278351 -1.279869  6.724839
0.143881 -0.657996 -1.278351 -1.279869  6.724839
0.187438 -0.657996 -1.278351 -1.279869  6.725009
0.187438 -0.603055 -1.278351 -1.279869  6.768593
0.187438 -0.603055 -1.278351 -1.279869  6.768593
0.187438 -0.603055 -1.278351 -1.279869  6.768593
0.273723 -0.603055 -1.278351 -1.279869  6.769898
0.273723 -0.504190 -1.278351 -1.279869  6.817076
0.273723 -0.504190 -1.368104 -1.279869  8.196049
0.273723 -0.504190 -1.368104 -1.357995  9.380228
0.273723 -0.504190 -1.368104 -1.357995  9.380228
0.273723 -0.504190 -1.368104 -1.357995  9.380228
0.273723 -0.504190 -1.411154 -1.357995  10.183286
0.273723 -0.504190 -1.411154 -1.387978  10.716148
0.273723 -0.504190 -1.411154 -1.387978  10.716148
0.273723 -0.504190 -1.411154 -1.387978  10.716148
0.273723 -0.504190 -1.411154 -1.387978  10.716148
0.273723 -0.504190 -1.411154 -1.387978  10.716148
0.305857 -0.504190 -1.411154 -1.387978  10.717288
0.305857 -0.460069 -1.411154 -1.387978  10.729258
0.305857 -0.460069 -1.411154 -1.387978  10.729258
0.305857 -0.460069 -1.411154 -1.387978  10.729258
0.388062 -0.460069 -1.411154 -1.387978  10.735382
0.388062 -0.365802 -1.411154 -1.387978  10.749444
0.388062 -0.365802 -1.443766 -1.387978  11.426636
0.388062 -0.365802 -1.443766 -1.405654  11.763102
0.388062 -0.365802 -1.443766 -1.405654  11.763102
0.388062 -0.361075 -1.443766 -1.405654  11.763515
0.388062 -0.361075 -1.443766 -1.405654  11.763515
0.388062 -0.361075 -1.443766 -1.405654  11.763515
0.430233 -0.361075 -1.443766 -1.405654  11.769455
0.430233 -0.308314 -1.443766 -1.405654  11.772806
0.430233 -0.308314 -1.443766 -1.405654  11.772806
0.430233 -0.308314 -1.443766 -1.405654  11.772806
0.518346 -0.308314 -1.443766 -1.405654  11.795485
0.518346 -0.308314 -1.443766 -1.405654  11.795485
0.518346 -0.308314 -1.530366 -1.405654  13.916499
0.518346 -0.308314 -1.530366 -1.481108  15.556205
0.518346 -0.308314 -1.530366 -1.481108  15.556205
0.518346 -0.308314 -1.530366 -1.481108  15.556205
0.518346 -0.308314 -1.573817 -1.481108  16.817491
0.518346 -0.308314 -1.573817 -1.513231  17.624684
0.518346 -0.308314 -1.573817 -1.513231  17.624684
0.518346 -0.308314 -1.573817 -1.513231  17.624684
0.518346 -0.308314 -1.573817 -1.513231  17.624684
0.518346 -0.308314 -1.573817 -1.513231  17.624684
0.542748 -0.308314 -1.573817 -1.513231  17.634361
0.542748 -0.272196 -1.573817 -1.513231  17.635653
0.542748 -0.272196 -1.573817 -1.513231  17.635653
0.542748 -0.272196 -1.573817 -1.513231  17.635653
0.613040 -0.272196 -1.573817 -1.513231  17.675141
0.613040 -0.188097 -1.573817 -1.513231  17.676400
0.613040 -0.188097 -1.573817 -1.513231  17.676400
0.613040 -0.188097 -1.573817 -1.606757  20.450844
0.613040 -0.188097 -1.573817 -1.606757  20.450844
0.613040 -0.188097 -1.573817 -1.606757  20.450844
0.613040 -0.188097 -1.631726 -1.606757  22.362822
0.613040 -0.188097 -1.631726 -1.652917  23.992056
0.613040 -0.188097 -1.631726 -1.652917  23.992056
0.613040 -0.188097 -1.631726 -1.652917  23.992056
0.613040 -0.188097 -1.644659 -1.652917  24.457815
0.613040 -0.188097 -1.644659 -1.654452  24.515221
0.623686 -0.188097 -1.644659 -1.654452  24.523004
0.623686 -0.165793 -1.644659 -1.654452  24.523115
0.623686 -0.165793 -1.644659 -1.654452  24.523115
0.623686 -0.165793 -1.644659 -1.654452  24.523115
0.680057 -0.165793 -1.644659 -1.654452  24.574199
0.680057 -0.099068 -1.644659 -1.654452  24.574315
0.680057 -0.099068 -1.644659 -1.654452  24.574315
0.680057 -0.099068 -1.644659 -1.654452  24.574315
0.680057 -0.099068 -1.644659 -1.654452  24.574315
0.680057 -0.099068 -1.644659 -1.654452  24.574315
0.680057 -0.099068 -1.719337 -1.654452  27.565825
0.680057 -0.099068 -1.719337 -1.717660  30.121644
0.680057 -0.099068 -1.719337 -1.717660  30.121644
0.680057 -0.099068 -1.719337 -1.717660  30.121644
0.680057 -0.099068 -1.747535 -1.717660  31.394804
0.680057 -0.099068 -1.747535 -1.734133  32.125638
0.680057 -0.099068 -1.747535 -1.734133  32.125638
0.680057 -0.092863 -1.747535 -1.734133  32.125641
0.680057 -0.092863 -1.747535 -1.734133  32.125641
0.680057 -0.092863 -1.747535 -1.734133  32.125641
0.720085 -0.092863 -1.747535 -1.734133  32.173793
0.720085 -0.040929 -1.747535 -1.734133  32.173800
0.720085 -0.040929 -1.747535 -1.734133  32.173800
0.720085 -0.040929 -1.747535 -1.734133  32.173800
0.809373 -0.040929 -1.747535 -1.734133  32.327525
0.809373 -0.040929 -1.747535 -1.734133  32.327525
0.809373 -0.040929 -1.832586 -1.734133  36.698822
0.809373 -0.040929 -1.832586 -1.804778  40.164279
0.809373 -0.040929 -1.832586 -1.804778  40.164279
0.809373 -0.040929 -1.832586 -1.804778  40.164279
0.809373 -0.040929 -1.866207 -1.804778  42.131120
0.809373 -0.040929 -1.866207 -1.827765  43.381945
0.809373 -0.040929 -1.866207 -1.827765  43.381945
0.809373 -0.040427 -1.866207 -1.827765  43.381945
0.809373 -0.040427 -1.866207 -1.827765  43.381945
0.809373 -0.040427 -1.866207 -1.827765  43.381945
0.844482 -0.040427 -1.866207 -1.827765  43.464103
0.844482 0.005938 -1.866207 -1.827765  43.464103
0.844482 0.005938 -1.866207 -1.827765  43.464103
0.844482 0.005938 -1.866207 -1.827765  43.464103
0.926180 0.005938 -1.866207 -1.827765  43.716130
0.926180 0.099641 -1.866207 -1.827765  43.716140
0.926180 0.099641 -1.961600 -1.827765  50.123893
0.926180 0.099641 -1.961600 -1.911427  55.239865
1.006847 0.099641 -1.961600 -1.911427  55.593057
1.006847 0.192973 -1.961600 -1.911427  55.593314
1.006847 0.192973 -2.057975 -1.911427  63.464360
1.006847 0.192973 -2.057975 -1.995403  69.583713
1.006847 0.192973 -2.057975 -1.995403  69.583713
1.006847 0.192973 -2.057975 -1.995403  69.583713
1.006847 0.192973 -2.108435 -1.995403  74.336812
1.006847 0.192973 -2.108435 -2.033583  77.481226
1.006847 0.192973 -2.108435 -2.033583  77.481226
1.006847 0.192973 -2.108435 -2.033583  77.481226
1.006847 0.192973 -2.110594 -2.033583  77.695026
1.006847 0.192973 -2.110594 -2.033583  77.695026
1.025728 0.192973 -2.110594 -2.033583  77.795752
1.025728 0.223496 -2.110594 -2.033583  77.796042
1.025728 0.223496 -2.110594 -2.033583  77.796042
1.025728 0.223496 -2.110594 -2.033583  77.796042
1.091161 0.223496 -2.110594 -2.033583  78.207442
1.091161 0.302114 -2.110594 -2.033583  78.209401
1.091161 0.302114 -2.110594 -2.033583  78.209401
1.091161 0.302114 -2.110594 -2.130836  87.359890
1.091161 0.302114 -2.110594 -2.130836  87.359890
1.091161 0.302114 -2.110594 -2.130836  87.359890
1.091161 0.302114 -2.173260 -2.130836  93.957718
1.091161 0.302114 -2.173260 -2.181647  99.451117
1.091161 0.302114 -2.173260 -2.181647  99.451117
1.091161 0.302114 -2.173260 -2.181647  99.451117
1.091161 0.302114 -2.189640 -2.181647  101.305837
1.091161 0.302114 -2.189640 -2.186051  101.806704
1.099454 0.302114 -2.189640 -2.186051  101.866388
1.099454 0.322123 -2.189640 -2.186051  101.867340
1.099454 0.322123 -2.189640 -2.186051  101.867340
1.099454 0.322123 -2.189640 -2.186051  101.867340
1.153895 0.322123 -2.189640 -2.186051  102.306472
1.153895 0.387568 -2.189640 -2.186051  102.311748
1.153895 0.387568 -2.189640 -2.186051  102.311748
1.153895 0.387568 -2.189640 -2.186051  102.311748
1.253292 0.387568 -2.189640 -2.186051  103.358253
1.253292 0.387568 -2.189640 -2.186051  103.358253
1.253292 0.387568 -2.265269 -2.186051  112.672422
1.253292 0.387568 -2.265269 -2.249139  120.304141
1.253292 0.387568 -2.265269 -2.249139  120.304141
1.253292 0.387568 -2.265269 -2.249139  120.304141
1.253292 0.387568 -2.290998 -2.249139  123.769507
1.253292 0.387568 -2.290998 -2.262010  125.435286
1.253654 0.387568 -2.290998 -2.262010  125.439753
1.253654 0.400832 -2.290998 -2.262010  125.441355
1.253654 0.400832 -2.290998 -2.262010  125.441355
1.253654 0.400832 -2.290998 -2.262010  125.441355
1.305400 0.400832 -2.290998 -2.262010  126.135428
1.305400 0.466765 -2.290998 -2.262010  126.147237
1.305400 0.466765 -2.290998 -2.262010  126.147237
1.305400 0.466765 -2.290998 -2.262010  126.147237
1.305400 0.466765 -2.290998 -2.262010  126.147237
1.305400 0.466765 -2.290998 -2.262010  126.147237
1.305400 0.466765 -2.361771 -2.262010  136.516794
1.305400 0.466765 -2.361771 -2.319763  144.472740
1.305400 0.466765 -2.361771 -2.319763  144.472740
1.305400 0.466765 -2.361771 -2.319763  144.472740
1.305400 0.466765 -2.381132 -2.319763  147.534463
1.305400 0.466765 -2.381132 -2.326099  148.456920
1.313509 0.466765 -2.381132 -2.326099  148.576116
1.313509 0.487244 -2.381132 -2.326099  148.581422
1.313509 0.487244 -2.381132 -2.326099  148.581422
1.313509 0.487244 -2.381132 -2.326099  148.581422
1.372136 0.487244 -2.381132 -2.326099  149.535444
1.372136 0.558631 -2.381132 -2.326099  149.562385
1.372136 0.558631 -2.381132 -2.326099  149.562385
1.372136 0.558631 -2.381132 -2.326099  149.562385
1.372136 0.558631 -2.381132 -2.326099  149.562385
1.372136 0.558631 -2.381132 -2.326099  149.562385
1.372136 0.558631 -2.453196 -2.326099  161.868043
1.372136 0.558631 -2.453196 -2.387851  171.400152
1.372136 0.558631 -2.453196 -2.387851  171.400152
1.372136 0.558631 -2.453196 -2.387851  171.400152
1.372136 0.558631 -2.479899 -2.387851  176.342425
1.372136 0.558631 -2.479899 -2.402677  178.782658
1.372136 0.558631 -2.479899 -2.402677  178.782658
1.372136 0.565793 -2.479899 -2.402677  178.786236
1.372136 0.565793 -2.479899 -2.402677  178.786236
1.372136 0.565793 -2.479899 -2.402677  178.786236
1.414968 0.565793 -2.479899 -2.402677  179.594280
1.414968 0.620916 -2.479899 -2.402677  179.628591
1.414968 0.620916 -2.479899 -2.402677  179.628591
1.414968 0.620916 -2.479899 -2.402677  179.628591
1.456618 0.620916 -2.479899 -2.402677  180.513978
1.456618 0.674842 -2.479899 -2.402677  180.561648
1.456618 0.674842 -2.479899 -2.402677  180.561648
1.456618 0.674842 -2.479899 -2.402677  180.561648
1.546445 0.674842 -2.479899 -2.402677  182.848790
1.546445 0.674842 -2.479899 -2.402677  182.848790
1.546445 0.674842 -2.565175 -2.402677  200.122741
1.546445 0.674842 -2.565175 -2.476302  213.166091
1.546445 0.674842 -2.565175 -2.476302  213.166091
1.546445 0.674842 -2.565175 -2.476302  213.166091
1.546445 0.674842 -2.604293 -2.476302  221.897126
1.546445 0.674842 -2.604293 -2.502922  227.010727
1.546445 0.674842 -2.604293 -2.502922  227.010727
1.546445 0.674842 -2.604293 -2.502922  227.010727
1.546445 0.674842 -2.604293 -2.502922  227.010727
1.546445 0.674842 -2.604293 -2.502922  227.010727
1.578955 0.674842 -2.604293 -2.502922  227.980305
1.578955 0.721377 -2.604293 -2.502922  228.035692
1.578955 0.721377 -2.604293 -2.502922  228.035692
1.578955 0.721377 -2.604293 -2.502922  228.035692
1.660884 0.721377 -2.604293 -2.502922  230.860152
1.660884 0.815174 -2.604293 -2.502922  231.024760
1.660884 0.815174 -2.698841 -2.502922  254.408302
1.660884 0.815174 -2.698841 -2.586870  272.023934
1.660884 0.815174 -2.698841 -2.586870  272.023934
1.660884 0.815174 -2.698841 -2.586870  272.023934
1.660884 0.815174 -2.746740 -2.586870  285.188770
1.660884 0.815174 -2.746740 -2.621796  293.222866
1.660884 0.815174 -2.746740 -2.621796  293.222866
1.660884 0.815174 -2.746740 -2.621796  293.222866
1.660884 0.815174 -2.748820 -2.621796  293.815660
1.660884 0.815174 -2.748820 -2.621796  293.815660
1.681748 0.815174 -2.748820 -2.621796  294.629683
1.681748 0.847616 -2.748820 -2.621796  294.707244
1.681748 0.847616 -2.748820 -2.621796  294.707244
1.681748 0.847616 -2.748820 -2.621796  294.707244
1.746505 0.847616 -2.748820 -2.621796  297.504559
1.746505 0.870936 -2.748820 -2.621796  297.568147
1.746505 0.870936 -2.841915 -2.621796  326.005699
1.746505 0.870936 -2.841915 -2.702107  346.177520
1.746505 0.870936 -2.841915 -2.702107  346.177520
1.746505 0.870936 -2.841915 -2.702107  346.177520
1.746505 0.870936 -2.888383 -2.702107  361.836917
1.746505 0.870936 -2.888383 -2.736979  371.374961
1.746505 0.870936 -2.888383 -2.736979  371.374961
1.746505 0.870936 -2.888383 -2.736979  371.374961
1.746505 0.870936 -2.888383 -2.736979  371.374961
1.746505 0.870936 -2.888383 -2.736979  371.374961
1.769739 0.870936 -2.888383 -2.736979  372.484930
1.769739 0.907322 -2.888383 -2.736979  372.598726
1.769739 0.907322 -2.888383 -2.736979  372.598726
1.769739 0.907322 -2.888383 -2.736979  372.598726
1.839219 0.907322 -2.888383 -2.736979  376.284791
1.839219 0.988053 -2.888383 -2.736979  376.611566
1.839219 0.988053 -2.888383 -2.736979  376.611566
1.839219 0.988053 -2.888383 -2.833854  405.786258
1.839219 0.988053 -2.888383 -2.833854  405.786258
1.839219 0.988053 -2.888383 -2.833854  405.786258
1.839219 0.988053 -2.953626 -2.833854  429.540394
1.839219 0.988053 -2.953626 -2.887385  447.466856
1.839219 0.988053 -2.953626 -2.887385  447.466856
1.839219 0.988053 -2.953626 -2.887385  447.466856
1.839219 0.988053 -2.976781 -2.887385  456.417576
1.839219 0.988053 -2.976781 -2.899537  460.676339
1.839219 0.988053 -2.976781 -2.899537  460.676339
1.839219 0.997725 -2.976781 -2.899537  460.723337
1.839219 0.997725 -2.976781 -2.899537  460.723337
1.839219 0.997725 -2.976781 -2.899537  460.723337
1.883707 0.997725 -2.976781 -2.899537  463.394814
1.883707 1.054882 -2.976781 -2.899537  463.712366
1.883707 1.054882 -2.976781 -2.899537  463.712366
1.883707 1.054882 -2.976781 -2.899537  463.712366
1.973293 1.054882 -2.976781 -2.899537  469.914752
1.973293 1.054882 -2.976781 -2.899537  469.914752
1.973293 1.054882 -3.066225 -2.899537  507.205594
1.973293 1.054882 -3.066225 -2.978797  536.791107
1.973293 1.054882 -3.066225 -2.978797  536.791107
1.973293 1.054882 -3.066225 -2.978797  536.791107
1.973293 1.054882 -3.114299 -2.978797  558.714579
1.973293 1.054882 -3.114299 -3.016995  574.142741
1.973293 1.054882 -3.114299 -3.016995  574.142741
1.973293 1.054882 -3.114299 -3.016995  574.142741
1.973293 1.054882 -3.146601 -3.016995  589.654110
1.973293 1.054882 -3.146601 -3.037387  598.216531
1.973293 1.054882 -3.146601 -3.037387  598.216531
1.973293 1.057096 -3.146601 -3.037387  598.230295
1.973293 1.057096 -3.146601 -3.037387  598.230295
1.973293 1.057096 -3.146601 -3.037387  598.230295
2.006637 1.057096 -3.146601 -3.037387  600.845046
2.006637 1.101282 -3.146601 -3.037387  601.144972
2.006637 1.101282 -3.146601 -3.037387  601.144972
2.006637 1.101282 -3.146601 -3.037387  601.144972
2.083017 1.101282 -3.146601 -3.037387  607.826512
2.083017 1.188633 -3.146601 -3.037387  608.579270
2.083017 1.188633 -3.146601 -3.037387  608.579270
2.083017 1.188633 -3.146601 -3.126485  648.787543
2.083017 1.188633 -3.146601 -3.126485  648.787543
2.083017 1.188633 -3.146601 -3.126485  648.787543
2.083017 1.188633 -3.200225 -3.126485  675.983317
2.083017 1.188633 -3.200225 -3.167952  696.326460
2.083017 1.188633 -3.200225 -3.167952  696.326460
2.083017 1.188633 -3.200225 -3.167952  696.326460
2.083017 1.188633 -3.204946 -3.167952  698.809440
2.083017 1.188633 -3.204946 -3.167952  698.809440
2.102974 1.188633 -3.204946 -3.167952  700.724439
2.102974 1.220425 -3.204946 -3.167952  701.059185
2.102974 1.220425 -3.204946 -3.167952  701.059185
2.102974 1.220425 -3.204946 -3.167952  701.059185
2.170511 1.220425 -3.204946 -3.167952  708.101872
2.170511 1.299912 -3.204946 -3.167952  709.106119
2.170511 1.299912 -3.204946 -3.167952  709.106119
2.170511 1.299912 -3.204946 -3.265851  761.550422
2.170511 1.299912 -3.204946 -3.265851  761.550422
2.170511 1.299912 -3.204946 -3.265851  761.550422
2.170511 1.299912 -3.266420 -3.265851  795.248716
2.170511 1.299912 -3.266420 -3.316691  825.080757
2.170511 1.299912 -3.266420 -3.316691  825.080757
2.170511 1.299912 -3.266420 -3.316691  825.080757
2.170511 1.299912 -3.281600 -3.316691  833.801794
2.170511 1.299912 -3.281600 -3.318638  834.981343
2.180906 1.299912 -3.281600 -3.318638  836.146007
2.180906 1.322222 -3.281600 -3.318638  836.475638
2.180906 1.322222 -3.281600 -3.318638  836.475638
2.180906 1.322222 -3.281600 -3.318638  836.475638
2.239563 1.322222 -3.281600 -3.318638  843.477231
2.239563 1.392618 -3.281600 -3.318638  844.673867
2.239563 1.392618 -3.281600 -3.318638  844.673867
2.239563 1.392618 -3.281600 -3.318638  844.673867
2.239563 1.392618 -3.281600 -3.318638  844.673867
2.239563 1.392618 -3.281600 -3.318638  844.673867
2.239563 1.392618 -3.356604 -3.318638  890.198349
2.239563 1.392618 -3.356604 -3.383743  931.262325
2.239563 1.392618 -3.356604 -3.383743  931.262325
2.239563 1.392618 -3.356604 -3.383743  931.262325
2.239563 1.392618 -3.392912 -3.383743  954.811331
2.239563 1.392618 -3.392912 -3.409777  972.140663
2.239563 1.392618 -3.392912 -3.409777  972.140663
2.239563 1.392618 -3.392912 -3.409777  972.140663
2.239563 1.392618 -3.392912 -3.409777  972.140663
2.239563 1.392618 -3.392912 -3.409777  972.140663
2.256479 1.392618 -3.392912 -3.409777  974.300755
2.256479 1.416554 -3.392912 -3.409777  974.766637
2.256479 1.416554 -3.392912 -3.409777  974.766637
2.256479 1.416554 -3.392912 -3.409777  974.766637
2.300920 1.416554 -3.392912 -3.409777  980.758811
2.300920 1.468770 -3.392912 -3.409777  981.890465
2.300920 1.468770 -3.392912 -3.409777  981.890465
2.300920 1.468770 -3.392912 -3.409777  981.890465
2.374400 1.468770 -3.392912 -3.409777  992.867336
2.374400 1.549317 -3.392912 -3.409777  994.958775
2.374400 1.549317 -3.392912 -3.409777  994.958775
2.374400 1.549317 -3.392912 -3.409777  994.958775
2.374400 1.549317 -3.392912 -3.409777  994.958775
2.374400 1.549317 -3.392912 -3.409777  994.958775
2.374400 1.549317 -3.477740 -3.409777  1054.048311
2.374400 1.549317 -3.477740 -3.487243  1108.840214
2.374400 1.549317 -3.477740 -3.487243  1108.840214
2.374400 1.549317 -3.477740 -3.487243  1108.840214
2.374400 1.549317 -3.534042 -3.487243  1151.374824
2.374400 1.549317 -3.534042 -3.536576  1188.900297
2.374400 1.549317 -3.534042 -3.536576  1188.900297
2.374400 1.549317 -3.534042 -3.536576  1188.900297
2.374400 1.549317 -3.534042 -3.536576  1188.900297
2.374400 1.549317 -3.534042 -3.536576  1188.900297
2.473060 1.549317 -3.534042 -3.536576  1205.937910
2.473060 1.549317 -3.534042 -3.536576  1205.937910
2.473060 1.549317 -3.620364 -3.536576  1276.633926
2.473060 1.549317 -3.620364 -3.615470  1341.157666
2.473060 1.549317 -3.620364 -3.615470  1341.157666
2.473060 1.549317 -3.620364 -3.615470  1341.157666
2.473060 1.549317 -3.677638 -3.615470  1391.936006
2.473060 1.549317 -3.677638 -3.665635  1435.999470
2.473060 1.549317 -3.677638 -3.665635  1435.999470
2.473060 1.549317 -3.677638 -3.665635  1435.999470
2.473060 1.549317 -3.706429 -3.665635  1462.748074
2.473060 1.549317 -3.706429 -3.687459  1482.685527
2.473060 1.549317 -3.706429 -3.687459  1482.685527
2.473060 1.549317 -3.706429 -3.687459  1482.685527
2.473060 1.549317 -3.707786 -3.687459  1483.966329
2.473060 1.549317 -3.707786 -3.687459  1483.966329
2.485754 1.549317 -3.707786 -3.687459  1486.364888
2.485754 1.568954 -3.707786 -3.687459  1486.945141
2.485754 1.568954 -3.707786 -3.687459  1486.945141
2.485754 1.568954 -3.707786 -3.687459  1486.945141
2.525678 1.568954 -3.707786 -3.687459  1494.815479
2.525678 1.615951 -3.707786 -3.687459  1496.327266
2.525678 1.615951 -3.707786 -3.687459  1496.327266
2.525678 1.615951 -3.707786 -3.687459  1496.327266
2.593673 1.615951 -3.707786 -3.687459  1510.926763
2.593673 1.691150 -3.707786 -3.687459  1513.740635
2.593673 1.691150 -3.707786 -3.687459  1513.740635
2.593673 1.691150 -3.707786 -3.687459  1513.740635
2.689875 1.691150 -3.707786 -3.687459  1537.184380
2.689875 1.691150 -3.707786 -3.687459  1537.184380
2.689875 1.691150 -3.797054 -3.687459  1625.703600
2.689875 1.691150 -3.797054 -3.769413  1704.908541
2.689875 1.691150 -3.797054 -3.769413  1704.908541
2.689875 1.691150 -3.797054 -3.769413  1704.908541
2.689875 1.691150 -3.858328 -3.769413  1770.681517
2.689875 1.691150 -3.858328 -3.823766  1827.151515
2.689875 1.691150 -3.858328 -3.823766  1827.151515
2.689875 1.691150 -3.858328 -3.823766  1827.151515
2.689875 1.691150 -3.891555 -3.823766  1864.609089
2.689875 1.691150 -3.891555 -3.849826  1892.846532
2.689875 1.691150 -3.891555 -3.849826  1892.846532
2.689875 1.691150 -3.891555 -3.849826  1892.846532
2.689875 1.691150 -3.896388 -3.849826  1898.402573
2.689875 1.691150 -3.896388 -3.849826  1898.402573
2.698570 1.691150 -3.896388 -3.849826  1900.693053
2.698570 1.707026 -3.896388 -3.849826  1901.354629
2.698570 1.707026 -3.896388 -3.849826  1901.354629
2.698570 1.707026 -3.896388 -3.849826  1901.354629
2.734931 1.707026 -3.896388 -3.849826  1911.259602
2.734931 1.750373 -3.896388 -3.849826  1913.195800
2.734931 1.750373 -3.896388 -3.849826  1913.195800
2.734931 1.750373 -3.896388 -3.849826  1913.195800
2.799008 1.750373 -3.896388 -3.849826  1931.980445
2.799008 1.821417 -3.896388 -3.849826  1935.596725
2.799008 1.821417 -3.896388 -3.849826  1935.596725
2.799008 1.821417 -3.896388 -3.849826  1935.596725
2.890491 1.821417 -3.896388 -3.849826  1965.568366
2.890491 1.919801 -3.896388 -3.849826  1971.599899
2.890491 1.919801 -3.991168 -3.849826  2086.273439
2.890491 1.919801 -3.991168 -3.937763  2187.371729
2.890491 1.919801 -3.991168 -3.937763  2187.371729
2.890491 1.919801 -3.991168 -3.937763  2187.371729
2.890491 1.919801 -4.058610 -3.937763  2275.877520
2.890491 1.919801 -4.058610 -3.998065  2350.625679
2.890491 1.919801 -4.058610 -3.998065  2350.625679
2.890491 1.919801 -4.058610 -3.998065  2350.625679
2.890491 1.919801 -4.098610 -3.998065  2405.973865
2.890491 1.919801 -4.098610 -4.031255  2449.084568
2.890491 1.919801 -4.098610 -4.031255  2449.084568
2.890491 1.919801 -4.098610 -4.031255  2449.084568
2.890491 1.919801 -4.110706 -4.031255  2466.252943
2.890491 1.919801 -4.110706 -4.036564  2473.282095
2.892178 1.919801 -4.110706 -4.036564  2473.871792
2.892178 1.928442 -4.110706 -4.036564  2474.463960
2.892178 1.928442 -4.110706 -4.036564  2474.463960
2.892178 1.928442 -4.110706 -4.036564  2474.463960
2.922553 1.928442 -4.110706 -4.036564  2485.315698
2.922553 1.965752 -4.110706 -4.036564  2487.997496
2.922553 1.965752 -4.192467 -4.036564  2609.463405
2.922553 1.965752 -4.192467 -4.109014  2709.152264
2.922553 1.965752 -4.192467 -4.109014  2709.152264
2.922553 1.965752 -4.192467 -4.109014  2709.152264
2.922553 1.965752 -4.243146 -4.109014  2789.352410
2.922553 1.965752 -4.243146 -4.152512  2852.677944
2.922553 1.965752 -4.243146 -4.152512  2852.677944
2.922553 1.965752 -4.243146 -4.152512  2852.677944
2.922553 1.965752 -4.265075 -4.152512  2888.589993
2.922553 1.965752 -4.265075 -4.167568  2911.136768
2.922553 1.965752 -4.265075 -4.167568  2911.136768
2.922553 1.965752 -4.265075 -4.167568  2911.136768
2.922553 1.965752 -4.265075 -4.167568  2911.136768
2.922553 1.965752 -4.265075 -4.167568  2911.136768
2.942762 1.965752 -4.265075 -4.167568  2918.611143
2.942762 1.992806 -4.265075 -4.167568  2920.687358
2.942762 1.992806 -4.265075 -4.167568  2920.687358
2.942762 1.992806 -4.265075 -4.167568  2920.687358
2.990013 1.992806 -4.265075 -4.167568  2938.982947
2.990013 2.046797 -4.265075 -4.167568  2943.477440
2.990013 2.046797 -4.265075 -4.167568  2943.477440
2.990013 2.046797 -4.265075 -4.167568  2943.477440
3.064808 2.046797 -4.265075 -4.167568  2974.901357
3.064808 2.128398 -4.265075 -4.167568  2982.656377
3.064808 2.128398 -4.265075 -4.167568  2982.656377
3.064808 2.128398 -4.265075 -4.167568  2982.656377
3.064808 2.128398 -4.265075 -4.167568  2982.656377
3.064808 2.128398 -4.265075 -4.167568  2982.656377
3.064808 2.128398 -4.349484 -4.167568  3127.953116
3.064808 2.128398 -4.349484 -4.244682  3248.651697
3.064808 2.128398 -4.349484 -4.244682  3248.651697
3.064808 2.128398 -4.349484 -4.244682  3248.651697
3.064808 2.128398 -4.405799 -4.244682  3352.066900
3.064808 2.128398 -4.405799 -4.293847  3433.738671
3.064808 2.128398 -4.405799 -4.293847  3433.738671
3.064808 2.128398 -4.405799 -4.293847  3433.738671
3.064808 2.128398 -4.434440 -4.293847  3488.404222
3.064808 2.128398 -4.434440 -4.315279  3525.196369
3.064808 2.128398 -4.434440 -4.315279  3525.196369
3.064808 2.128398 -4.434440 -4.315279  3525.196369
3.064808 2.128398 -4.435444 -4.315279  3527.137711
3.064808 2.128398 -4.435444 -4.315279  3527.137711
3.077569 2.128398 -4.435444 -4.315279  3532.814424
3.077569 2.148137 -4.435444 -4.315279  3534.877758
3.077569 2.148137 -4.435444 -4.315279  3534.877758
3.077569 2.148137 -4.435444 -4.315279  3534.877758
3.118017 2.148137 -4.435444 -4.315279  3553.503481
3.118017 2.195615 -4.435444 -4.315279  3558.786744
3.118017 2.195615 -4.435444 -4.315279  3558.786744
3.118017 2.195615 -4.435444 -4.315279  3558.786744
3.185934 2.195615 -4.435444 -4.315279  3592.312632
3.185934 2.270419 -4.435444 -4.315279  3601.617431
3.185934 2.270419 -4.435444 -4.315279  3601.617431
3.185934 2.270419 -4.435444 -4.315279  3601.617431
3.281793 2.270419 -4.435444 -4.315279  3654.059366
3.281793 2.270419 -4.435444 -4.315279  3654.059366
3.281793 2.270419 -4.525650 -4.315279  3835.868748
3.281793 2.270419 -4.525650 -4.398721  3986.247223
3.281793 2.270419 -4.525650 -4.398721  3986.247223
3.281793 2.270419 -4.525650 -4.398721  3986.247223
3.281793 2.270419 -4.588440 -4.398721  4121.652207
3.281793 2.270419 -4.588440 -4.454571  4228.883966
3.281793 2.270419 -4.588440 -4.454571  4228.883966
3.281793 2.270419 -4.588440 -4.454571  4228.883966
3.281793 2.270419 -4.623520 -4.454571  4307.829820
3.281793 2.270419 -4.623520 -4.482710  4363.934198
3.281793 2.270419 -4.623520 -4.482710  4363.934198
3.281793 2.270419 -4.623520 -4.482710  4363.934198
3.281793 2.270419 -4.630927 -4.482710  4380.913549
