-0.847093 -0.846932 -0.846813  -0.608102
-0.790753 -0.790578 -0.790512  -0.494573
-0.728551 -0.728490 -0.728399  -0.386849
0.067587 0.067643 0.067734  0.000307
-0.727425 -0.727368 -0.727278  -0.385059
-0.385079 -0.384988 -0.384927  -0.057129
-0.377771 -0.377689 -0.377624  -0.053940
0.091711 0.091772 0.091863  0.000769
0.189056 0.286463 0.286554  0.006735
0.189652 0.189733 0.093069  0.012845
0.001870 0.001931 0.002022  0.000000
-0.079271 -0.079180 -0.079114  -0.000499
-0.072122 -0.072056 -0.071975  -0.000376
-0.066919 -0.066838 -0.066767  -0.000301
-0.060980 -0.060924 -0.060833  -0.000228
-0.055621 -0.055530 -0.055474  -0.000173
-0.050166 -0.050089 -0.050019  -0.000127
-0.044797 -0.044716 -0.044645  -0.000090
-0.039294 -0.039228 -0.039162  -0.000061
-0.033929 -0.033868 -0.033778  -0.000039
-0.062423 -0.062329 -0.062233  -0.000244
-0.084742 -0.084656 -0.084591  -0.000610
-0.101325 -0.101260 -0.101174  -0.001043
-0.010640 -0.010579 -0.010493  -0.000001
-0.806216 -0.806135 -0.806069  -0.524156
-0.464144 -0.464079 -0.463993  -0.100046
-0.456927 -0.456845 -0.456775  -0.095442
0.012293 0.012379 0.012445  0.000002
0.030469 0.048705 0.048796  0.000028
0.072492 0.072562 0.096506  -0.000136
0.125795 0.125856 0.125947  0.001986
0.034644 0.034709 0.034796  0.000041
0.040625 0.040701 0.040772  0.000067
0.045619 0.045676 0.045767  0.000094
0.050581 0.050642 0.050728  0.000129
0.055684 0.055770 0.055836  0.000172
0.060931 0.060987 0.061078  0.000225
0.066024 0.066106 0.066176  0.000287
0.070986 0.071068 0.071138  0.000357
0.075939 0.076009 0.076095  0.000436
0.156872 0.156938 0.157024  0.003854
0.243222 0.243283 0.243369  0.014373
0.334960 0.335021 0.335112  0.037551
0.097378 0.097439 0.097530  0.000921
-0.898449 -0.898378 -0.898287  -0.725457
-0.556886 -0.556799 -0.556738  -0.172759
-0.549544 -0.549463 -0.549397  -0.166021
-0.080462 -0.080381 -0.080315  -0.000522
-0.155393 -0.230267 -0.230176  -0.003767
-0.299676 -0.299611 -0.368873  -0.003616
-0.432905 -0.432823 -0.432753  -0.081169
-0.058191 -0.058135 -0.058065  -0.000198
-0.052904 -0.052818 -0.052757  -0.000149
-0.047643 -0.047577 -0.047491  -0.000109
-0.042592 -0.042510 -0.042445  -0.000078
-0.037109 -0.037027 -0.036962  -0.000051
-0.031801 -0.031719 -0.031654  -0.000032
-0.026460 -0.026379 -0.026313  -0.000019
-0.020877 -0.020820 -0.020730  -0.000009
-0.015459 -0.015398 -0.015333  -0.000004
-0.025309 -0.025228 -0.025152  -0.000016
-0.029522 -0.029456 -0.029370  -0.000026
-0.028186 -0.028125 -0.028034  -0.000023
0.006350 0.006411 0.006501  0.000000
-0.788951 -0.788861 -0.788790  -0.491210
-0.437227 -0.437119 -0.437028  -0.083635
-0.429848 -0.429787 -0.429696  -0.079473
0.039187 0.039253 0.039339  0.000060
0.083928 0.128751 0.128821  0.000588
0.179061 0.179131 0.229598  -0.000614
0.285600 0.285677 0.285747  0.023278
0.061840 0.061921 0.061987  0.000236
0.067846 0.067912 0.067993  0.000311
0.073229 0.073310 0.073381  0.000392
0.078717 0.078803 0.078869  0.000487
0.084139 0.084200 0.084286  0.000594
0.089370 0.089447 0.089517  0.000712
0.094697 0.094773 0.094844  0.000847
0.099607 0.099673 0.099754  0.000986
-0.095365 -0.095300 -0.095214  -0.000870
-0.184171 -0.184100 -0.184014  -0.006256
-0.266546 -0.266455 -0.266385  -0.018952
-0.343380 -0.343303 -0.343233  -0.040513
-0.070858 -0.070781 -0.070711  -0.000357
-0.866594 -0.866528 -0.866447  -0.650983
-0.525372 -0.525281 -0.525220  -0.145062
-0.518031 -0.517950 -0.517879  -0.139073
-0.048470 -0.048393 -0.048318  -0.000114
-0.091370 -0.134210 -0.134119  -0.000768
-0.171424 -0.171347 -0.208414  -0.001015
-0.240257 -0.240191 -0.240105  -0.013883
-0.026360 -0.026299 -0.026208  -0.000019
-0.020797 -0.020716 -0.020650  -0.000009
-0.015447 -0.015370 -0.015300  -0.000004
-0.009807 -0.009731 -0.009656  -0.000001
-0.002341 -0.002264 -0.002194  -0.000000
0.003712 0.003768 0.003859  0.000000
0.010029 0.010106 0.010176  0.000001
0.016542 0.016599 0.016694  0.000004
0.021698 0.021750 0.021845  0.000010
0.048960 0.049046 0.049116  0.000117
0.081734 0.081800 0.081881  0.000544
0.119915 0.119996 0.120062  0.001721
0.043545 0.043636 0.043697  0.000082
-0.752320 -0.752259 -0.752173  -0.425948
-0.557480 -0.557285 -0.557220  -0.173317
-0.549498 -0.549437 -0.549351  -0.165998
-0.080166 -0.080084 -0.080018  -0.000516
-0.154662 -0.229092 -0.229006  -0.003713
-0.297483 -0.297422 -0.365687  -0.003734
-0.428539 -0.428483 -0.428392  -0.078749
-0.057572 -0.057516 -0.057421  -0.000192
-0.052157 -0.052080 -0.052009  -0.000142
-0.046459 -0.046403 -0.046312  -0.000101
-0.041071 -0.040985 -0.040924  -0.000070
-0.035493 -0.035436 -0.035345  -0.000045
-0.030124 -0.030047 -0.029977  -0.000028
-0.024645 -0.024564 -0.024493  -0.000015
-0.019398 -0.019337 -0.019272  -0.000007
-0.014134 -0.014044 -0.013978  -0.000003
-0.022894 -0.022823 -0.022737  -0.000012
-0.026323 -0.026242 -0.026176  -0.000018
-0.024287 -0.024221 -0.024135  -0.000014
0.007059 0.007120 0.007207  0.000000
-0.788256 -0.788190 -0.788104  -0.489941
-0.446350 -0.446284 -0.446218  -0.088965
-0.438915 -0.438838 -0.438768  -0.084596
0.030177 0.030263 0.030324  0.000027
0.065638 0.101176 0.101251  0.000280
0.142354 0.142405 0.183710  -0.000427
0.230944 0.231025 0.231095  0.012306
0.052651 0.052712 0.052803  0.000145
0.058328 0.058405 0.058476  0.000198
0.063300 0.063365 0.063451  0.000253
0.068683 0.068759 0.068830  0.000323
0.073820 0.073901 0.073972  0.000401
0.078924 0.078995 0.079081  0.000490
0.084141 0.084227 0.084293  0.000594
0.089264 0.089330 0.089416  0.000709
0.094259 0.094320 0.094411  0.000835
