-0.220912 -0.001797 -0.000779 -0.000231  -0.000526
-0.220912 -0.001797 -0.000779 -0.000231  -0.000526
-0.220912 -0.001797 -0.000779 -0.000231  -0.000526
-0.220912 -0.001797 -0.053356 -0.000231  -0.000526
-0.220912 -0.001797 -0.053356 -0.039869  -0.000526
-0.220912 -0.001797 -0.053356 -0.039869  -0.000526
-0.220912 -0.001797 -0.053356 -0.039869  -0.000526
-0.220912 -0.001797 -0.053420 -0.039869  -0.000526
-0.220912 -0.001797 -0.053420 -0.039869  -0.000526
-0.199053 -0.001797 -0.053420 -0.039869  -0.000312
-0.199053 0.030308 -0.053420 -0.039869  -0.000312
-0.199053 0.030308 -0.053420 -0.039869  -0.000312
-0.199053 0.030308 -0.053420 -0.039869  -0.000312
-0.131526 0.030308 -0.053420 -0.039869  -0.000039
-0.131526 0.110126 -0.053420 -0.039869  -0.000023
-0.131526 0.110126 -0.053420 -0.039869  -0.000023
-0.131526 0.110126 -0.053420 -0.137617  0.000027
-0.131526 0.110126 -0.053420 -0.137617  0.000027
-0.131526 0.110126 -0.053420 -0.137617  0.000027
-0.131526 0.110126 -0.117993 -0.137617  0.000049
-0.131526 0.110126 -0.117993 -0.191541  0.000258
-0.131526 0.110126 -0.117993 -0.191541  0.000258
-0.131526 0.110126 -0.117993 -0.191541  0.000258
-0.131526 0.110126 -0.139711 -0.191541  0.000288
-0.131526 0.110126 -0.139711 -0.201918  0.000366
-0.131259 0.110126 -0.139711 -0.201918  0.000366
-0.131259 0.122184 -0.139711 -0.201918  0.000377
-0.131259 0.122184 -0.139711 -0.201918  0.000377
-0.131259 0.122184 -0.139711 -0.201918  0.000377
-0.083165 0.122184 -0.139711 -0.201918  0.000412
-0.083165 0.180518 -0.139711 -0.201918  0.000577
-0.083165 0.180518 -0.139711 -0.201918  0.000577
-0.083165 0.180518 -0.139711 -0.201918  0.000577
0.009434 0.180518 -0.139711 -0.201918  0.000581
0.009434 0.180518 -0.139711 -0.201918  0.000581
0.009434 0.180518 -0.225331 -0.201918  0.001108
0.009434 0.180518 -0.225331 -0.277331  0.002413
0.009434 0.180518 -0.225331 -0.277331  0.002413
0.009434 0.180518 -0.225331 -0.277331  0.002413
0.009434 0.180518 -0.267829 -0.277331  0.003210
0.009434 0.180518 -0.267829 -0.307825  0.004334
0.009434 0.180518 -0.267829 -0.307825  0.004334
0.009434 0.180518 -0.267829 -0.307825  0.004334
0.009434 0.180518 -0.267829 -0.307825  0.004334
0.009434 0.180518 -0.267829 -0.307825  0.004334
0.036808 0.180518 -0.267829 -0.307825  0.004334
0.036808 0.218503 -0.267829 -0.307825  0.004640
0.036808 0.218503 -0.267829 -0.307825  0.004640
0.036808 0.218503 -0.267829 -0.307825  0.004640
0.110082 0.218503 -0.267829 -0.307825  0.004656
0.110082 0.301496 -0.267829 -0.307825  0.006649
0.110082 0.301496 -0.267829 -0.307825  0.006649
0.110082 0.301496 -0.267829 -0.402676  0.014473
0.110082 0.301496 -0.267829 -0.402676  0.014473
0.110082 0.301496 -0.267829 -0.402676  0.014473
0.110082 0.301496 -0.329662 -0.402676  0.016988
0.110082 0.301496 -0.329662 -0.453372  0.025555
0.110082 0.301496 -0.329662 -0.453372  0.025555
0.110082 0.301496 -0.329662 -0.453372  0.025555
0.110082 0.301496 -0.347524 -0.453372  0.026731
0.110082 0.301496 -0.347524 -0.460326  0.028246
0.115314 0.301496 -0.347524 -0.460326  0.028250
0.115314 0.318894 -0.347524 -0.460326  0.029057
0.115314 0.318894 -0.347524 -0.460326  0.029057
0.115314 0.318894 -0.347524 -0.460326  0.029057
0.168272 0.318894 -0.347524 -0.460326  0.029171
0.168272 0.384133 -0.347524 -0.460326  0.034237
0.168272 0.384133 -0.347524 -0.460326  0.034237
0.168272 0.384133 -0.347524 -0.460326  0.034237
0.168272 0.384133 -0.347524 -0.460326  0.034237
0.168272 0.384133 -0.347524 -0.460326  0.034237
0.168272 0.384133 -0.425741 -0.460326  0.043155
0.168272 0.384133 -0.425741 -0.527899  0.063483
0.168272 0.384133 -0.425741 -0.527899  0.063483
0.168272 0.384133 -0.425741 -0.527899  0.063483
0.168272 0.384133 -0.459684 -0.527899  0.070022
0.168272 0.384133 -0.459684 -0.550938  0.079783
0.168272 0.384133 -0.459684 -0.550938  0.079783
0.168272 0.385257 -0.459684 -0.550938  0.079907
0.168272 0.385257 -0.459684 -0.550938  0.079907
0.168272 0.385257 -0.459684 -0.550938  0.079907
0.205325 0.385257 -0.459684 -0.550938  0.080137
0.205325 0.434795 -0.459684 -0.550938  0.087189
0.205325 0.434795 -0.459684 -0.550938  0.087189
0.205325 0.434795 -0.459684 -0.550938  0.087189
0.205325 0.434795 -0.459684 -0.550938  0.087189
0.205325 0.434795 -0.459684 -0.550938  0.087189
0.205325 0.434795 -0.514566 -0.550938  0.102738
0.205325 0.434795 -0.514566 -0.595413  0.126811
0.205325 0.434795 -0.514566 -0.595413  0.126811
0.205325 0.434795 -0.514566 -0.595413  0.126811
0.205325 0.434795 -0.524647 -0.595413  0.130486
0.205325 0.434795 -0.524647 -0.595833  0.130751
0.216119 0.434795 -0.524647 -0.595833  0.130857
0.216119 0.456431 -0.524647 -0.595833  0.135128
0.216119 0.456431 -0.524647 -0.595833  0.135128
0.216119 0.456431 -0.524647 -0.595833  0.135128
0.268686 0.456431 -0.524647 -0.595833  0.136057
0.268686 0.519799 -0.524647 -0.595833  0.154194
0.268686 0.519799 -0.524647 -0.595833  0.154194
0.268686 0.519799 -0.524647 -0.595833  0.154194
0.365110 0.519799 -0.524647 -0.595833  0.159282
0.365110 0.519799 -0.524647 -0.595833  0.159282
0.365110 0.519799 -0.604787 -0.595833  0.200444
0.365110 0.519799 -0.604787 -0.664770  0.255171
0.365110 0.519799 -0.604787 -0.664770  0.255171
0.365110 0.519799 -0.604787 -0.664770  0.255171
0.365110 0.519799 -0.638727 -0.664770  0.280570
0.365110 0.519799 -0.638727 -0.687706  0.304567
0.365110 0.519799 -0.638727 -0.687706  0.304567
0.365110 0.520356 -0.638727 -0.687706  0.304770
0.365110 0.520356 -0.638727 -0.687706  0.304770
0.365110 0.520356 -0.638727 -0.687706  0.304770
0.399244 0.520356 -0.638727 -0.687706  0.308426
0.399244 0.566272 -0.638727 -0.687706  0.328502
0.399244 0.566272 -0.638727 -0.687706  0.328502
0.399244 0.566272 -0.638727 -0.687706  0.328502
0.478534 0.566272 -0.638727 -0.687706  0.343453
0.478534 0.657596 -0.638727 -0.687706  0.408194
0.478534 0.657596 -0.735223 -0.687706  0.516713
0.478534 0.657596 -0.735223 -0.771841  0.636822
0.478534 0.657596 -0.735223 -0.771841  0.636822
0.478534 0.657596 -0.735223 -0.771841  0.636822
0.478534 0.657596 -0.782840 -0.771841  0.716003
0.478534 0.657596 -0.782840 -0.807139  0.784637
0.478534 0.657596 -0.782840 -0.807139  0.784637
0.478534 0.657596 -0.782840 -0.807139  0.784637
0.478534 0.657596 -0.783033 -0.807139  0.785001
0.478534 0.657596 -0.783033 -0.807139  0.785001
0.501469 0.657596 -0.783033 -0.807139  0.791619
0.501469 0.691469 -0.783033 -0.807139  0.826725
0.501469 0.691469 -0.783033 -0.807139  0.826725
0.501469 0.691469 -0.783033 -0.807139  0.826725
0.568801 0.691469 -0.783033 -0.807139  0.854552
0.568801 0.769473 -0.783033 -0.807139  0.966231
0.568801 0.769473 -0.783033 -0.807139  0.966231
0.568801 0.769473 -0.783033 -0.807139  0.966231
0.568801 0.769473 -0.783033 -0.807139  0.966231
0.568801 0.769473 -0.783033 -0.807139  0.966231
0.568801 0.769473 -0.853138 -0.807139  1.123814
0.568801 0.769473 -0.853138 -0.865656  1.267352
0.568801 0.769473 -0.853138 -0.865656  1.267352
0.568801 0.769473 -0.853138 -0.865656  1.267352
0.568801 0.769473 -0.877010 -0.865656  1.334222
0.568801 0.769473 -0.877010 -0.877842  1.369412
0.570117 0.769473 -0.877010 -0.877842  1.370104
0.570117 0.783874 -0.877010 -0.877842  1.396309
0.570117 0.783874 -0.877010 -0.877842  1.396309
0.570117 0.783874 -0.877010 -0.877842  1.396309
0.618797 0.783874 -0.877010 -0.877842  1.426806
0.618797 0.842326 -0.877010 -0.877842  1.554882
0.618797 0.842326 -0.877010 -0.877842  1.554882
0.618797 0.842326 -0.877010 -0.877842  1.554882
0.713080 0.842326 -0.877010 -0.877842  1.648524
0.713080 0.842326 -0.877010 -0.877842  1.648524
0.713080 0.842326 -0.958998 -0.877842  1.940821
0.713080 0.842326 -0.958998 -0.948370  2.186694
0.713080 0.842326 -0.958998 -0.948370  2.186694
0.713080 0.842326 -0.958998 -0.948370  2.186694
0.713080 0.842326 -0.995763 -0.948370  2.354562
0.713080 0.842326 -0.995763 -0.973286  2.460775
0.713080 0.842326 -0.995763 -0.973286  2.460775
0.713080 0.842326 -0.995763 -0.973286  2.460775
0.713080 0.842326 -0.995763 -0.973286  2.460775
0.713080 0.842326 -0.995763 -0.973286  2.460775
0.746586 0.842326 -0.995763 -0.973286  2.508357
0.746586 0.886021 -0.995763 -0.973286  2.630356
0.746586 0.886021 -0.995763 -0.973286  2.630356
0.746586 0.886021 -0.995763 -0.973286  2.630356
0.825803 0.886021 -0.995763 -0.973286  2.782449
0.825803 0.933287 -0.995763 -0.973286  2.944485
0.825803 0.933287 -0.995763 -0.973286  2.944485
0.825803 0.933287 -0.995763 -0.973286  2.944485
0.911659 0.933287 -0.995763 -0.973286  3.190183
0.911659 1.031301 -0.995763 -0.973286  3.648728
0.911659 1.031301 -1.085374 -0.973286  4.175983
0.911659 1.031301 -1.085374 -1.050555  4.582261
0.911659 1.031301 -1.085374 -1.050555  4.582261
0.911659 1.031301 -1.085374 -1.050555  4.582261
0.911659 1.031301 -1.125185 -1.050555  4.879531
0.911659 1.031301 -1.125185 -1.077270  5.050724
0.911659 1.031301 -1.125185 -1.077270  5.050724
0.911659 1.031301 -1.125185 -1.077270  5.050724
0.911659 1.031301 -1.125185 -1.077270  5.050724
0.911659 1.031301 -1.125185 -1.077270  5.050724
0.948628 1.031301 -1.125185 -1.077270  5.189189
0.948628 1.081100 -1.125185 -1.077270  5.499399
0.948628 1.081100 -1.125185 -1.077270  5.499399
0.948628 1.081100 -1.125185 -1.077270  5.499399
1.036685 1.081100 -1.125185 -1.077270  5.928574
1.036685 1.081100 -1.125185 -1.077270  5.928574
1.036685 1.081100 -1.211563 -1.077270  6.735591
1.036685 1.081100 -1.211563 -1.150716  7.302371
1.036685 1.081100 -1.211563 -1.150716  7.302371
1.036685 1.081100 -1.211563 -1.150716  7.302371
1.036685 1.081100 -1.246854 -1.150716  7.705386
1.036685 1.081100 -1.246854 -1.173401  7.912256
1.036685 1.081100 -1.246854 -1.173401  7.912256
1.036685 1.083522 -1.246854 -1.173401  7.928875
1.036685 1.083522 -1.246854 -1.173401  7.928875
1.036685 1.083522 -1.246854 -1.173401  7.928875
1.077555 1.083522 -1.246854 -1.173401  8.184261
1.077555 1.137024 -1.246854 -1.173401  8.591230
1.077555 1.137024 -1.246854 -1.173401  8.591230
1.077555 1.137024 -1.246854 -1.173401  8.591230
1.168960 1.137024 -1.246854 -1.173401  9.321178
1.168960 1.137024 -1.246854 -1.173401  9.321178
1.168960 1.137024 -1.330305 -1.173401  10.473977
1.168960 1.137024 -1.330305 -1.243932  11.227876
1.168960 1.137024 -1.330305 -1.243932  11.227876
1.168960 1.137024 -1.330305 -1.243932  11.227876
1.168960 1.137024 -1.362708 -1.243932  11.760629
1.168960 1.137024 -1.362708 -1.263762  12.005718
1.168960 1.137024 -1.362708 -1.263762  12.005718
1.168960 1.142257 -1.362708 -1.263762  12.049856
1.168960 1.142257 -1.362708 -1.263762  12.049856
1.168960 1.142257 -1.362708 -1.263762  12.049856
1.211813 1.142257 -1.362708 -1.263762  12.480367
1.211813 1.197537 -1.362708 -1.263762  12.998702
1.211813 1.197537 -1.362708 -1.263762  12.998702
1.211813 1.197537 -1.362708 -1.263762  12.998702
1.305792 1.197537 -1.362708 -1.263762  14.181859
1.305792 1.197537 -1.362708 -1.263762  14.181859
1.305792 1.197537 -1.443684 -1.263762  15.754115
1.305792 1.197537 -1.443684 -1.332197  16.726690
1.305792 1.197537 -1.443684 -1.332197  16.726690
1.305792 1.197537 -1.443684 -1.332197  16.726690
1.305792 1.197537 -1.473680 -1.332197  17.405823
1.305792 1.197537 -1.473680 -1.349219  17.680838
1.305792 1.197537 -1.473680 -1.349219  17.680838
1.305792 1.205454 -1.473680 -1.349219  17.763337
1.305792 1.205454 -1.473680 -1.349219  17.763337
1.305792 1.205454 -1.473680 -1.349219  17.763337
1.351143 1.205454 -1.473680 -1.349219  18.470001
1.351143 1.263726 -1.473680 -1.349219  19.147653
1.351143 1.263726 -1.473680 -1.349219  19.147653
1.351143 1.263726 -1.473680 -1.349219  19.147653
1.445160 1.263726 -1.473680 -1.349219  20.948072
1.445160 1.263726 -1.473680 -1.349219  20.948072
1.445160 1.263726 -1.554878 -1.349219  23.085867
1.445160 1.263726 -1.554878 -1.417346  24.334570
1.445160 1.263726 -1.554878 -1.417346  24.334570
1.445160 1.263726 -1.554878 -1.417346  24.334570
1.445160 1.263726 -1.583072 -1.417346  25.188961
1.445160 1.263726 -1.583072 -1.432737  25.506344
1.445160 1.263726 -1.583072 -1.432737  25.506344
1.445160 1.274148 -1.583072 -1.432737  25.641451
1.445160 1.274148 -1.583072 -1.432737  25.641451
1.445160 1.274148 -1.583072 -1.432737  25.641451
1.493536 1.274148 -1.583072 -1.432737  26.769523
1.493536 1.335560 -1.583072 -1.432737  27.660674
1.493536 1.335560 -1.583072 -1.432737  27.660674
1.493536 1.335560 -1.583072 -1.525757  29.892018
1.493536 1.335560 -1.583072 -1.525757  29.892018
1.493536 1.406548 -1.583072 -1.525757  31.147917
1.493536 1.406548 -1.583072 -1.525757  31.147917
1.493536 1.406548 -1.583072 -1.525757  31.147917
1.493536 1.406548 -1.583072 -1.525757  31.147917
1.493536 1.406548 -1.583072 -1.525757  31.147917
1.493536 1.406548 -1.649896 -1.525757  33.431184
1.493536 1.406548 -1.649896 -1.581444  35.054332
1.493536 1.406548 -1.649896 -1.581444  35.054332
1.493536 1.406548 -1.649896 -1.581444  35.054332
1.493536 1.406548 -1.668623 -1.581444  35.764129
1.493536 1.406548 -1.668623 -1.587336  35.949782
1.498606 1.406548 -1.668623 -1.587336  36.076762
1.498606 1.424216 -1.668623 -1.587336  36.431324
1.498606 1.424216 -1.668623 -1.587336  36.431324
1.498606 1.424216 -1.668623 -1.587336  36.431324
1.552673 1.424216 -1.668623 -1.587336  37.896816
1.552673 1.489777 -1.668623 -1.587336  39.375546
1.552673 1.489777 -1.668623 -1.587336  39.375546
1.552673 1.489777 -1.668623 -1.587336  39.375546
1.552673 1.489777 -1.668623 -1.587336  39.375546
1.552673 1.489777 -1.668623 -1.587336  39.375546
1.552673 1.489777 -1.744976 -1.587336  42.618663
1.552673 1.489777 -1.744976 -1.652282  44.855961
1.552673 1.489777 -1.744976 -1.652282  44.855961
1.552673 1.489777 -1.744976 -1.652282  44.855961
1.552673 1.489777 -1.774652 -1.652282  46.279252
1.552673 1.489777 -1.774652 -1.671047  46.994615
1.552673 1.489777 -1.774652 -1.671047  46.994615
1.552673 1.494708 -1.774652 -1.671047  47.116879
1.552673 1.494708 -1.774652 -1.671047  47.116879
1.552673 1.494708 -1.774652 -1.671047  47.116879
1.592932 1.494708 -1.774652 -1.671047  48.349071
1.592932 1.546949 -1.774652 -1.671047  49.747216
1.592932 1.546949 -1.774652 -1.671047  49.747216
1.592932 1.546949 -1.774652 -1.671047  49.747216
1.678651 1.546949 -1.774652 -1.671047  52.820135
1.678651 1.645540 -1.774652 -1.671047  56.026645
1.678651 1.645540 -1.863135 -1.671047  60.874746
1.678651 1.645540 -1.863135 -1.747454  64.138809
1.678651 1.645540 -1.863135 -1.747454  64.138809
1.678651 1.645540 -1.863135 -1.747454  64.138809
1.678651 1.645540 -1.901197 -1.747454  66.527638
1.678651 1.645540 -1.901197 -1.772510  67.729809
1.678651 1.645540 -1.901197 -1.772510  67.729809
1.678651 1.647259 -1.901197 -1.772510  67.792967
1.678651 1.647259 -1.901197 -1.772510  67.792967
1.678651 1.647259 -1.901197 -1.772510  67.792967
1.717079 1.647259 -1.901197 -1.772510  69.390099
1.717079 1.697929 -1.901197 -1.772510  71.373825
1.717079 1.697929 -1.901197 -1.772510  71.373825
1.717079 1.697929 -1.901197 -1.772510  71.373825
1.803636 1.697929 -1.901197 -1.772510  75.534847
1.803636 1.797155 -1.901197 -1.772510  80.169391
1.803636 1.797155 -1.989068 -1.772510  86.465262
1.803636 1.797155 -1.989068 -1.847485  90.492155
1.803636 1.797155 -1.989068 -1.847485  90.492155
1.803636 1.797155 -1.989068 -1.847485  90.492155
1.803636 1.797155 -2.026210 -1.847485  93.509703
1.803636 1.797155 -2.026210 -1.871659  94.955159
1.803636 1.797155 -2.026210 -1.871659  94.955159
1.803636 1.799135 -2.026210 -1.871659  95.058672
1.803636 1.799135 -2.026210 -1.871659  95.058672
1.803636 1.799135 -2.026210 -1.871659  95.058672
1.844482 1.799135 -2.026210 -1.871659  97.320107
1.844482 1.850943 -2.026210 -1.871659  100.195040
1.844482 1.850943 -2.026210 -1.871659  100.195040
1.844482 1.850943 -2.026210 -1.871659  100.195040
1.929796 1.850943 -2.026210 -1.871659  105.610666
1.929796 1.948191 -2.026210 -1.871659  111.949885
1.929796 1.948191 -2.116744 -1.871659  120.292776
1.929796 1.948191 -2.116744 -1.951444  125.623847
1.929796 1.948191 -2.116744 -1.951444  125.623847
1.929796 1.948191 -2.116744 -1.951444  125.623847
1.929796 1.948191 -2.161159 -1.951444  130.273217
1.929796 1.948191 -2.161159 -1.984262  132.734193
1.929796 1.948191 -2.161159 -1.984262  132.734193
1.929796 1.948191 -2.161159 -1.984262  132.734193
1.929796 1.948191 -2.164502 -1.984262  133.100006
1.929796 1.948191 -2.164502 -1.984262  133.100006
1.945758 1.948191 -2.164502 -1.984262  134.225398
1.945758 1.973991 -2.164502 -1.984262  136.133599
1.945758 1.973991 -2.164502 -1.984262  136.133599
1.945758 1.973991 -2.164502 -1.984262  136.133599
2.005182 1.973991 -2.164502 -1.984262  140.660597
2.005182 1.973991 -2.164502 -1.984262  140.660597
2.005182 1.973991 -2.174595 -1.984262  141.778699
2.005182 1.973991 -2.174595 -1.987325  142.016893
2.011211 1.973991 -2.174595 -1.987325  142.507180
2.011211 1.992813 -2.174595 -1.987325  143.963648
2.011211 1.992813 -2.174595 -1.987325  143.963648
2.011211 1.992813 -2.174595 -1.987325  143.963648
2.066177 1.992813 -2.174595 -1.987325  148.712943
2.066177 2.059484 -2.174595 -1.987325  154.334116
2.066177 2.059484 -2.174595 -1.987325  154.334116
2.066177 2.059484 -2.174595 -1.987325  154.334116
2.066177 2.059484 -2.174595 -1.987325  154.334116
2.066177 2.059484 -2.174595 -1.987325  154.334116
2.066177 2.059484 -2.250094 -1.987325  163.382519
2.066177 2.059484 -2.250094 -2.051283  168.702222
2.066177 2.059484 -2.250094 -2.051283  168.702222
2.066177 2.059484 -2.250094 -2.051283  168.702222
2.066177 2.059484 -2.279180 -2.051283  172.527752
2.066177 2.059484 -2.279180 -2.068079  174.039186
2.066177 2.059484 -2.279180 -2.068079  174.039186
2.066177 2.065906 -2.279180 -2.068079  174.620439
2.066177 2.065906 -2.279180 -2.068079  174.620439
2.066177 2.065906 -2.279180 -2.068079  174.620439
2.107794 2.065906 -2.279180 -2.068079  178.568685
2.107794 2.119823 -2.279180 -2.068079  183.742404
2.107794 2.119823 -2.279180 -2.068079  183.742404
2.107794 2.119823 -2.279180 -2.068079  183.742404
2.196829 2.119823 -2.279180 -2.068079  193.303872
2.196829 2.119823 -2.279180 -2.068079  193.303872
2.196829 2.119823 -2.366243 -2.068079  205.983009
2.196829 2.119823 -2.366243 -2.144019  213.457770
2.196829 2.119823 -2.366243 -2.144019  213.457770
2.196829 2.119823 -2.366243 -2.144019  213.457770
2.196829 2.119823 -2.408118 -2.144019  220.258153
2.196829 2.119823 -2.408118 -2.174638  223.586908
2.196829 2.119823 -2.408118 -2.174638  223.586908
2.196829 2.119823 -2.408118 -2.174638  223.586908
2.196829 2.119823 -2.408118 -2.174638  223.586908
2.196829 2.119823 -2.408118 -2.174638  223.586908
2.258538 2.119823 -2.408118 -2.174638  231.188347
2.258538 2.193684 -2.408118 -2.174638  239.183808
2.258538 2.193684 -2.408118 -2.174638  239.183808
2.258538 2.193684 -2.408118 -2.174638  239.183808
2.258538 2.193684 -2.408118 -2.174638  239.183808
2.258538 2.193684 -2.408118 -2.174638  239.183808
2.258538 2.193684 -2.479031 -2.174638  251.830572
2.258538 2.193684 -2.479031 -2.235984  259.088321
2.258538 2.193684 -2.479031 -2.235984  259.088321
2.258538 2.193684 -2.479031 -2.235984  259.088321
2.258538 2.193684 -2.511396 -2.235984  265.361809
2.258538 2.193684 -2.511396 -2.257943  268.160678
2.258538 2.193684 -2.511396 -2.257943  268.160678
2.258538 2.193684 -2.511396 -2.257943  268.160678
2.258538 2.193684 -2.511396 -2.257943  268.160678
2.258538 2.193684 -2.511396 -2.257943  268.160678
2.278666 2.193684 -2.511396 -2.257943  270.826481
2.278666 2.220690 -2.511396 -2.257943  274.031432
2.278666 2.220690 -2.511396 -2.257943  274.031432
2.278666 2.220690 -2.511396 -2.257943  274.031432
2.326747 2.220690 -2.511396 -2.257943  280.792146
2.326747 2.276018 -2.511396 -2.257943  287.863571
2.326747 2.276018 -2.511396 -2.257943  287.863571
2.326747 2.276018 -2.511396 -2.257943  287.863571
2.402756 2.276018 -2.511396 -2.257943  299.754043
2.402756 2.359143 -2.511396 -2.257943  311.752260
2.402756 2.359143 -2.511396 -2.257943  311.752260
2.402756 2.359143 -2.511396 -2.257943  311.752260
2.402756 2.359143 -2.511396 -2.257943  311.752260
2.402756 2.359143 -2.511396 -2.257943  311.752260
2.402756 2.359143 -2.593153 -2.257943  329.107402
2.402756 2.359143 -2.593153 -2.332675  339.484421
2.402756 2.359143 -2.593153 -2.332675  339.484421
2.402756 2.359143 -2.593153 -2.332675  339.484421
2.402756 2.359143 -2.647333 -2.332675  352.256740
2.402756 2.359143 -2.647333 -2.379788  359.518956
2.402756 2.359143 -2.647333 -2.379788  359.518956
2.402756 2.359143 -2.647333 -2.379788  359.518956
2.402756 2.359143 -2.673760 -2.379788  366.139772
2.402756 2.359143 -2.673760 -2.398897  369.253837
2.402756 2.359143 -2.673760 -2.398897  369.253837
2.402756 2.359143 -2.673760 -2.398897  369.253837
2.402756 2.359143 -2.769833 -2.398897  395.633321
2.402756 2.359143 -2.769833 -2.484747  410.903280
2.402756 2.359143 -2.769833 -2.484747  410.903280
2.402756 2.359143 -2.769833 -2.484747  410.903280
2.402756 2.359143 -2.834552 -2.484747  430.861079
2.402756 2.359143 -2.834552 -2.542338  442.358098
2.402756 2.359143 -2.834552 -2.542338  442.358098
2.402756 2.359143 -2.834552 -2.542338  442.358098
2.402756 2.359143 -2.871216 -2.542338  454.502499
2.402756 2.359143 -2.871216 -2.571921  460.827202
2.402756 2.359143 -2.871216 -2.571921  460.827202
2.402756 2.359143 -2.871216 -2.571921  460.827202
2.402756 2.359143 -2.880326 -2.571921  463.942544
2.402756 2.359143 -2.880326 -2.574167  464.434827
2.407325 2.359143 -2.880326 -2.574167  465.199153
2.407325 2.370456 -2.880326 -2.574167  466.968277
2.407325 2.370456 -2.880326 -2.574167  466.968277
2.407325 2.370456 -2.880326 -2.574167  466.968277
2.438831 2.370456 -2.880326 -2.574167  472.399107
2.438831 2.408884 -2.880326 -2.574167  478.665519
2.438831 2.408884 -2.880326 -2.574167  478.665519
2.438831 2.408884 -2.880326 -2.574167  478.665519
2.497441 2.408884 -2.880326 -2.574167  489.543307
2.497441 2.474552 -2.880326 -2.574167  501.218439
2.497441 2.474552 -2.880326 -2.574167  501.218439
2.497441 2.474552 -2.880326 -2.574167  501.218439
2.583210 2.474552 -2.880326 -2.574167  519.087664
2.583210 2.567393 -2.880326 -2.574167  537.849552
2.583210 2.567393 -2.880326 -2.574167  537.849552
2.583210 2.567393 -2.880326 -2.667437  559.864883
2.583210 2.567393 -2.880326 -2.667437  559.864883
2.583210 2.567393 -2.880326 -2.667437  559.864883
2.583210 2.567393 -2.952441 -2.667437  585.957088
2.583210 2.567393 -2.952441 -2.732182  603.161189
2.583210 2.567393 -2.952441 -2.732182  603.161189
2.583210 2.567393 -2.952441 -2.732182  603.161189
2.583210 2.567393 -2.996396 -2.732182  620.365296
2.583210 2.567393 -2.996396 -2.768922  630.880861
2.583210 2.567393 -2.996396 -2.768922  630.880861
2.583210 2.567393 -2.996396 -2.768922  630.880861
2.583210 2.567393 -3.011826 -2.768922  637.164106
2.583210 2.567393 -3.011826 -2.777327  639.649244
2.583210 2.567393 -3.011826 -2.777327  639.649244
2.583210 2.573622 -3.011826 -2.777327  641.009113
2.583210 2.573622 -3.011826 -2.777327  641.009113
2.583210 2.573622 -3.011826 -2.777327  641.009113
2.610314 2.573622 -3.011826 -2.777327  647.171582
2.610314 2.607784 -3.011826 -2.777327  654.866759
2.610314 2.607784 -3.011826 -2.777327  654.866759
2.610314 2.607784 -3.011826 -2.777327  654.866759
2.664957 2.607784 -3.011826 -2.777327  668.093713
2.664957 2.669471 -3.011826 -2.777327  683.049025
2.664957 2.669471 -3.011826 -2.777327  683.049025
2.664957 2.669471 -3.011826 -2.777327  683.049025
2.747533 2.669471 -3.011826 -2.777327  705.205095
2.747533 2.759223 -3.011826 -2.777327  729.578456
2.747533 2.759223 -3.011826 -2.777327  729.578456
2.747533 2.759223 -3.011826 -2.873884  760.371759
2.747533 2.759223 -3.011826 -2.873884  760.371759
2.747533 2.759223 -3.011826 -2.873884  760.371759
2.747533 2.759223 -3.087333 -2.873884  793.034676
2.747533 2.759223 -3.087333 -2.942129  817.443224
2.747533 2.759223 -3.087333 -2.942129  817.443224
2.747533 2.759223 -3.087333 -2.942129  817.443224
2.747533 2.759223 -3.134505 -2.942129  839.536305
2.747533 2.759223 -3.134505 -2.982176  854.953473
2.747533 2.759223 -3.134505 -2.982176  854.953473
2.747533 2.759223 -3.134505 -2.982176  854.953473
2.747533 2.759223 -3.153748 -2.982176  864.355896
2.747533 2.759223 -3.153748 -2.994346  869.208331
2.747533 2.759223 -3.153748 -2.994346  869.208331
2.747533 2.760841 -3.153748 -2.994346  869.677767
2.747533 2.760841 -3.153748 -2.994346  869.677767
2.747533 2.760841 -3.153748 -2.994346  869.677767
2.770149 2.760841 -3.153748 -2.994346  876.228770
2.770149 2.790672 -3.153748 -2.994346  885.083590
2.770149 2.790672 -3.153748 -2.994346  885.083590
2.770149 2.790672 -3.153748 -2.994346  885.083590
2.821197 2.790672 -3.153748 -2.994346  900.677814
2.821197 2.848654 -3.153748 -2.994346  919.006970
2.821197 2.848654 -3.153748 -2.994346  919.006970
2.821197 2.848654 -3.153748 -2.994346  919.006970
2.821197 2.848654 -3.153748 -2.994346  919.006970
2.821197 2.848654 -3.153748 -2.994346  919.006970
2.821197 2.848654 -3.183564 -2.994346  934.036370
2.821197 2.848654 -3.183564 -3.017219  943.371691
2.821197 2.848654 -3.183564 -3.017219  943.371691
2.821197 2.848654 -3.183564 -3.017219  943.371691
2.821197 2.848654 -3.185803 -3.017219  944.523363
2.821197 2.848654 -3.185803 -3.017219  944.523363
2.833150 2.848654 -3.185803 -3.017219  948.341622
2.833150 2.867978 -3.185803 -3.017219  954.791000
2.833150 2.867978 -3.185803 -3.017219  954.791000
2.833150 2.867978 -3.185803 -3.017219  954.791000
2.873804 2.867978 -3.185803 -3.017219  968.268664
2.873804 2.915481 -3.185803 -3.017219  984.879295
2.873804 2.915481 -3.185803 -3.017219  984.879295
2.873804 2.915481 -3.185803 -3.017219  984.879295
2.942030 2.915481 -3.185803 -3.017219  1009.278134
2.942030 2.991312 -3.185803 -3.017219  1038.134626
2.942030 2.991312 -3.185803 -3.017219  1038.134626
2.942030 2.991312 -3.185803 -3.017219  1038.134626
3.039683 2.991312 -3.185803 -3.017219  1077.225147
3.039683 2.991312 -3.185803 -3.017219  1077.225147
3.039683 2.991312 -3.274233 -3.017219  1125.370079
3.039683 2.991312 -3.274233 -3.098596  1160.959465
3.039683 2.991312 -3.274233 -3.098596  1160.959465
3.039683 2.991312 -3.274233 -3.098596  1160.959465
3.039683 2.991312 -3.334957 -3.098596  1197.173686
3.039683 2.991312 -3.334957 -3.152386  1222.842767
3.039683 2.991312 -3.334957 -3.152386  1222.842767
3.039683 2.991312 -3.334957 -3.152386  1222.842767
3.039683 2.991312 -3.368014 -3.152386  1243.697197
3.039683 2.991312 -3.368014 -3.178731  1256.924743
3.039683 2.991312 -3.368014 -3.178731  1256.924743
3.039683 2.991312 -3.368014 -3.178731  1256.924743
3.039683 2.991312 -3.374024 -3.178731  1260.805399
3.039683 2.991312 -3.374024 -3.178731  1260.805399
3.047466 2.991312 -3.374024 -3.178731  1264.144683
3.047466 3.005949 -3.374024 -3.178731  1270.062047
3.047466 3.005949 -3.374024 -3.178731  1270.062047
3.047466 3.005949 -3.374024 -3.178731  1270.062047
3.082883 3.005949 -3.374024 -3.178731  1285.694364
3.082883 3.048409 -3.374024 -3.178731  1303.524135
3.082883 3.048409 -3.374024 -3.178731  1303.524135
3.082883 3.048409 -3.374024 -3.178731  1303.524135
3.145735 3.048409 -3.374024 -3.178731  1333.092507
3.145735 3.118305 -3.374024 -3.178731  1364.688374
3.145735 3.118305 -3.374024 -3.178731  1364.688374
3.145735 3.118305 -3.374024 -3.178731  1364.688374
3.235980 3.118305 -3.374024 -3.178731  1411.482913
3.235980 3.216181 -3.374024 -3.178731  1460.752240
3.235980 3.216181 -3.468782 -3.178731  1525.701032
3.235980 3.216181 -3.468782 -3.266250  1572.907198
3.235980 3.216181 -3.468782 -3.266250  1572.907198
3.235980 3.216181 -3.468782 -3.266250  1572.907198
3.235980 3.216181 -3.534558 -3.266250  1622.362566
3.235980 3.216181 -3.534558 -3.324869  1656.940260
3.235980 3.216181 -3.534558 -3.324869  1656.940260
3.235980 3.216181 -3.534558 -3.324869  1656.940260
3.235980 3.216181 -3.571846 -3.324869  1686.659654
