-0.160347 -0.160195 -0.160076  -0.004132
-0.066808 -0.066590 -0.066495  -0.000299
-0.166059 -0.165998 -0.165912  -0.004586
-0.068018 -0.067936 -0.067866  -0.000316
-0.238947 -0.238877 -0.238796  -0.013657
0.102456 0.102517 0.102608  0.001073
0.109879 0.109944 0.110030  0.001323
-0.044567 -0.044506 -0.044420  -0.000089
-0.082777 -0.120926 -0.120835  -0.000571
-0.153326 -0.153270 -0.185522  -0.000820
-0.211638 -0.211572 -0.211486  -0.009491
-0.020571 -0.020490 -0.020419  -0.000009
-0.014462 -0.014376 -0.014310  -0.000003
-0.008684 -0.008603 -0.008537  -0.000001
-0.002120 -0.002038 -0.001973  -0.000000
0.008073 0.008159 0.008225  0.000001
0.013913 0.013974 0.014061  0.000003
0.019600 0.019656 0.019747  0.000007
0.025335 0.025396 0.025487  0.000016
0.030415 0.030496 0.030562  0.000028
0.066179 0.066293 0.066389  0.000289
0.108106 0.108177 0.108268  0.001260
0.155758 0.155834 0.155905  0.003774
0.052604 0.052665 0.052756  0.000145
-0.119091 -0.119010 -0.118939  -0.001692
0.222725 0.222787 0.222877  0.011035
0.229807 0.229868 0.229959  0.012122
0.074707 0.074793 0.074859  0.000416
0.155135 0.235625 0.235695  0.003722
0.321170 0.321246 0.406938  -0.001108
0.498427 0.498513 0.498579  0.123775
0.096408 0.096469 0.096560  0.000894
-0.097683 -0.097602 -0.097531  -0.000934
-0.091658 -0.091602 -0.091511  -0.000772
-0.085990 -0.085914 -0.085843  -0.000637
-0.080407 -0.080346 -0.080255  -0.000522
-0.075015 -0.074929 -0.074863  -0.000423
-0.069763 -0.069702 -0.069616  -0.000341
-0.064532 -0.064451 -0.064385  -0.000270
-0.059148 -0.059087 -0.058996  -0.000208
-0.113036 -0.112945 -0.112875  -0.001447
-0.160876 -0.160794 -0.160729  -0.004169
-0.203275 -0.203214 -0.203123  -0.008411
-0.037220 -0.037159 -0.037072  -0.000052
-0.208686 -0.208625 -0.208539  -0.009100
0.132930 0.132991 0.133077  0.002344
0.140310 0.140371 0.140462  0.002757
-0.014410 -0.014324 -0.014263  -0.000003
-0.022981 -0.031490 -0.031404  -0.000012
-0.034127 -0.034070 -0.036560  -0.000030
-0.033082 -0.033021 -0.032930  -0.000037
0.009311 0.009377 0.009463  0.000001
0.015117 0.015203 0.015269  0.000003
0.020548 0.020609 0.020695  0.000009
0.025917 0.026003 0.026069  0.000017
0.031040 0.031106 0.031192  0.000030
0.036267 0.036344 0.036414  0.000047
0.041665 0.041731 0.041817  0.000072
0.046821 0.046878 0.046948  0.000102
0.051929 0.052015 0.052081  0.000139
0.109042 0.109128 0.109194  0.001294
0.171664 0.171754 0.171815  0.005053
0.239502 0.239563 0.239649  0.013723
0.073317 0.073378 0.073464  0.000393
-0.097918 -0.097832 -0.097771  -0.000941
0.243462 0.243543 0.243609  0.014419
0.060836 0.060998 0.061063  0.000224
-0.093670 -0.093614 -0.093523  -0.000824
-0.181397 -0.269057 -0.268971  -0.005987
-0.350997 -0.350941 -0.432733  -0.005431
-0.508940 -0.508863 -0.508792  -0.131880
-0.069693 -0.069637 -0.069546  -0.000340
-0.064006 -0.063920 -0.063859  -0.000263
-0.058309 -0.058248 -0.058157  -0.000199
-0.053001 -0.052945 -0.052874  -0.000149
-0.047875 -0.047789 -0.047723  -0.000110
-0.042291 -0.042201 -0.042140  -0.000076
-0.036960 -0.036874 -0.036808  -0.000051
-0.031377 -0.031316 -0.031225  -0.000031
-0.026059 -0.026003 -0.025912  -0.000018
-0.046741 -0.046650 -0.046584  -0.000103
-0.061449 -0.061378 -0.061292  -0.000233
-0.070500 -0.070414 -0.070348  -0.000351
-0.003473 -0.003412 -0.003325  -0.000000
-0.173278 -0.173213 -0.173131  -0.005210
0.168120 0.168181 0.168252  0.004746
0.175424 0.175494 0.175576  0.005391
0.020737 0.020789 0.020885  0.000009
0.047057 0.073457 0.073523  0.000103
0.105185 0.105246 0.137120  -0.000249
0.174359 0.174445 0.174511  0.005295
0.042338 0.042404 0.042490  0.000075
0.047929 0.048011 0.048081  0.000110
0.053352 0.053442 0.053499  0.000151
0.058379 0.058456 0.058526  0.000198
0.063299 0.063365 0.063451  0.000253
0.068616 0.068682 0.068748  0.000322
0.073800 0.073857 0.073947  0.000400
0.079681 0.079767 0.079833  0.000505
0.084552 0.084634 0.084699  0.000603
0.174190 0.174256 0.174346  0.005277
0.269442 0.269524 0.269589  0.019547
0.170074 0.170156 0.170226  0.004913
-0.092623 -0.092542 -0.092476  -0.000796
-0.263312 -0.263230 -0.263160  -0.018271
0.078823 0.078889 0.078970  0.000488
0.142006 0.142291 0.142352  0.002860
-0.012196 -0.012140 -0.012049  -0.000002
-0.018407 -0.024557 -0.024471  -0.000006
-0.024990 -0.024939 -0.025225  -0.000015
-0.019957 -0.019876 -0.019806  -0.000008
0.010603 0.010689 0.010755  0.000001
0.015883 0.015960 0.016030  0.000004
0.021490 0.021551 0.021642  0.000010
0.026812 0.026868 0.026959  0.000019
0.031872 0.031963 0.032019  0.000032
0.037138 0.037199 0.037290  0.000051
0.042584 0.042645 0.042735  0.000077
0.047754 0.047815 0.047905  0.000108
0.052814 0.052896 0.052966  0.000147
0.110679 0.110765 0.110836  0.001353
0.173777 0.173859 0.173929  0.005241
0.242230 0.242291 0.242382  0.014197
0.073917 0.073978 0.074069  0.000402
-0.097322 -0.097232 -0.097141  -0.000924
0.243901 0.243982 0.244048  0.014497
0.250650 0.250711 0.250802  0.015730
0.095978 0.096034 0.096125  0.000882
-0.002727 -0.101370 -0.101279  -0.000003
-0.194061 -0.193980 -0.286523  0.008915
-0.373517 -0.373456 -0.373365  -0.052149
-0.080225 -0.080164 -0.080073  -0.000518
-0.074823 -0.074747 -0.074676  -0.000420
-0.069231 -0.069149 -0.069079  -0.000333
-0.063965 -0.063899 -0.063818  -0.000263
-0.058715 -0.058634 -0.058568  -0.000203
-0.053501 -0.053445 -0.053374  -0.000154
-0.048394 -0.048303 -0.048242  -0.000114
-0.043100 -0.043044 -0.042953  -0.000081
-0.037598 -0.037517 -0.037446  -0.000053
