-0.998606 -0.998449 -0.998326  -0.996194
-0.952185 -0.951938 -0.951867  -0.863496
-0.899099 -0.899038 -0.898952  -0.727022
0.058233 0.058298 0.058384  0.000197
-0.875494 -0.875433 -0.875342  -0.671266
-0.525331 -0.525245 -0.525180  -0.145032
-0.517837 -0.517776 -0.517685  -0.138934
0.081413 0.081474 0.081565  0.000538
0.168536 0.255735 0.255805  0.004773
0.348815 0.348901 0.442133  -0.001516
0.540893 0.540958 0.541044  0.158170
-0.095816 -0.095734 -0.095664  -0.000882
-0.089331 -0.089274 -0.089179  -0.000715
-0.083658 -0.083597 -0.083516  -0.000587
-0.078156 -0.078070 -0.078004  -0.000479
-0.072255 -0.072194 -0.072108  -0.000379
-0.067213 -0.067127 -0.067062  -0.000305
-0.062020 -0.061934 -0.061868  -0.000239
-0.056399 -0.056318 -0.056252  -0.000180
-0.050636 -0.050570 -0.050479  -0.000131
-0.095660 -0.095566 -0.095470  -0.000878
-0.134870 -0.134780 -0.134709  -0.002457
-0.167856 -0.167790 -0.167704  -0.004737
-0.027285 -0.027199 -0.027138  -0.000020
-0.961357 -0.961301 -0.961210  -0.888746
-0.611284 -0.611223 -0.611132  -0.228519
-0.603933 -0.603847 -0.603786  -0.220343
-0.004764 -0.004673 -0.004607  -0.000000
-0.002227 0.000371 0.000462  -0.000000
0.013982 0.014409 0.028538  -0.000018
0.048914 0.048971 0.049062  0.000116
0.026006 0.026067 0.026133  0.000017
0.031817 0.031873 0.031964  0.000032
0.037281 0.037337 0.037428  0.000051
0.042465 0.042531 0.042617  0.000076
0.047365 0.047421 0.047512  0.000106
0.052663 0.052729 0.052934  0.000144
0.058137 0.058193 0.058284  0.000196
0.063113 0.063169 0.063260  0.000250
0.068947 0.069008 0.069098  0.000326
0.143362 0.143419 0.143514  0.002941
0.223422 0.223483 0.223549  0.011143
0.308922 0.308978 0.309069  0.029455
0.090837 0.090893 0.090984  0.000747
-0.843359 -0.843308 -0.843212  -0.600047
-0.693078 -0.692992 -0.692930  -0.333012
-0.685868 -0.685807 -0.685721  -0.322764
-0.086443 -0.086377 -0.086291  -0.000648
-0.167123 -0.247737 -0.247651  -0.004684
-0.322749 -0.322683 -0.397543  -0.004391
-0.466972 -0.466906 -0.466825  -0.101882
-0.063842 -0.063761 -0.063695  -0.000261
-0.058562 -0.058506 -0.058415  -0.000202
-0.053089 -0.053032 -0.052942  -0.000150
-0.047435 -0.047358 -0.047288  -0.000107
-0.042279 -0.042202 -0.042132  -0.000076
-0.036924 -0.036833 -0.036772  -0.000051
-0.031364 -0.031303 -0.031212  -0.000031
-0.026066 -0.026009 -0.025919  -0.000018
-0.020489 -0.020407 -0.020342  -0.000009
-0.035551 -0.035480 -0.035389  -0.000045
-0.044741 -0.044650 -0.044589  -0.000090
-0.047797 -0.047746 -0.047646  -0.000110
0.002521 0.002598 0.002668  0.000000
-0.930631 -0.930545 -0.930475  -0.806179
-0.570103 -0.570014 -0.569923  -0.185382
-0.562833 -0.562772 -0.562686  -0.178376
0.036531 0.036597 0.036663  0.000048
0.078473 0.120497 0.120567  0.000480
0.168079 0.168160 0.215894  -0.000559
0.269609 0.269695 0.269760  0.019583
0.059041 0.059127 0.059198  0.000205
0.064620 0.064676 0.064767  0.000269
0.070269 0.070355 0.070426  0.000346
0.075619 0.075700 0.075771  0.000431
0.081032 0.081098 0.081184  0.000530
0.086363 0.086429 0.086515  0.000642
0.091372 0.091442 0.091524  0.000761
0.096656 0.096722 0.096808  0.000901
-0.098288 -0.098222 -0.098136  -0.000952
-0.190770 -0.190684 -0.190613  -0.006950
-0.276630 -0.276568 -0.276482  -0.021189
-0.356258 -0.356172 -0.356106  -0.045241
-0.073491 -0.073414 -0.073344  -0.000398
-1.007876 -1.007800 -1.007729  -1.024030
-0.656441 -0.656385 -0.656294  -0.282988
-0.648981 -0.648929 -0.648834  -0.273456
-0.049508 -0.049456 -0.049360  -0.000122
-0.093282 -0.136974 -0.136904  -0.000816
-0.175289 -0.175207 -0.213370  -0.001050
-0.245982 -0.245925 -0.245855  -0.014896
-0.027163 -0.027082 -0.027016  -0.000020
-0.021788 -0.021722 -0.021636  -0.000010
-0.016637 -0.016576 -0.016490  -0.000005
-0.010988 -0.010927 -0.010841  -0.000001
-0.005376 -0.005311 -0.005245  -0.000000
0.000049 0.000135 0.000201  -0.000000
0.007216 0.007273 0.007363  0.000000
0.013269 0.013330 0.013416  0.000002
0.019103 0.019173 0.019255  0.000007
0.043661 0.043727 0.043813  0.000083
0.073906 0.073962 0.074053  0.000402
0.109620 0.109701 0.109771  0.001315
0.041463 0.041519 0.041610  0.000071
-1.037636 -1.037395 -1.037309  -1.117488
-0.684817 -0.684735 -0.684665  -0.321261
-0.677228 -0.677167 -0.677081  -0.310721
-0.077500 -0.077423 -0.077353  -0.000467
-0.148776 -0.219992 -0.219901  -0.003306
-0.285647 -0.285591 -0.351099  -0.003320
-0.410968 -0.410911 -0.410821  -0.069456
-0.054315 -0.054238 -0.054168  -0.000161
-0.048851 -0.048765 -0.048704  -0.000117
-0.043419 -0.043353 -0.043267  -0.000082
-0.037831 -0.037765 -0.037679  -0.000055
-0.032343 -0.032282 -0.032192  -0.000034
-0.026832 -0.026771 -0.026680  -0.000020
-0.021183 -0.021102 -0.021036  -0.000010
-0.015387 -0.015310 -0.015240  -0.000004
-0.009586 -0.009490 -0.009425  -0.000001
-0.013114 -0.013044 -0.012957  -0.000002
-0.011051 -0.010960 -0.010895  -0.000001
-0.003234 -0.003157 -0.003087  -0.000000
0.014620 0.014676 0.014767  0.000003
-0.919340 -0.919264 -0.919193  -0.777193
-0.569052 -0.568991 -0.568905  -0.184354
-0.561777 -0.561711 -0.561625  -0.177375
0.037757 0.037828 0.037909  0.000053
0.080856 0.124010 0.124101  0.000524
0.172757 0.172818 0.221718  -0.000582
0.276569 0.276635 0.276716  0.021136
0.060387 0.060468 0.060538  0.000219
0.066245 0.066311 0.066397  0.000290
0.071685 0.071761 0.071832  0.000367
0.076850 0.076927 0.077002  0.000453
0.082282 0.082338 0.082429  0.000555
0.087291 0.087372 0.087438  0.000664
0.092252 0.092309 0.092400  0.000783
0.097645 0.097722 0.097792  0.000929
-0.097475 -0.097393 -0.097323  -0.000928
