0.014554 0.014710 0.014829  0.000003
-0.077176 -0.076968 -0.076877  -0.000461
-0.137269 -0.137179 -0.137118  -0.002590
-0.054073 -0.054012 -0.053921  -0.000159
-0.064934 -0.064868 -0.064782  -0.000275
0.261497 0.261559 0.261645  0.017864
0.269128 0.269210 0.269275  0.019479
-0.030851 -0.030785 -0.030703  -0.000030
-0.055482 -0.080053 -0.079962  -0.000173
-0.098888 -0.098823 -0.117506  -0.000310
-0.130422 -0.130361 -0.130290  -0.002222
-0.006755 -0.006689 -0.006608  -0.000000
-0.000508 -0.000451 -0.000361  -0.000000
0.010055 0.010146 0.010211  0.000001
0.017640 0.017701 0.017787  0.000005
0.023474 0.023560 0.023626  0.000013
0.029366 0.029427 0.029513  0.000025
0.034431 0.034517 0.034578  0.000041
0.039530 0.039587 0.039678  0.000061
0.044866 0.044923 0.045014  0.000090
0.095002 0.095121 0.095211  0.000855
0.150521 0.150582 0.150673  0.003404
0.211419 0.211501 0.211566  0.009441
0.066215 0.066339 0.066405  0.000289
0.055265 0.055321 0.055412  0.000168
0.381654 0.381715 0.381801  0.055554
0.388848 0.388909 0.389000  0.058754
0.088475 0.088556 0.088627  0.000691
0.182828 0.277246 0.277332  0.006091
0.376949 0.377030 0.476880  -0.001293
0.382578 0.382659 0.382729  0.055965
-0.089179 -0.089102 -0.089037  -0.000711
-0.083425 -0.083359 -0.083273  -0.000582
-0.077734 -0.077657 -0.077587  -0.000471
-0.072440 -0.072384 -0.072293  -0.000382
-0.066758 -0.066677 -0.066611  -0.000298
-0.061525 -0.061469 -0.061378  -0.000234
-0.056194 -0.056138 -0.056047  -0.000178
-0.050797 -0.050706 -0.050645  -0.000132
-0.045627 -0.045546 -0.045480  -0.000095
-0.085467 -0.085381 -0.085315  -0.000626
-0.119823 -0.119766 -0.119675  -0.001724
-0.148279 -0.148197 -0.148127  -0.003265
-0.022887 -0.022821 -0.022735  -0.000012
-0.034147 -0.034056 -0.033986  -0.000040
0.292476 0.292537 0.292627  0.024996
0.299565 0.299646 0.299716  0.026864
-0.000973 -0.000912 -0.000821  -0.000000
0.005173 0.011401 0.011471  0.000000
0.023434 0.023495 0.035679  -0.000020
0.053446 0.053532 0.053598  0.000152
0.023236 0.023322 0.023388  0.000012
0.028482 0.028544 0.028630  0.000023
0.034022 0.034103 0.034169  0.000039
0.039381 0.039463 0.039533  0.000061
0.044429 0.044495 0.044577  0.000087
0.049362 0.049448 0.049509  0.000120
0.055230 0.055296 0.055382  0.000168
0.060608 0.060669 0.060760  0.000222
0.065907 0.065968 0.066054  0.000285
0.136960 0.137026 0.137112  0.002564
0.213880 0.213936 0.214027  0.009771
0.296175 0.296236 0.296322  0.025958
0.087241 0.087323 0.087388  0.000662
0.076508 0.076599 0.076670  0.000447
0.402921 0.403007 0.403073  0.065380
0.210049 0.210131 0.210197  0.009259
-0.081320 -0.081192 -0.081131  -0.000539
-0.156318 -0.231235 -0.231164  -0.003831
-0.300299 -0.300222 -0.369135  -0.003842
-0.432393 -0.432316 -0.432246  -0.080881
-0.056655 -0.056594 -0.056503  -0.000183
-0.051176 -0.051120 -0.051024  -0.000135
-0.045352 -0.045291 -0.045200  -0.000094
-0.039361 -0.039275 -0.039214  -0.000061
-0.033993 -0.033911 -0.033841  -0.000040
-0.028447 -0.028386 -0.028300  -0.000023
-0.022651 -0.022590 -0.022499  -0.000012
-0.017111 -0.017030 -0.016959  -0.000005
-0.011404 -0.011343 -0.011252  -0.000002
-0.017278 -0.017192 -0.017126  -0.000005
-0.017331 -0.017260 -0.017174  -0.000005
-0.011423 -0.011342 -0.011271  -0.000002
0.011169 0.011230 0.011316  0.000001
0.000156 0.000237 0.000303  -0.000000
0.327669 0.327755 0.327816  0.035161
0.334678 0.334760 0.334830  0.037463
0.034230 0.034311 0.034377  0.000040
0.074688 0.115202 0.115293  0.000413
0.161111 0.161172 0.207232  -0.000531
0.258851 0.258932 0.258998  0.017331
0.056793 0.056875 0.056945  0.000183
0.062538 0.062624 0.062690  0.000244
0.068145 0.068210 0.068292  0.000315
0.073518 0.073604 0.073670  0.000396
0.078821 0.078903 0.078973  0.000488
0.084006 0.084092 0.084153  0.000592
0.088991 0.089072 0.089143  0.000703
0.093976 0.094037 0.094128  0.000828
0.099212 0.099294 0.099359  0.000975
0.003809 0.003875 0.003966  0.000000
-0.085267 -0.085197 -0.085106  -0.000622
-0.168471 -0.168400 -0.168319  -0.004789
-0.077075 -0.077010 -0.076924  -0.000459
-0.087913 -0.087832 -0.087766  -0.000681
0.238462 0.238548 0.238619  0.013548
0.299464 0.299648 0.299734  0.026832
0.001567 0.001653 0.001714  0.000000
0.011116 0.020752 0.020818  0.000001
0.035804 0.035895 0.051103  -0.000041
0.071946 0.072027 0.072098  0.000371
0.026340 0.026426 0.026492  0.000018
0.031762 0.031828 0.031910  0.000032
0.037288 0.037369 0.037435  0.000052
0.042435 0.042516 0.042582  0.000076
0.047486 0.047572 0.047637  0.000107
0.052524 0.052581 0.052651  0.000144
0.057622 0.057699 0.057770  0.000191
0.062935 0.063016 0.063082  0.000248
0.068072 0.068124 0.068219  0.000314
0.141357 0.141433 0.141508  0.002820
0.220572 0.220638 0.220724  0.010719
0.305236 0.305297 0.305388  0.028413
0.089640 0.089706 0.089792  0.000718
0.079533 0.079599 0.079690  0.000501
0.205642 0.205699 0.205790  0.008685
0.212713 0.212799 0.212860  0.009616
-0.087883 -0.087801 -0.087735  -0.000680
-0.169143 -0.250346 -0.250276  -0.004852
-0.325658 -0.325602 -0.400787  -0.004678
-0.470498 -0.470426 -0.470351  -0.104203
-0.063925 -0.063838 -0.063773  -0.000262
-0.058441 -0.058365 -0.058290  -0.000200
-0.052384 -0.052302 -0.052232  -0.000144
-0.047242 -0.047176 -0.047090  -0.000106
-0.041810 -0.041754 -0.041663  -0.000074
-0.036077 -0.035995 -0.035925  -0.000047
-0.030664 -0.030603 -0.030512  -0.000029
-0.025380 -0.025314 -0.025228  -0.000017
-0.019954 -0.019878 -0.019803  -0.000008
