-0.529961 -0.529809 -0.529690  -0.148944
-0.441505 -0.441330 -0.441243  -0.086111
-0.346407 -0.346274 -0.346218  -0.041588
-0.099491 -0.099410 -0.099340  -0.000987
-0.605493 -0.605407 -0.605342  -0.222060
-0.269974 -0.269913 -0.269827  -0.019696
-0.262670 -0.262614 -0.262518  -0.018143
-0.075358 -0.075272 -0.075206  -0.000429
-0.144910 -0.214381 -0.214311  -0.003053
-0.277890 -0.277829 -0.341186  -0.003188
-0.398927 -0.398870 -0.398780  -0.063530
-0.051585 -0.051503 -0.051433  -0.000138
-0.045688 -0.045622 -0.045536  -0.000096
-0.040182 -0.040120 -0.040030  -0.000065
-0.034201 -0.034119 -0.034049  -0.000040
-0.028561 -0.028484 -0.028414  -0.000023
-0.023314 -0.023253 -0.023162  -0.000013
-0.018092 -0.018016 -0.017945  -0.000006
-0.012637 -0.012576 -0.012490  -0.000002
-0.007449 -0.007362 -0.007297  -0.000000
-0.008157 -0.008033 -0.007943  -0.000001
-0.002485 -0.002395 -0.002324  -0.000000
0.013057 0.013148 0.013218  0.000002
0.021205 0.021287 0.021357  0.000009
-0.486016 -0.485930 -0.485864  -0.114849
-0.150529 -0.150468 -0.150382  -0.003417
-0.143401 -0.143340 -0.143249  -0.002954
0.043518 0.043584 0.043665  0.000082
0.092273 0.141108 0.141179  0.000781
0.195516 0.195593 0.250148  -0.000696
0.310410 0.310480 0.310566  0.029884
0.066257 0.066343 0.066409  0.000290
0.072105 0.072182 0.072252  0.000374
0.077219 0.077275 0.077371  0.000459
0.082057 0.082113 0.082204  0.000551
0.087199 0.087260 0.087346  0.000661
0.092544 0.092610 0.092701  0.000790
0.098009 0.098074 0.098156  0.000939
-0.097020 -0.096964 -0.096868  -0.000916
-0.090831 -0.090750 -0.090684  -0.000751
-0.175803 -0.175737 -0.175647  -0.005442
-0.254999 -0.254923 -0.254852  -0.016595
-0.328332 -0.328271 -0.328180  -0.035424
-0.067551 -0.067490 -0.067399  -0.000309
-0.574539 -0.574468 -0.574382  -0.189738
-0.239206 -0.239115 -0.239049  -0.013698
-0.231893 -0.231806 -0.231741  -0.012480
-0.044716 -0.044655 -0.044569  -0.000090
-0.083732 -0.122662 -0.122601  -0.000590
-0.155473 -0.155412 -0.188071  -0.000859
-0.215265 -0.215200 -0.215118  -0.009987
-0.021010 -0.020924 -0.020854  -0.000009
-0.015508 -0.015427 -0.015361  -0.000004
-0.010352 -0.010262 -0.010201  -0.000001
-0.005106 -0.005045 -0.004954  -0.000000
0.000363 0.000420 0.000511  -0.000000
0.007573 0.007634 0.007725  0.000000
0.013332 0.013398 0.013484  0.000002
0.018682 0.018738 0.018829  0.000006
0.024098 0.024184 0.024250  0.000014
0.053281 0.053347 0.053438  0.000150
0.088525 0.088611 0.088677  0.000692
0.129604 0.129670 0.129756  0.002173
0.046544 0.046609 0.046696  0.000100
-0.460156 -0.460080 -0.460009  -0.097480
-0.113722 -0.113599 -0.113528  -0.001473
-0.106248 -0.106192 -0.106101  -0.001202
0.080557 0.080643 0.080704  0.000522
0.166252 0.252002 0.252098  0.004577
0.343474 0.343535 0.435159  -0.001339
0.532417 0.532478 0.532565  0.150850
-0.097410 -0.097349 -0.097258  -0.000927
-0.091163 -0.091097 -0.091016  -0.000760
-0.085429 -0.085348 -0.085278  -0.000625
-0.080021 -0.079956 -0.079874  -0.000514
-0.074354 -0.074277 -0.074206  -0.000412
-0.068723 -0.068637 -0.068571  -0.000326
-0.063581 -0.063520 -0.063434  -0.000258
-0.058236 -0.058155 -0.058084  -0.000198
-0.052942 -0.052876 -0.052786  -0.000149
-0.100775 -0.100705 -0.100619  -0.001026
-0.142851 -0.142786 -0.142700  -0.002920
-0.178666 -0.178590 -0.178519  -0.005710
-0.030084 -0.030023 -0.029933  -0.000027
-0.537112 -0.537030 -0.536960  -0.155012
-0.201753 -0.201677 -0.201606  -0.008221
-0.194667 -0.194606 -0.194520  -0.007387
-0.007554 -0.007488 -0.007402  -0.000000
-0.009653 -0.011691 -0.011600  -0.000001
-0.007562 -0.007500 -0.003244  -0.000001
0.006249 0.006301 0.006396  0.000000
0.015687 0.015769 0.015834  0.000004
0.021418 0.021479 0.021570  0.000010
0.027266 0.027347 0.027417  0.000020
0.032774 0.032830 0.032901  0.000035
0.038356 0.038442 0.038503  0.000056
0.043455 0.043516 0.043602  0.000082
0.048658 0.048749 0.048810  0.000115
0.053990 0.054076 0.054141  0.000157
0.059164 0.059250 0.059321  0.000206
0.123632 0.123718 0.123788  0.001886
0.193848 0.193935 0.194000  0.007277
0.269710 0.269775 0.269861  0.019601
0.081221 0.081302 0.081372  0.000534
-0.546380 -0.546229 -0.546168  -0.163166
-0.209410 -0.209349 -0.209258  -0.009195
-0.202120 -0.202059 -0.201968  -0.008268
-0.014932 -0.014850 -0.014780  -0.000003
-0.023754 -0.032490 -0.032424  -0.000014
-0.035241 -0.035159 -0.037758  -0.000033
-0.034888 -0.034827 -0.034736  -0.000043
0.008353 0.008414 0.008501  0.000001
0.014231 0.014292 0.014362  0.000003
0.019600 0.019666 0.019752  0.000007
0.025002 0.025088 0.025153  0.000016
0.030386 0.030452 0.030538  0.000028
0.035680 0.035741 0.035807  0.000045
0.041187 0.041252 0.041338  0.000069
0.046385 0.046446 0.046537  0.000099
0.051522 0.051583 0.051674  0.000136
0.108242 0.108329 0.108399  0.001266
0.170357 0.170418 0.170509  0.004936
0.237745 0.237821 0.237892  0.013426
0.072525 0.072586 0.072677  0.000380
-0.434003 -0.433937 -0.433847  -0.081800
-0.098698 -0.098612 -0.098546  -0.000963
-0.091418 -0.091352 -0.091266  -0.000766
0.095700 0.095757 0.095852  0.000874
-0.003002 -0.101580 -0.101515  -0.000002
-0.191589 -0.191428 -0.281156  0.008178
-0.361701 -0.361607 -0.361470  -0.047375
-0.071495 -0.071410 -0.071291  -0.000367
-0.064096 -0.063887 -0.063740  -0.000265
-0.056440 -0.056346 -0.056232  -0.000181
-0.048856 -0.048751 -0.048632  -0.000117
-0.041404 -0.041290 -0.041182  -0.000072
-0.033706 -0.033610 -0.033493  -0.000039
-0.026178 -0.026069 -0.025955  -0.000018
-0.018721 -0.018637 -0.018509  -0.000007
-0.009871 -0.009748 -0.009638  -0.000001
