0.526652 0.526809 0.526903  0.145996
0.497586 0.497820 0.497890  0.123146
0.506045 0.506135 0.506201  0.129538
0.013728 0.013790 0.013876  0.000003
0.465112 0.465198 0.465264  0.100575
0.842490 0.842576 0.842642  0.597850
0.849765 0.849822 0.849913  0.613420
0.036974 0.037056 0.037126  0.000050
0.080315 0.123711 0.123802  0.000514
0.172743 0.172829 0.222013  -0.000626
0.277046 0.277116 0.277202  0.021245
0.060378 0.060435 0.060525  0.000219
0.065719 0.065780 0.065871  0.000283
0.071387 0.071464 0.071539  0.000363
0.076396 0.076477 0.076548  0.000445
0.081248 0.081330 0.081400  0.000535
0.086755 0.086841 0.086907  0.000651
0.092002 0.092058 0.092149  0.000776
0.097057 0.097134 0.097205  0.000912
-0.097848 -0.097787 -0.097696  -0.000939
-0.189696 -0.189577 -0.189506  -0.006834
-0.274965 -0.274874 -0.274803  -0.020805
-0.354257 -0.354181 -0.354110  -0.044485
-0.073273 -0.073207 -0.073121  -0.000395
0.376721 0.376797 0.376868  0.053434
0.754526 0.754587 0.754673  0.429412
0.761640 0.761697 0.761787  0.441666
-0.050889 -0.050828 -0.050738  -0.000132
-0.095557 -0.140148 -0.140077  -0.000877
-0.178886 -0.178809 -0.217400  -0.001166
-0.249952 -0.249887 -0.249800  -0.015632
-0.026837 -0.026761 -0.026690  -0.000019
-0.020728 -0.020647 -0.020576  -0.000009
-0.015093 -0.015012 -0.014941  -0.000003
-0.009633 -0.009552 -0.009486  -0.000001
-0.003520 -0.003443 -0.003372  -0.000000
0.006816 0.006907 0.006973  0.000000
0.012495 0.012561 0.012647  0.000002
0.018067 0.018149 0.018214  0.000006
0.023613 0.023679 0.023760  0.000013
0.052826 0.052917 0.053008  0.000147
0.087387 0.087453 0.087539  0.000665
0.126870 0.126956 0.127022  0.002039
0.044763 0.044819 0.044910  0.000089
0.495113 0.495202 0.495293  0.121304
0.872235 0.872291 0.872382  0.663383
0.878945 0.879031 0.879092  0.678882
0.066254 0.066345 0.066411  0.000290
0.139727 0.213282 0.213352  0.002718
0.292243 0.292324 0.371433  -0.001304
0.455982 0.456043 0.456133  0.094751
0.089752 0.089833 0.089904  0.000721
0.095567 0.095653 0.095714  0.000871
-0.099438 -0.099361 -0.099291  -0.000985
-0.093471 -0.093390 -0.093320  -0.000818
-0.087533 -0.087447 -0.087386  -0.000672
-0.081959 -0.081898 -0.081812  -0.000552
-0.076513 -0.076452 -0.076366  -0.000449
-0.071049 -0.070988 -0.070897  -0.000360
-0.065619 -0.065533 -0.065472  -0.000283
-0.125925 -0.125834 -0.125764  -0.002000
-0.180064 -0.179978 -0.179913  -0.005845
-0.228351 -0.228295 -0.228199  -0.011922
-0.042675 -0.042614 -0.042523  -0.000078
0.406972 0.407058 0.407119  0.067375
0.784512 0.784593 0.784659  0.482713
0.791593 0.791649 0.791740  0.495857
-0.011521 -0.011398 -0.011327  -0.000002
-0.017048 -0.022493 -0.022423  -0.000005
-0.022450 -0.022389 -0.022199  -0.000012
-0.016218 -0.016157 -0.016066  -0.000004
0.011332 0.011388 0.011479  0.000001
0.016616 0.016677 0.016768  0.000005
0.022237 0.022293 0.022364  0.000011
0.027491 0.027573 0.027643  0.000021
0.032666 0.032752 0.032818  0.000035
0.037904 0.037965 0.038055  0.000054
0.043291 0.043377 0.043443  0.000081
0.048177 0.048258 0.048328  0.000111
0.053594 0.053655 0.053741  0.000153
0.112410 0.112491 0.112566  0.001418
0.176895 0.176956 0.177047  0.005527
0.246686 0.246763 0.246833  0.014999
0.074830 0.074891 0.074961  0.000418
0.525108 0.525179 0.525270  0.144718
0.902547 0.902629 0.902699  0.735035
0.909159 0.909216 0.909306  0.751259
0.096118 0.096183 0.096245  0.000886
-0.002258 -0.100572 -0.100482  -0.000003
-0.193072 -0.192991 -0.285338  0.008847
-0.372341 -0.372264 -0.372194  -0.051650
-0.081059 -0.080982 -0.080912  -0.000534
-0.075376 -0.075305 -0.075224  -0.000430
-0.069759 -0.069703 -0.069633  -0.000340
-0.064257 -0.064201 -0.064106  -0.000266
-0.058746 -0.058685 -0.058594  -0.000204
-0.053548 -0.053466 -0.053396  -0.000154
-0.048443 -0.048387 -0.048296  -0.000114
-0.043301 -0.043236 -0.043150  -0.000082
-0.038023 -0.037942 -0.037872  -0.000055
-0.070791 -0.070720 -0.070634  -0.000356
-0.097743 -0.097677 -0.097621  -0.000935
-0.119265 -0.119204 -0.119118  -0.001700
-0.015626 -0.015540 -0.015474  -0.000004
0.434042 0.434098 0.434189  0.081719
0.811509 0.811595 0.811661  0.534287
0.891271 0.891527 0.891593  0.707836
0.081757 0.081839 0.081909  0.000545
0.170094 0.258521 0.258582  0.004909
0.352270 0.352331 0.446227  -0.001400
0.346464 0.346540 0.346611  0.041563
-0.094369 -0.094303 -0.094222  -0.000843
-0.088531 -0.088449 -0.088379  -0.000696
-0.083019 -0.082938 -0.082872  -0.000574
-0.077639 -0.077574 -0.077492  -0.000469
-0.072446 -0.072385 -0.072294  -0.000382
-0.067248 -0.067161 -0.067100  -0.000305
-0.061717 -0.061641 -0.061570  -0.000236
-0.056248 -0.056162 -0.056101  -0.000179
-0.051205 -0.051149 -0.051078  -0.000135
-0.097284 -0.097198 -0.097127  -0.000923
-0.138067 -0.138006 -0.137916  -0.002637
-0.172767 -0.172685 -0.172619  -0.005163
-0.028870 -0.028779 -0.028718  -0.000024
0.420779 0.420845 0.420926  0.074458
0.797961 0.798047 0.798108  0.507979
0.805251 0.805332 0.805398  0.522020
-0.007345 -0.007283 -0.007197  -0.000000
-0.008148 -0.008885 -0.008820  -0.000001
-0.003827 -0.003766 0.001445  -0.000000
0.012172 0.012248 0.012319  0.000002
0.016063 0.016144 0.016210  0.000004
0.021323 0.021384 0.021471  0.000010
0.026702 0.026783 0.026849  0.000019
0.032199 0.032285 0.032351  0.000033
0.037640 0.037717 0.037787  0.000053
0.042901 0.042957 0.043048  0.000078
0.047767 0.047828 0.047914  0.000108
0.052947 0.053008 0.053094  0.000148
0.057974 0.058056 0.058121  0.000194
