-0.167571 -0.995508 -0.994679 -0.994248  0.967371
-0.154798 -0.995508 -0.994679 -0.994248  0.967414
-0.154798 -0.974378 -0.994679 -0.994248  1.066867
-0.154798 -0.974378 -0.994679 -0.994248  1.066867
-0.154798 -0.974378 -0.994679 -0.994248  1.066867
-0.110686 -0.974378 -0.994679 -0.994248  1.066939
-0.110686 -0.922677 -0.994679 -0.994248  1.276504
-0.110686 -0.922677 -0.994679 -0.994248  1.276504
-0.110686 -0.922677 -0.994679 -0.994248  1.276504
-0.036797 -0.922677 -0.994679 -0.994248  1.276520
-0.036797 -0.840169 -0.994679 -0.994248  1.526613
-0.036797 -0.840169 -0.994679 -0.994248  1.526613
-0.036797 -0.840169 -0.994679 -0.994248  1.526613
-0.036797 -0.840169 -0.994679 -0.994248  1.526613
-0.036797 -0.840169 -0.994679 -0.994248  1.526613
-0.036797 -0.840169 -1.077018 -0.994248  2.002093
-0.036797 -0.840169 -1.077018 -1.069135  2.427418
-0.036797 -0.840169 -1.077018 -1.069135  2.427418
-0.036797 -0.840169 -1.077018 -1.069135  2.427418
-0.036797 -0.840169 -1.131349 -1.069135  2.831717
-0.036797 -0.840169 -1.131349 -1.116156  3.167128
-0.036797 -0.840169 -1.131349 -1.116156  3.167128
-0.036797 -0.840169 -1.131349 -1.116156  3.167128
-0.036797 -0.840169 -1.156859 -1.116156  3.385733
-0.036797 -0.840169 -1.156859 -1.134319  3.531345
-0.036797 -0.840169 -1.156859 -1.134319  3.531345
-0.036797 -0.840169 -1.156859 -1.134319  3.531345
-0.036797 -0.840169 -1.156859 -1.134319  3.531345
-0.036797 -0.840169 -1.156859 -1.134319  3.531345
-0.020567 -0.840169 -1.156859 -1.134319  3.531345
-0.020567 -0.816208 -1.156859 -1.134319  3.587732
-0.020567 -0.816208 -1.156859 -1.134319  3.587732
-0.020567 -0.816208 -1.156859 -1.134319  3.587732
0.024564 -0.816208 -1.156859 -1.134319  3.587732
0.024564 -0.763506 -1.156859 -1.134319  3.690523
0.024564 -0.763506 -1.156859 -1.134319  3.690523
0.024564 -0.763506 -1.156859 -1.134319  3.690523
0.097945 -0.763506 -1.156859 -1.134319  3.690532
0.097945 -0.682933 -1.156859 -1.134319  3.801430
0.097945 -0.682933 -1.156859 -1.134319  3.801430
0.097945 -0.682933 -1.156859 -1.134319  3.801430
0.097945 -0.682933 -1.156859 -1.134319  3.801430
0.097945 -0.682933 -1.156859 -1.134319  3.801430
0.097945 -0.682933 -1.241666 -1.134319  4.680738
0.097945 -0.682933 -1.241666 -1.211968  5.417723
0.097945 -0.682933 -1.241666 -1.211968  5.417723
0.097945 -0.682933 -1.241666 -1.211968  5.417723
0.097945 -0.682933 -1.298606 -1.211968  6.159416
0.097945 -0.682933 -1.298606 -1.262053  6.746274
0.097945 -0.682933 -1.298606 -1.262053  6.746274
0.097945 -0.682933 -1.298606 -1.262053  6.746274
0.097945 -0.682933 -1.328106 -1.262053  7.185251
0.097945 -0.682933 -1.328106 -1.274056  7.340424
0.097945 -0.682933 -1.328106 -1.274056  7.340424
0.097945 -0.680877 -1.328106 -1.274056  7.342647
0.097945 -0.680877 -1.328106 -1.274056  7.342647
0.097945 -0.680877 -1.328106 -1.274056  7.342647
0.121101 -0.680877 -1.328106 -1.274056  7.342664
0.121101 -0.650175 -1.328106 -1.274056  7.372811
0.121101 -0.650175 -1.328106 -1.274056  7.372811
0.121101 -0.650175 -1.328106 -1.274056  7.372811
0.172643 -0.650175 -1.328106 -1.274056  7.372939
0.172643 -0.591561 -1.328106 -1.274056  7.416681
0.172643 -0.591561 -1.328106 -1.274056  7.416681
0.172643 -0.591561 -1.328106 -1.274056  7.416681
0.251854 -0.591561 -1.328106 -1.274056  7.417541
0.251854 -0.505439 -1.328106 -1.274056  7.456997
0.251854 -0.505439 -1.328106 -1.274056  7.456997
0.251854 -0.505439 -1.328106 -1.274056  7.456997
0.251854 -0.505439 -1.328106 -1.274056  7.456997
0.251854 -0.505439 -1.328106 -1.274056  7.456997
0.251854 -0.505439 -1.408119 -1.274056  8.860964
0.251854 -0.505439 -1.408119 -1.347172  9.941292
0.251854 -0.505439 -1.408119 -1.347172  9.941292
0.251854 -0.505439 -1.408119 -1.347172  9.941292
0.251854 -0.505439 -1.460999 -1.347172  11.061836
0.251854 -0.505439 -1.460999 -1.392657  11.863250
0.251854 -0.505439 -1.460999 -1.392657  11.863250
0.251854 -0.505439 -1.460999 -1.392657  11.863250
0.251854 -0.505439 -1.485017 -1.392657  12.428684
0.251854 -0.505439 -1.485017 -1.409655  12.756278
0.251854 -0.505439 -1.485017 -1.409655  12.756278
0.251854 -0.505439 -1.485017 -1.409655  12.756278
0.251854 -0.505439 -1.547988 -1.409655  14.422998
0.251854 -0.505439 -1.547988 -1.454869  15.374800
0.251854 -0.505439 -1.547988 -1.454869  15.374800
0.251854 -0.505439 -1.547988 -1.454869  15.374800
0.251854 -0.505439 -1.557907 -1.454869  15.663234
0.251854 -0.505439 -1.557907 -1.454869  15.663234
0.262104 -0.505439 -1.557907 -1.454869  15.663458
0.262104 -0.482620 -1.557907 -1.454869  15.670261
0.262104 -0.482620 -1.557907 -1.454869  15.670261
0.262104 -0.482620 -1.557907 -1.454869  15.670261
0.317647 -0.482620 -1.557907 -1.454869  15.672258
0.317647 -0.414896 -1.557907 -1.454869  15.686148
0.317647 -0.414896 -1.557907 -1.454869  15.686148
0.317647 -0.414896 -1.557907 -1.454869  15.686148
0.317647 -0.414896 -1.557907 -1.454869  15.686148
0.317647 -0.414896 -1.557907 -1.454869  15.686148
0.317647 -0.414896 -1.628151 -1.454869  17.950259
0.317647 -0.414896 -1.628151 -1.512448  19.346312
0.317647 -0.414896 -1.628151 -1.512448  19.346312
0.317647 -0.414896 -1.628151 -1.512448  19.346312
0.317647 -0.414896 -1.649549 -1.512448  20.118183
0.317647 -0.414896 -1.649549 -1.520119  20.320925
0.322854 -0.414896 -1.649549 -1.520119  20.321199
0.322854 -0.396100 -1.649549 -1.520119  20.323743
0.322854 -0.396100 -1.649549 -1.520119  20.323743
0.322854 -0.396100 -1.649549 -1.520119  20.323743
0.382504 -0.396100 -1.649549 -1.520119  20.328423
0.382504 -0.322818 -1.649549 -1.520119  20.334668
0.382504 -0.322818 -1.649549 -1.520119  20.334668
0.382504 -0.322818 -1.649549 -1.619146  23.346137
0.382504 -0.322818 -1.649549 -1.619146  23.346137
0.382504 -0.322818 -1.649549 -1.619146  23.346137
0.382504 -0.322818 -1.712533 -1.619146  25.862731
0.382504 -0.322818 -1.712533 -1.669696  27.711792
0.382504 -0.322818 -1.712533 -1.669696  27.711792
0.382504 -0.322818 -1.712533 -1.669696  27.711792
0.382504 -0.322818 -1.726978 -1.669696  28.343607
0.382504 -0.322818 -1.726978 -1.673924  28.508732
0.389773 -0.322818 -1.726978 -1.673924  28.509540
0.389773 -0.304407 -1.726978 -1.673924  28.510432
0.389773 -0.304407 -1.726978 -1.673924  28.510432
0.389773 -0.304407 -1.726978 -1.673924  28.510432
0.443407 -0.304407 -1.726978 -1.673924  28.518576
0.443407 -0.239052 -1.726978 -1.673924  28.520409
0.443407 -0.239052 -1.726978 -1.673924  28.520409
0.443407 -0.239052 -1.726978 -1.673924  28.520409
0.539409 -0.239052 -1.726978 -1.673924  28.548935
0.539409 -0.239052 -1.726978 -1.673924  28.548935
0.539409 -0.239052 -1.811297 -1.673924  32.683508
0.539409 -0.239052 -1.811297 -1.748761  35.896068
0.539409 -0.239052 -1.811297 -1.748761  35.896068
0.539409 -0.239052 -1.811297 -1.748761  35.896068
0.539409 -0.239052 -1.849885 -1.748761  38.063234
0.539409 -0.239052 -1.849885 -1.776412  39.397769
0.539409 -0.239052 -1.849885 -1.776412  39.397769
0.539409 -0.239052 -1.849885 -1.776412  39.397769
0.539409 -0.239052 -1.849885 -1.776412  39.397769
0.539409 -0.239052 -1.849885 -1.776412  39.397769
0.563649 -0.239052 -1.849885 -1.776412  39.408994
0.563649 -0.204509 -1.849885 -1.776412  39.409417
0.563649 -0.204509 -1.849885 -1.776412  39.409417
0.563649 -0.204509 -1.849885 -1.776412  39.409417
0.629284 -0.204509 -1.849885 -1.776412  39.451207
0.629284 -0.127819 -1.849885 -1.776412  39.451531
0.629284 -0.127819 -1.849885 -1.776412  39.451531
0.629284 -0.127819 -1.849885 -1.776412  39.451531
0.629284 -0.127819 -1.849885 -1.776412  39.451531
0.629284 -0.127819 -1.849885 -1.776412  39.451531
0.629284 -0.127819 -1.917039 -1.776412  43.679612
0.629284 -0.127819 -1.917039 -1.832447  46.651297
0.629284 -0.127819 -1.917039 -1.832447  46.651297
0.629284 -0.127819 -1.917039 -1.832447  46.651297
0.629284 -0.127819 -1.939492 -1.832447  48.203444
0.629284 -0.127819 -1.939492 -1.842971  48.803581
0.630201 -0.127819 -1.939492 -1.842971  48.804302
0.630201 -0.116718 -1.939492 -1.842971  48.804314
0.630201 -0.116718 -1.939492 -1.842971  48.804314
0.630201 -0.116718 -1.939492 -1.842971  48.804314
0.670999 -0.116718 -1.939492 -1.842971  48.840935
0.670999 -0.065925 -1.939492 -1.842971  48.840955
0.670999 -0.065925 -1.939492 -1.842971  48.840955
0.670999 -0.065925 -1.939492 -1.842971  48.840955
0.700575 -0.065925 -1.939492 -1.842971  48.873694
0.700575 -0.027965 -1.939492 -1.842971  48.873695
0.700575 -0.027965 -1.939492 -1.842971  48.873695
0.700575 -0.027965 -1.939492 -1.842971  48.873695
0.759790 -0.027965 -1.939492 -1.842971  48.958137
0.759790 0.038712 -1.939492 -1.842971  48.958137
0.759790 0.038712 -1.939492 -1.842971  48.958137
0.759790 0.038712 -1.939492 -1.842971  48.958137
0.847399 0.038712 -1.939492 -1.842971  49.141893
0.847399 0.133379 -1.939492 -1.842971  49.141935
0.847399 0.133379 -2.037881 -1.842971  56.845893
0.847399 0.133379 -2.037881 -1.934431  62.671778
0.847399 0.133379 -2.037881 -1.934431  62.671778
0.847399 0.133379 -2.037881 -1.934431  62.671778
0.847399 0.133379 -2.109310 -1.934431  69.278681
0.847399 0.133379 -2.109310 -1.998702  74.087642
0.847399 0.133379 -2.109310 -1.998702  74.087642
0.847399 0.133379 -2.109310 -1.998702  74.087642
0.847399 0.133379 -2.153204 -1.998702  78.616751
0.847399 0.133379 -2.153204 -2.035548  81.667185
0.847399 0.133379 -2.153204 -2.035548  81.667185
0.847399 0.133379 -2.153204 -2.035548  81.667185
0.847399 0.133379 -2.168818 -2.035548  83.369875
0.847399 0.133379 -2.168818 -2.044380  84.134640
0.847399 0.133379 -2.168818 -2.044380  84.134640
0.847399 0.138697 -2.168818 -2.044380  84.134649
0.847399 0.138697 -2.168818 -2.044380  84.134649
0.847399 0.138697 -2.168818 -2.044380  84.134649
0.872942 0.138697 -2.168818 -2.044380  84.204597
0.872942 0.171055 -2.168818 -2.044380  84.204692
0.872942 0.171055 -2.168818 -2.044380  84.204692
0.872942 0.171055 -2.168818 -2.044380  84.204692
0.925782 0.171055 -2.168818 -2.044380  84.377840
0.925782 0.230887 -2.168818 -2.044380  84.378349
0.925782 0.230887 -2.168818 -2.044380  84.378349
0.925782 0.230887 -2.168818 -2.044380  84.378349
1.006498 0.230887 -2.168818 -2.044380  84.731208
1.006498 0.318637 -2.168818 -2.044380  84.733837
1.006498 0.318637 -2.168818 -2.044380  84.733837
1.006498 0.318637 -2.168818 -2.143201  94.240716
1.006498 0.318637 -2.168818 -2.143201  94.240716
1.006498 0.318637 -2.168818 -2.143201  94.240716
1.006498 0.318637 -2.247539 -2.143201  103.604885
1.006498 0.318637 -2.247539 -2.214731  111.671483
1.006498 0.318637 -2.247539 -2.214731  111.671483
1.006498 0.318637 -2.247539 -2.214731  111.671483
1.006498 0.318637 -2.298397 -2.214731  118.460622
1.006498 0.318637 -2.298397 -2.258478  123.935339
1.006498 0.318637 -2.298397 -2.258478  123.935339
1.006498 0.318637 -2.298397 -2.258478  123.935339
1.006498 0.318637 -2.321819 -2.258478  127.270762
1.006498 0.318637 -2.321819 -2.275085  129.463131
1.006498 0.318637 -2.321819 -2.275085  129.463131
1.006498 0.318637 -2.321819 -2.275085  129.463131
1.006498 0.318637 -2.321819 -2.275085  129.463131
1.006498 0.318637 -2.321819 -2.275085  129.463131
1.023284 0.318637 -2.321819 -2.275085  129.552188
1.023284 0.342533 -2.321819 -2.275085  129.553618
1.023284 0.342533 -2.321819 -2.275085  129.553618
1.023284 0.342533 -2.321819 -2.275085  129.553618
1.068031 0.342533 -2.321819 -2.275085  129.821343
1.068031 0.394230 -2.321819 -2.275085  129.826151
1.068031 0.394230 -2.321819 -2.275085  129.826151
1.068031 0.394230 -2.321819 -2.275085  129.826151
1.140635 0.394230 -2.321819 -2.275085  130.367240
1.140635 0.474102 -2.321819 -2.275085  130.381671
1.140635 0.474102 -2.321819 -2.275085  130.381671
1.140635 0.474102 -2.321819 -2.275085  130.381671
1.140635 0.474102 -2.321819 -2.275085  130.381671
1.140635 0.474102 -2.321819 -2.275085  130.381671
1.140635 0.474102 -2.407593 -2.275085  143.800617
1.140635 0.474102 -2.407593 -2.354114  155.148439
1.140635 0.474102 -2.407593 -2.354114  155.148439
1.140635 0.474102 -2.407593 -2.354114  155.148439
1.140635 0.474102 -2.466131 -2.354114  165.472635
1.140635 0.474102 -2.466131 -2.405632  173.737634
1.140635 0.474102 -2.466131 -2.405632  173.737634
1.140635 0.474102 -2.466131 -2.405632  173.737634
1.140635 0.474102 -2.497230 -2.405632  179.635963
1.140635 0.474102 -2.497230 -2.429890  183.780800
1.140635 0.474102 -2.497230 -2.429890  183.780800
1.140635 0.474102 -2.497230 -2.429890  183.780800
1.140635 0.474102 -2.499967 -2.429890  184.314262
1.140635 0.474102 -2.499967 -2.429890  184.314262
1.233321 0.474102 -2.499967 -2.429890  185.237001
1.233321 0.573771 -2.499967 -2.429890  185.275234
1.233321 0.573771 -2.593198 -2.429890  204.893104
1.233321 0.573771 -2.593198 -2.516238  221.052701
1.233321 0.573771 -2.593198 -2.516238  221.052701
1.233321 0.573771 -2.593198 -2.516238  221.052701
1.233321 0.573771 -2.658927 -2.516238  236.687184
1.233321 0.573771 -2.658927 -2.575005  249.029383
1.233321 0.573771 -2.658927 -2.575005  249.029383
1.233321 0.573771 -2.658927 -2.575005  249.029383
1.233321 0.573771 -2.697336 -2.575005  258.909733
1.233321 0.573771 -2.697336 -2.606488  266.001749
1.233321 0.573771 -2.697336 -2.606488  266.001749
1.233321 0.573771 -2.697336 -2.606488  266.001749
1.233321 0.573771 -2.708276 -2.606488  268.920791
1.233321 0.573771 -2.708276 -2.610578  269.867663
1.235867 0.573771 -2.708276 -2.610578  269.897227
1.235867 0.583194 -2.708276 -2.610578  269.902504
1.235867 0.583194 -2.708276 -2.610578  269.902504
1.235867 0.583194 -2.708276 -2.610578  269.902504
1.265704 0.583194 -2.708276 -2.610578  270.267748
1.265704 0.619757 -2.708276 -2.610578  270.291719
1.265704 0.619757 -2.708276 -2.610578  270.291719
1.265704 0.619757 -2.708276 -2.610578  270.291719
1.322435 0.619757 -2.708276 -2.610578  271.087958
1.322435 0.683247 -2.708276 -2.610578  271.145423
1.322435 0.683247 -2.708276 -2.610578  271.145423
1.322435 0.683247 -2.708276 -2.610578  271.145423
1.406697 0.683247 -2.708276 -2.610578  272.608969
1.406697 0.774345 -2.708276 -2.610578  272.738472
1.406697 0.774345 -2.708276 -2.610578  272.738472
1.406697 0.774345 -2.708276 -2.705981  296.573615
1.406697 0.774345 -2.708276 -2.705981  296.573615
1.406697 0.774345 -2.708276 -2.705981  296.573615
1.406697 0.774345 -2.783530 -2.705981  317.973088
1.406697 0.774345 -2.783530 -2.774245  337.220272
1.406697 0.774345 -2.783530 -2.774245  337.220272
1.406697 0.774345 -2.783530 -2.774245  337.220272
1.406697 0.774345 -2.831106 -2.774245  351.997539
1.406697 0.774345 -2.831106 -2.815144  364.473399
1.406697 0.774345 -2.831106 -2.815144  364.473399
1.406697 0.774345 -2.831106 -2.815144  364.473399
1.406697 0.774345 -2.851433 -2.815144  371.097143
1.406697 0.774345 -2.851433 -2.828694  375.393209
1.406697 0.774345 -2.851433 -2.828694  375.393209
1.406697 0.774413 -2.851433 -2.828694  375.393332
1.406697 0.774413 -2.851433 -2.828694  375.393332
1.406697 0.774413 -2.851433 -2.828694  375.393332
1.427247 0.774413 -2.851433 -2.828694  375.807596
1.427247 0.802040 -2.851433 -2.828694  375.860950
1.427247 0.802040 -2.851433 -2.828694  375.860950
1.427247 0.802040 -2.851433 -2.828694  375.860950
1.475882 0.802040 -2.851433 -2.828694  376.941144
1.475882 0.857529 -2.851433 -2.828694  377.072971
1.475882 0.857529 -2.851433 -2.828694  377.072971
1.475882 0.857529 -2.851433 -2.828694  377.072971
1.552455 0.857529 -2.851433 -2.828694  379.088071
1.552455 0.940989 -2.851433 -2.828694  379.362136
1.552455 0.940989 -2.851433 -2.828694  379.362136
1.552455 0.940989 -2.851433 -2.828694  379.362136
1.552455 0.940989 -2.851433 -2.828694  379.362136
1.552455 0.940989 -2.851433 -2.828694  379.362136
1.552455 0.940989 -2.934135 -2.828694  408.330684
1.552455 0.940989 -2.934135 -2.904646  433.985827
1.552455 0.940989 -2.934135 -2.904646  433.985827
1.552455 0.940989 -2.934135 -2.904646  433.985827
1.552455 0.940989 -2.989099 -2.904646  455.132185
1.552455 0.940989 -2.989099 -2.952571  472.761343
1.552455 0.940989 -2.989099 -2.952571  472.761343
1.552455 0.940989 -2.989099 -2.952571  472.761343
1.552455 0.940989 -3.016514 -2.952571  483.906395
1.552455 0.940989 -3.016514 -2.973227  491.866020
1.552455 0.940989 -3.016514 -2.973227  491.866020
1.552455 0.940989 -3.016514 -2.973227  491.866020
1.552455 0.940989 -3.016514 -2.973227  491.866020
1.552455 0.940989 -3.016514 -2.973227  491.866020
1.565936 0.940989 -3.016514 -2.973227  492.264415
1.565936 0.961200 -3.016514 -2.973227  492.347127
1.565936 0.961200 -3.016514 -2.973227  492.347127
1.565936 0.961200 -3.016514 -2.973227  492.347127
1.607085 0.961200 -3.016514 -2.973227  493.651031
1.607085 0.961200 -3.016514 -2.973227  493.651031
1.607085 0.961200 -3.086291 -2.973227  523.906063
1.607085 0.961200 -3.086291 -3.036117  549.541326
1.607085 0.961200 -3.086291 -3.036117  549.541326
1.607085 0.961200 -3.086291 -3.036117  549.541326
1.607085 0.961200 -3.128756 -3.036117  569.342965
1.607085 0.961200 -3.128756 -3.071800  584.863667
1.607085 0.961200 -3.128756 -3.071800  584.863667
1.607085 0.961200 -3.128756 -3.071800  584.863667
1.607085 0.961200 -3.143203 -3.071800  591.849818
1.607085 0.961200 -3.143203 -3.079308  595.208612
1.607085 0.961200 -3.143203 -3.079308  595.208612
1.607085 0.967553 -3.143203 -3.079308  595.236086
1.607085 0.967553 -3.143203 -3.079308  595.236086
1.607085 0.967553 -3.143203 -3.079308  595.236086
1.634179 0.967553 -3.143203 -3.079308  596.170720
1.634179 1.001520 -3.143203 -3.079308  596.330387
1.634179 1.001520 -3.143203 -3.079308  596.330387
1.634179 1.001520 -3.143203 -3.079308  596.330387
1.689006 1.001520 -3.143203 -3.079308  598.421144
1.689006 1.063363 -3.143203 -3.079308  598.773111
1.689006 1.063363 -3.143203 -3.079308  598.773111
1.689006 1.063363 -3.143203 -3.079308  598.773111
1.771848 1.063363 -3.143203 -3.079308  602.491264
1.771848 1.153106 -3.143203 -3.079308  603.170339
1.771848 1.153106 -3.143203 -3.079308  603.170339
1.771848 1.153106 -3.143203 -3.176132  649.522886
1.771848 1.153106 -3.143203 -3.176132  649.522886
1.771848 1.153106 -3.143203 -3.176132  649.522886
1.771848 1.153106 -3.219513 -3.176132  688.618249
1.771848 1.153106 -3.219513 -3.245540  725.512324
1.771848 1.153106 -3.219513 -3.245540  725.512324
1.771848 1.153106 -3.219513 -3.245540  725.512324
1.771848 1.153106 -3.268188 -3.245540  752.462828
1.771848 1.153106 -3.268188 -3.287438  776.314339
1.771848 1.153106 -3.268188 -3.287438  776.314339
1.771848 1.153106 -3.268188 -3.287438  776.314339
1.771848 1.153106 -3.290031 -3.287438  788.941749
1.771848 1.153106 -3.290031 -3.302578  797.865322
1.771848 1.153106 -3.290031 -3.302578  797.865322
1.771848 1.153106 -3.290031 -3.302578  797.865322
1.771848 1.153106 -3.290031 -3.302578  797.865322
1.771848 1.153106 -3.290031 -3.302578  797.865322
1.790769 1.153106 -3.290031 -3.302578  798.817912
1.790769 1.178852 -3.290031 -3.302578  799.055898
1.790769 1.178852 -3.290031 -3.302578  799.055898
1.790769 1.178852 -3.290031 -3.302578  799.055898
1.840616 1.178852 -3.290031 -3.302578  801.765703
1.840616 1.240125 -3.290031 -3.302578  802.422157
1.840616 1.240125 -3.290031 -3.302578  802.422157
1.840616 1.240125 -3.290031 -3.302578  802.422157
1.937923 1.240125 -3.290031 -3.302578  808.628938
1.937923 1.240125 -3.290031 -3.302578  808.628938
1.937923 1.240125 -3.368361 -3.302578  856.754995
1.937923 1.240125 -3.368361 -3.368359  897.472256
1.937923 1.240125 -3.368361 -3.368359  897.472256
1.937923 1.240125 -3.368361 -3.368359  897.472256
1.937923 1.240125 -3.396419 -3.368359  915.834523
1.937923 1.240125 -3.396419 -3.384069  926.041175
1.937923 1.240125 -3.396419 -3.384069  926.041175
1.937923 1.244773 -3.396419 -3.384069  926.096549
1.937923 1.244773 -3.396419 -3.384069  926.096549
1.937923 1.244773 -3.396419 -3.384069  926.096549
1.978382 1.244773 -3.396419 -3.384069  929.071420
1.978382 1.296544 -3.396419 -3.384069  929.746783
1.978382 1.296544 -3.396419 -3.384069  929.746783
1.978382 1.296544 -3.396419 -3.384069  929.746783
2.060274 1.296544 -3.396419 -3.384069  936.560707
2.060274 1.389454 -3.396419 -3.384069  938.075574
2.060274 1.389454 -3.491669 -3.384069  1005.106668
2.060274 1.389454 -3.491669 -3.466944  1062.178285
2.060274 1.389454 -3.491669 -3.466944  1062.178285
2.060274 1.389454 -3.491669 -3.466944  1062.178285
2.060274 1.389454 -3.540811 -3.466944  1099.742808
2.060274 1.389454 -3.540811 -3.503947  1127.049329
2.060274 1.389454 -3.540811 -3.503947  1127.049329
2.060274 1.389454 -3.540811 -3.503947  1127.049329
2.060274 1.389454 -3.541922 -3.503947  1127.923368
2.060274 1.389454 -3.541922 -3.503947  1127.923368
2.082523 1.389454 -3.541922 -3.503947  1129.971487
2.082523 1.423069 -3.541922 -3.503947  1130.628965
2.082523 1.423069 -3.557829 -3.503947  1143.259027
2.082523 1.423069 -3.557829 -3.503947  1143.259027
2.096747 1.423069 -3.557829 -3.503947  1144.615034
2.096747 1.448747 -3.557829 -3.503947  1145.160926
2.096747 1.448747 -3.557829 -3.503947  1145.160926
2.096747 1.448747 -3.557829 -3.503947  1145.160926
2.159194 1.448747 -3.557829 -3.503947  1151.566184
2.159194 1.523670 -3.557829 -3.503947  1153.396203
2.159194 1.523670 -3.557829 -3.503947  1153.396203
2.159194 1.523670 -3.557829 -3.503947  1153.396203
2.159194 1.523670 -3.557829 -3.503947  1153.396203
2.159194 1.523670 -3.557829 -3.503947  1153.396203
2.159194 1.523670 -3.621154 -3.503947  1205.967260
2.159194 1.523670 -3.621154 -3.554897  1245.501762
2.159194 1.523670 -3.621154 -3.554897  1245.501762
2.159194 1.523670 -3.621154 -3.554897  1245.501762
2.159194 1.523670 -3.634395 -3.554897  1256.969118
2.159194 1.523670 -3.634395 -3.556285  1258.077856
2.169736 1.523670 -3.634395 -3.556285  1259.234716
2.169736 1.545656 -3.634395 -3.556285  1259.844574
2.169736 1.545656 -3.634395 -3.556285  1259.844574
2.169736 1.545656 -3.634395 -3.556285  1259.844574
2.227810 1.545656 -3.634395 -3.556285  1266.633891
2.227810 1.617073 -3.634395 -3.556285  1268.869212
2.227810 1.617073 -3.634395 -3.556285  1268.869212
2.227810 1.617073 -3.634395 -3.556285  1268.869212
2.227810 1.617073 -3.634395 -3.556285  1268.869212
2.227810 1.617073 -3.634395 -3.556285  1268.869212
2.227810 1.617073 -3.702422 -3.556285  1330.476347
2.227810 1.617073 -3.702422 -3.611135  1375.716687
2.227810 1.617073 -3.702422 -3.611135  1375.716687
2.227810 1.617073 -3.702422 -3.611135  1375.716687
2.227810 1.617073 -3.718959 -3.611135  1391.394147
2.227810 1.617073 -3.718959 -3.614662  1394.399191
2.237501 1.617073 -3.718959 -3.614662  1395.603239
2.237501 1.640321 -3.718959 -3.614662  1396.421259
2.237501 1.640321 -3.718959 -3.614662  1396.421259
2.237501 1.640321 -3.718959 -3.614662  1396.421259
2.299781 1.640321 -3.718959 -3.614662  1404.672976
2.299781 1.715417 -3.718959 -3.614662  1407.651875
2.299781 1.715417 -3.718959 -3.614662  1407.651875
2.299781 1.715417 -3.718959 -3.712814  1496.106569
2.299781 1.715417 -3.718959 -3.712814  1496.106569
2.299781 1.715417 -3.718959 -3.712814  1496.106569
2.299781 1.715417 -3.776395 -3.712814  1552.763349
2.299781 1.715417 -3.776395 -3.757494  1596.249520
2.299781 1.715417 -3.776395 -3.757494  1596.249520
2.299781 1.715417 -3.776395 -3.757494  1596.249520
2.299781 1.715417 -3.781044 -3.757494  1600.988179
2.299781 1.715417 -3.781044 -3.757494  1600.988179
2.320277 1.715417 -3.781044 -3.757494  1603.906472
2.320277 1.749417 -3.781044 -3.757494  1605.438051
2.320277 1.749417 -3.781044 -3.757494  1605.438051
2.320277 1.749417 -3.781044 -3.757494  1605.438051
2.393486 1.749417 -3.781044 -3.757494  1616.738370
2.393486 1.836632 -3.781044 -3.757494  1621.250860
2.393486 1.836632 -3.880092 -3.757494  1727.914668
2.393486 1.836632 -3.880092 -3.842598  1816.667667
2.393486 1.836632 -3.880092 -3.842598  1816.667667
2.393486 1.836632 -3.880092 -3.842598  1816.667667
2.393486 1.836632 -3.927392 -3.842598  1871.594031
2.393486 1.836632 -3.927392 -3.877594  1910.444960
2.393486 1.836632 -3.927392 -3.877594  1910.444960
2.393486 1.836632 -3.927392 -3.877594  1910.444960
2.393486 1.836632 -3.927392 -3.877594  1910.444960
2.393486 1.836632 -3.927392 -3.877594  1910.444960
2.417928 1.836632 -3.927392 -3.877594  1914.538493
2.417928 1.870874 -3.927392 -3.877594  1916.560635
2.417928 1.870874 -3.927392 -3.877594  1916.560635
2.417928 1.870874 -3.927392 -3.877594  1916.560635
2.484982 1.870874 -3.927392 -3.877594  1928.673835
2.484982 1.950308 -3.927392 -3.877594  1933.970790
2.484982 1.950308 -3.927392 -3.877594  1933.970790
2.484982 1.950308 -3.927392 -3.974281  2048.850562
2.484982 1.950308 -3.927392 -3.974281  2048.850562
2.484982 1.950308 -3.927392 -3.974281  2048.850562
2.484982 1.950308 -3.992621 -3.974281  2129.066059
2.484982 1.950308 -3.992621 -4.028075  2198.009570
2.484982 1.950308 -3.992621 -4.028075  2198.009570
2.484982 1.950308 -3.992621 -4.028075  2198.009570
2.484982 1.950308 -4.008351 -4.028075  2218.153318
2.484982 1.950308 -4.008351 -4.110875  2331.718416
2.484982 1.950308 -4.008351 -4.110875  2331.718416
2.484982 1.950308 -4.008351 -4.110875  2331.718416
2.484982 1.950308 -4.069109 -4.110875  2412.553912
2.484982 1.950308 -4.069109 -4.164802  2491.605160
2.484982 1.950308 -4.069109 -4.164802  2491.605160
2.484982 1.950308 -4.069109 -4.164802  2491.605160
2.484982 1.950308 -4.101919 -4.164802  2537.311653
2.484982 1.950308 -4.101919 -4.190882  2577.038477
2.484982 1.950308 -4.101919 -4.190882  2577.038477
2.484982 1.950308 -4.101919 -4.190882  2577.038477
2.484982 1.950308 -4.107157 -4.190882  2584.471638
2.484982 1.950308 -4.107157 -4.190882  2584.471638
2.493491 1.950308 -4.107157 -4.190882  2586.105023
2.493491 1.965713 -4.107157 -4.190882  2587.237183
2.493491 1.965713 -4.107157 -4.190882  2587.237183
2.493491 1.965713 -4.107157 -4.190882  2587.237183
2.529936 1.965713 -4.107157 -4.190882  2594.490553
2.529936 2.009189 -4.107157 -4.190882  2597.882902
2.529936 2.009189 -4.107157 -4.190882  2597.882902
2.529936 2.009189 -4.107157 -4.190882  2597.882902
2.594083 2.009189 -4.107157 -4.190882  2611.705810
2.594083 2.080474 -4.107157 -4.190882  2617.941205
2.594083 2.080474 -4.107157 -4.190882  2617.941205
2.594083 2.080474 -4.107157 -4.190882  2617.941205
2.686219 2.080474 -4.107157 -4.190882  2640.337713
2.686219 2.179393 -4.107157 -4.190882  2650.527859
2.686219 2.179393 -4.201554 -4.190882  2791.151308
2.686219 2.179393 -4.201554 -4.278487  2932.041382
2.686219 2.179393 -4.201554 -4.278487  2932.041382
2.686219 2.179393 -4.201554 -4.278487  2932.041382
2.686219 2.179393 -4.268436 -4.278487  3039.624173
2.686219 2.179393 -4.268436 -4.338706  3143.397094
2.686219 2.179393 -4.268436 -4.338706  3143.397094
2.686219 2.179393 -4.268436 -4.338706  3143.397094
2.686219 2.179393 -4.308159 -4.338706  3210.565585
2.686219 2.179393 -4.308159 -4.371493  3269.541427
2.686219 2.179393 -4.308159 -4.371493  3269.541427
2.686219 2.179393 -4.308159 -4.371493  3269.541427
2.686219 2.179393 -4.320545 -4.371493  3290.999338
2.686219 2.179393 -4.320545 -4.376964  3301.014611
2.687555 2.179393 -4.320545 -4.376964  3301.362798
2.687555 2.187815 -4.320545 -4.376964  3302.320190
2.687555 2.187815 -4.320545 -4.376964  3302.320190
2.687555 2.187815 -4.320545 -4.376964  3302.320190
2.723440 2.187815 -4.320545 -4.376964  3311.934272
2.723440 2.236815 -4.320545 -4.376964  3317.804605
2.723440 2.236815 -4.320545 -4.376964  3317.804605
2.723440 2.236815 -4.320545 -4.376964  3317.804605
2.806493 2.236815 -4.320545 -4.376964  3342.086334
2.806493 2.331568 -4.320545 -4.376964  3354.994592
2.806493 2.331568 -4.412672 -4.376964  3522.500058
2.806493 2.331568 -4.412672 -4.458996  3678.787529
2.806493 2.331568 -4.412672 -4.458996  3678.787529
2.806493 2.331568 -4.412672 -4.458996  3678.787529
2.806493 2.331568 -4.459628 -4.458996  3769.718126
2.806493 2.331568 -4.459628 -4.494327  3840.668149
2.806493 2.331568 -4.459628 -4.494327  3840.668149
2.806493 2.331568 -4.459628 -4.494327  3840.668149
2.806493 2.331568 -4.462742 -4.494327  3846.835800
2.806493 2.331568 -4.462742 -4.494327  3846.835800
2.827175 2.331568 -4.462742 -4.494327  3853.346578
2.827175 2.364346 -4.462742 -4.494327  3858.327948
2.827175 2.364346 -4.462742 -4.494327  3858.327948
2.827175 2.364346 -4.462742 -4.494327  3858.327948
2.896505 2.364346 -4.462742 -4.494327  3881.587366
2.896505 2.445866 -4.462742 -4.494327  3895.233859
2.896505 2.445866 -4.462742 -4.494327  3895.233859
