-0.758083 -0.590223 -0.589394 -0.588963  -0.180007
-0.667127 -0.590223 -0.589394 -0.588963  -0.061778
-0.667127 -0.590223 -0.589394 -0.588963  -0.061778
-0.667127 -0.590223 -0.681116 -0.588963  0.013687
-0.667127 -0.590223 -0.681116 -0.673466  0.081362
-0.667127 -0.590223 -0.681116 -0.673466  0.081362
-0.667127 -0.590223 -0.681116 -0.673466  0.081362
-0.667127 -0.590223 -0.744222 -0.673466  0.163075
-0.667127 -0.590223 -0.744222 -0.729410  0.231004
-0.667127 -0.590223 -0.744222 -0.729410  0.231004
-0.667127 -0.590223 -0.744222 -0.729410  0.231004
-0.667127 -0.590223 -0.778370 -0.729410  0.288414
-0.667127 -0.590223 -0.778370 -0.755685  0.328380
-0.667127 -0.590223 -0.778370 -0.755685  0.328380
-0.667127 -0.590223 -0.778370 -0.755685  0.328380
-0.667127 -0.590223 -0.783015 -0.755685  0.337006
-0.667127 -0.590223 -0.783015 -0.755685  0.337006
-0.657889 -0.590223 -0.783015 -0.755685  0.345905
-0.657889 -0.574236 -0.783015 -0.755685  0.355095
-0.657889 -0.574236 -0.783015 -0.755685  0.355095
-0.657889 -0.574236 -0.783015 -0.755685  0.355095
-0.621084 -0.574236 -0.783015 -0.755685  0.385921
-0.621084 -0.530618 -0.783015 -0.755685  0.406296
-0.621084 -0.530618 -0.783015 -0.755685  0.406296
-0.621084 -0.530618 -0.783015 -0.755685  0.406296
-0.556183 -0.530618 -0.783015 -0.755685  0.445491
-0.556183 -0.458319 -0.783015 -0.755685  0.467332
-0.556183 -0.458319 -0.783015 -0.755685  0.467332
-0.556183 -0.458319 -0.783015 -0.755685  0.467332
-0.463056 -0.458319 -0.783015 -0.755685  0.499264
-0.463056 -0.458319 -0.783015 -0.755685  0.499264
-0.463056 -0.458319 -0.876279 -0.755685  0.721593
-0.463056 -0.458319 -0.876279 -0.841340  0.896717
-0.463056 -0.458319 -0.876279 -0.841340  0.896717
-0.463056 -0.458319 -0.876279 -0.841340  0.896717
-0.463056 -0.458319 -0.940866 -0.841340  1.117340
-0.463056 -0.458319 -0.940866 -0.897968  1.279635
-0.463056 -0.458319 -0.940866 -0.897968  1.279635
-0.463056 -0.458319 -0.940866 -0.897968  1.279635
-0.463056 -0.458319 -0.976353 -0.897968  1.429570
-0.463056 -0.458319 -0.976353 -0.925472  1.524633
-0.463056 -0.458319 -0.976353 -0.925472  1.524633
-0.463056 -0.458319 -0.976353 -0.925472  1.524633
-0.463056 -0.458319 -0.982816 -0.925472  1.554386
-0.463056 -0.458319 -0.982816 -0.925472  1.554386
-0.455089 -0.458319 -0.982816 -0.925472  1.556155
-0.455089 -0.443451 -0.982816 -0.925472  1.559229
-0.455089 -0.443451 -0.982816 -0.925472  1.559229
-0.455089 -0.443451 -0.982816 -0.925472  1.559229
-0.419621 -0.443451 -0.982816 -0.925472  1.565739
-0.419621 -0.400915 -0.982816 -0.925472  1.572530
-0.419621 -0.400915 -0.982816 -0.925472  1.572530
-0.419621 -0.400915 -0.982816 -0.925472  1.572530
-0.345216 -0.400915 -0.982816 -0.925472  1.580637
-0.345216 -0.319661 -0.982816 -0.925472  1.587657
-0.345216 -0.319661 -0.982816 -0.925472  1.587657
-0.345216 -0.319661 -0.982816 -0.925472  1.587657
-0.345216 -0.319661 -0.982816 -0.925472  1.587657
-0.345216 -0.319661 -0.982816 -0.925472  1.587657
-0.345216 -0.319661 -1.067352 -0.925472  2.055961
-0.345216 -0.319661 -1.067352 -1.002738  2.390810
-0.345216 -0.319661 -1.067352 -1.002738  2.390810
-0.345216 -0.319661 -1.067352 -1.002738  2.390810
-0.345216 -0.319661 -1.123856 -1.002738  2.798418
-0.345216 -0.319661 -1.123856 -1.051853  3.072234
-0.345216 -0.319661 -1.123856 -1.051853  3.072234
-0.345216 -0.319661 -1.123856 -1.051853  3.072234
-0.345216 -0.319661 -1.151854 -1.051853  3.306963
-0.345216 -0.319661 -1.151854 -1.072816  3.440486
-0.345216 -0.319661 -1.151854 -1.072816  3.440486
-0.345216 -0.319661 -1.151854 -1.072816  3.440486
-0.345216 -0.319661 -1.151854 -1.072816  3.440486
-0.345216 -0.319661 -1.151854 -1.072816  3.440486
-0.331444 -0.319661 -1.151854 -1.072816  3.441389
-0.331444 -0.299144 -1.151854 -1.072816  3.442331
-0.331444 -0.299144 -1.151854 -1.072816  3.442331
-0.331444 -0.299144 -1.151854 -1.072816  3.442331
-0.290542 -0.299144 -1.151854 -1.072816  3.444261
-0.290542 -0.251179 -1.151854 -1.072816  3.445656
-0.290542 -0.251179 -1.151854 -1.072816  3.445656
-0.290542 -0.251179 -1.151854 -1.072816  3.445656
-0.221686 -0.251179 -1.151854 -1.072816  3.447191
-0.221686 -0.251179 -1.151854 -1.072816  3.447191
-0.221686 -0.251179 -1.216486 -1.072816  4.083573
-0.221686 -0.251179 -1.216486 -1.130574  4.509591
-0.221686 -0.251179 -1.216486 -1.130574  4.509591
-0.221686 -0.251179 -1.216486 -1.130574  4.509591
-0.221686 -0.251179 -1.253809 -1.130574  4.944131
-0.221686 -0.251179 -1.253809 -1.160864  5.205183
-0.221686 -0.251179 -1.253809 -1.160864  5.205183
-0.221686 -0.251179 -1.253809 -1.160864  5.205183
-0.221686 -0.251179 -1.263442 -1.160864  5.326052
-0.221686 -0.251179 -1.263442 -1.163614  5.351142
-0.217479 -0.251179 -1.263442 -1.163614  5.351191
-0.217479 -0.239596 -1.263442 -1.163614  5.351401
-0.217479 -0.239596 -1.263442 -1.163614  5.351401
-0.217479 -0.239596 -1.263442 -1.163614  5.351401
-0.185010 -0.239596 -1.263442 -1.163614  5.351671
-0.185010 -0.199962 -1.263442 -1.163614  5.352141
-0.185010 -0.199962 -1.263442 -1.163614  5.352141
-0.185010 -0.199962 -1.263442 -1.163614  5.352141
-0.124292 -0.199962 -1.263442 -1.163614  5.352328
-0.124292 -0.131844 -1.263442 -1.163614  5.352608
-0.124292 -0.131844 -1.263442 -1.163614  5.352608
-0.124292 -0.131844 -1.263442 -1.163614  5.352608
-0.036043 -0.131844 -1.263442 -1.163614  5.352637
-0.036043 -0.036173 -1.263442 -1.163614  5.352677
-0.036043 -0.036173 -1.360356 -1.163614  6.791947
-0.036043 -0.036173 -1.360356 -1.253608  7.754739
-0.036043 -0.036173 -1.360356 -1.253608  7.754739
-0.036043 -0.036173 -1.360356 -1.253608  7.754739
-0.036043 -0.036173 -1.429803 -1.253608  9.071646
-0.036043 -0.036173 -1.429803 -1.316301  9.927212
-0.036043 -0.036173 -1.429803 -1.316301  9.927212
-0.036043 -0.036173 -1.429803 -1.316301  9.927212
-0.036043 -0.036173 -1.471477 -1.316301  10.850321
-0.036043 -0.036173 -1.471477 -1.350419  11.389696
-0.036043 -0.036173 -1.471477 -1.350419  11.389696
-0.036043 -0.036173 -1.471477 -1.350419  11.389696
-0.036043 -0.036173 -1.484317 -1.350419  11.695986
-0.036043 -0.036173 -1.484317 -1.356168  11.792406
-0.034882 -0.036173 -1.484317 -1.356168  11.792406
-0.034882 -0.028181 -1.484317 -1.356168  11.792406
-0.034882 -0.028181 -1.484317 -1.356168  11.792406
-0.034882 -0.028181 -1.484317 -1.356168  11.792406
-0.006627 -0.028181 -1.484317 -1.356168  11.792406
-0.006627 0.007417 -1.484317 -1.356168  11.792406
-0.006627 0.007417 -1.484317 -1.356168  11.792406
-0.006627 0.007417 -1.484317 -1.356168  11.792406
0.050529 0.007417 -1.484317 -1.356168  11.792406
0.050529 0.071773 -1.484317 -1.356168  11.792408
0.050529 0.071773 -1.484317 -1.356168  11.792408
0.050529 0.071773 -1.484317 -1.356168  11.792408
0.135243 0.071773 -1.484317 -1.356168  11.792453
0.135243 0.163526 -1.484317 -1.356168  11.792568
0.135243 0.163526 -1.484317 -1.356168  11.792568
0.135243 0.163526 -1.484317 -1.451120  13.639678
0.135243 0.163526 -1.484317 -1.451120  13.639678
0.135243 0.163526 -1.484317 -1.451120  13.639678
0.135243 0.163526 -1.559210 -1.451120  15.650264
0.135243 0.163526 -1.559210 -1.518793  17.297268
0.135243 0.163526 -1.559210 -1.518793  17.297268
0.135243 0.163526 -1.559210 -1.518793  17.297268
0.135243 0.163526 -1.606301 -1.518793  18.775566
0.135243 0.163526 -1.606301 -1.558960  19.902250
0.135243 0.163526 -1.606301 -1.558960  19.902250
0.135243 0.163526 -1.606301 -1.558960  19.902250
0.135243 0.163526 -1.625309 -1.558960  20.550112
0.135243 0.163526 -1.625309 -1.570934  20.909193
0.135243 0.163526 -1.625309 -1.570934  20.909193
0.135243 0.165516 -1.625309 -1.570934  20.909200
0.135243 0.165516 -1.625309 -1.570934  20.909200
0.135243 0.165516 -1.625309 -1.570934  20.909200
0.158095 0.165516 -1.625309 -1.570934  20.909253
0.158095 0.195326 -1.625309 -1.570934  20.909414
0.158095 0.195326 -1.625309 -1.570934  20.909414
0.158095 0.195326 -1.625309 -1.570934  20.909414
0.208102 0.195326 -1.625309 -1.570934  20.909705
0.208102 0.278309 -1.625309 -1.570934  20.911090
0.208102 0.278309 -1.625309 -1.570934  20.911090
0.208102 0.278309 -1.625309 -1.669799  24.325163
0.208102 0.278309 -1.625309 -1.669799  24.325163
0.208102 0.278309 -1.625309 -1.669799  24.325163
0.208102 0.278309 -1.625309 -1.669799  24.325163
0.208102 0.278309 -1.625309 -1.669799  24.325163
0.231133 0.278309 -1.625309 -1.669799  24.325433
0.231133 0.313445 -1.625309 -1.669799  24.326789
0.231133 0.313445 -1.625309 -1.669799  24.326789
0.231133 0.313445 -1.625309 -1.669799  24.326789
0.299481 0.313445 -1.625309 -1.669799  24.328538
0.299481 0.393206 -1.625309 -1.669799  24.334912
0.299481 0.393206 -1.625309 -1.669799  24.334912
0.299481 0.393206 -1.625309 -1.766792  28.569342
0.299481 0.393206 -1.625309 -1.766792  28.569342
0.299481 0.393206 -1.625309 -1.766792  28.569342
0.299481 0.393206 -1.688701 -1.766792  30.960538
0.299481 0.393206 -1.688701 -1.820456  33.738773
0.299481 0.393206 -1.688701 -1.820456  33.738773
0.299481 0.393206 -1.688701 -1.820456  33.738773
0.299481 0.393206 -1.711570 -1.820456  34.694222
0.299481 0.393206 -1.711570 -1.833564  35.424535
0.299481 0.393206 -1.711570 -1.833564  35.424535
0.299481 0.399018 -1.711570 -1.833564  35.425250
0.299481 0.399018 -1.711570 -1.833564  35.425250
0.299481 0.399018 -1.711570 -1.833564  35.425250
0.335384 0.399018 -1.711570 -1.833564  35.427085
0.335384 0.444317 -1.711570 -1.833564  35.434287
0.335384 0.444317 -1.711570 -1.833564  35.434287
0.335384 0.444317 -1.711570 -1.833564  35.434287
0.412786 0.444317 -1.711570 -1.833564  35.442028
0.412786 0.531547 -1.711570 -1.833564  35.467145
0.412786 0.531547 -1.711570 -1.833564  35.467145
0.412786 0.531547 -1.711570 -1.923708  41.087682
0.412786 0.531547 -1.711570 -1.923708  41.087682
0.412786 0.531547 -1.711570 -1.923708  41.087682
0.412786 0.531547 -1.773331 -1.923708  43.936068
0.412786 0.531547 -1.773331 -1.975342  47.666597
0.412786 0.531547 -1.773331 -1.975342  47.666597
0.412786 0.531547 -1.773331 -1.975342  47.666597
0.412786 0.531547 -1.795330 -1.975342  48.781644
0.412786 0.531547 -1.795330 -1.986327  49.627256
0.412786 0.531547 -1.795330 -1.986327  49.627256
0.412786 0.540598 -1.795330 -1.986327  49.630994
0.412786 0.540598 -1.795330 -1.986327  49.630994
0.412786 0.540598 -1.795330 -1.986327  49.630994
0.454816 0.540598 -1.795330 -1.986327  49.638471
0.454816 0.593050 -1.795330 -1.986327  49.665659
0.454816 0.593050 -1.795330 -1.986327  49.665659
0.454816 0.593050 -1.795330 -1.986327  49.665659
0.542525 0.593050 -1.795330 -1.986327  49.693198
0.542525 0.690763 -1.795330 -1.986327  49.777107
0.542525 0.690763 -1.886158 -1.986327  54.997380
0.542525 0.690763 -1.886158 -2.065634  61.683152
0.542525 0.690763 -1.886158 -2.065634  61.683152
0.542525 0.690763 -1.886158 -2.065634  61.683152
0.542525 0.690763 -1.930834 -2.065634  64.647511
0.542525 0.690763 -1.930834 -2.099073  67.791628
0.542525 0.690763 -1.930834 -2.099073  67.791628
0.542525 0.690763 -1.930834 -2.099073  67.791628
0.542525 0.690763 -1.930834 -2.099073  67.791628
0.542525 0.690763 -1.930834 -2.099073  67.791628
0.564368 0.690763 -1.930834 -2.099073  67.801883
0.564368 0.724682 -1.930834 -2.099073  67.844478
0.564368 0.724682 -1.930834 -2.099073  67.844478
0.564368 0.724682 -1.930834 -2.099073  67.844478
0.632780 0.724682 -1.930834 -2.099073  67.888676
0.632780 0.805545 -1.930834 -2.099073  68.028006
0.632780 0.805545 -1.930834 -2.099073  68.028006
0.632780 0.805545 -1.930834 -2.195356  78.271790
0.632780 0.805545 -1.930834 -2.195356  78.271790
0.632780 0.805545 -1.930834 -2.195356  78.271790
0.632780 0.805545 -1.990818 -2.195356  82.707466
0.632780 0.805545 -1.990818 -2.241427  88.287617
0.632780 0.805545 -1.990818 -2.241427  88.287617
0.632780 0.805545 -1.990818 -2.241427  88.287617
0.632780 0.805545 -2.001642 -2.241427  89.147066
0.632780 0.805545 -2.001642 -2.241427  89.147066
0.645619 0.805545 -2.001642 -2.241427  89.157785
0.645619 0.829697 -2.001642 -2.241427  89.211775
0.645619 0.829697 -2.001642 -2.241427  89.211775
0.645619 0.829697 -2.001642 -2.241427  89.211775
0.704459 0.829697 -2.001642 -2.241427  89.273095
0.704459 0.900286 -2.001642 -2.241427  89.471337
0.704459 0.900286 -2.001642 -2.241427  89.471337
0.704459 0.900286 -2.001642 -2.241427  89.471337
0.704459 0.900286 -2.001642 -2.241427  89.471337
0.704459 0.900286 -2.001642 -2.241427  89.471337
0.704459 0.900286 -2.068342 -2.241427  95.193774
0.704459 0.900286 -2.068342 -2.241427  95.193774
0.704459 0.900286 -2.068342 -2.241427  95.193774
0.704459 0.900286 -2.068342 -2.241427  95.193774
0.704459 0.900286 -2.126767 -2.241427  100.850811
0.704459 0.900286 -2.126767 -2.286547  106.778993
0.704459 0.900286 -2.126767 -2.286547  106.778993
0.704459 0.900286 -2.126767 -2.286547  106.778993
0.704459 0.900286 -2.133575 -2.286547  107.479921
0.704459 0.900286 -2.133575 -2.286547  107.479921
0.723202 0.900286 -2.133575 -2.286547  107.504262
0.723202 0.931964 -2.133575 -2.286547  107.615900
0.723202 0.931964 -2.133575 -2.286547  107.615900
0.723202 0.931964 -2.133575 -2.286547  107.615900
0.795071 0.931964 -2.133575 -2.286547  107.735776
0.795071 1.017005 -2.133575 -2.286547  108.120674
0.795071 1.017005 -2.133575 -2.286547  108.120674
0.795071 1.017005 -2.133575 -2.376734  121.458363
0.795071 1.017005 -2.133575 -2.376734  121.458363
0.795071 1.017005 -2.133575 -2.376734  121.458363
0.795071 1.017005 -2.186779 -2.376734  127.252624
0.795071 1.017005 -2.186779 -2.417714  134.020321
0.795071 1.017005 -2.186779 -2.417714  134.020321
0.795071 1.017005 -2.186779 -2.417714  134.020321
0.795071 1.017005 -2.191382 -2.417714  134.548856
0.795071 1.017005 -2.191382 -2.417714  134.548856
0.815977 1.017005 -2.191382 -2.417714  134.592881
0.815977 1.049811 -2.191382 -2.417714  134.780053
0.815977 1.049811 -2.191382 -2.417714  134.780053
0.815977 1.049811 -2.191382 -2.417714  134.780053
0.885192 1.049811 -2.191382 -2.417714  134.961804
0.885192 1.131535 -2.191382 -2.417714  135.541649
0.885192 1.131535 -2.191382 -2.417714  135.541649
0.885192 1.131535 -2.191382 -2.510381  152.633916
0.885192 1.131535 -2.191382 -2.510381  152.633916
0.885192 1.131535 -2.191382 -2.510381  152.633916
0.885192 1.131535 -2.245492 -2.510381  159.188788
0.885192 1.131535 -2.245492 -2.551873  167.705088
0.885192 1.131535 -2.245492 -2.551873  167.705088
0.885192 1.131535 -2.245492 -2.551873  167.705088
0.885192 1.131535 -2.249436 -2.551873  168.208272
0.885192 1.131535 -2.249436 -2.551873  168.208272
0.906956 1.131535 -2.249436 -2.551873  168.278451
0.906956 1.165963 -2.249436 -2.551873  168.578354
0.906956 1.165963 -2.249436 -2.551873  168.578354
0.906956 1.165963 -2.249436 -2.551873  168.578354
0.981967 1.165963 -2.249436 -2.551873  168.877718
0.981967 1.253786 -2.249436 -2.551873  169.821087
0.981967 1.253786 -2.348740 -2.551873  183.706722
0.981967 1.253786 -2.348740 -2.638223  203.297652
0.981967 1.253786 -2.348740 -2.638223  203.297652
0.981967 1.253786 -2.348740 -2.638223  203.297652
0.981967 1.253786 -2.395697 -2.638223  210.734233
0.981967 1.253786 -2.395697 -2.674029  219.645888
0.981967 1.253786 -2.395697 -2.674029  219.645888
0.981967 1.253786 -2.395697 -2.674029  219.645888
0.981967 1.253786 -2.395697 -2.674029  219.645888
0.981967 1.253786 -2.395697 -2.674029  219.645888
1.009540 1.253786 -2.395697 -2.674029  219.781482
1.009540 1.294517 -2.395697 -2.674029  220.318519
1.009540 1.294517 -2.395697 -2.674029  220.318519
1.009540 1.294517 -2.395697 -2.674029  220.318519
1.089422 1.294517 -2.395697 -2.674029  220.804450
1.089422 1.387443 -2.395697 -2.674029  222.310485
1.089422 1.387443 -2.489675 -2.674029  239.051746
1.089422 1.387443 -2.489675 -2.755665  261.235155
1.089422 1.387443 -2.489675 -2.755665  261.235155
1.089422 1.387443 -2.489675 -2.755665  261.235155
1.089422 1.387443 -2.534134 -2.755665  270.086514
1.089422 1.387443 -2.534134 -2.787719  279.545910
1.089422 1.387443 -2.534134 -2.787719  279.545910
1.089422 1.387443 -2.534134 -2.787719  279.545910
1.089422 1.387443 -2.534134 -2.787719  279.545910
1.089422 1.387443 -2.534134 -2.787719  279.545910
1.121330 1.387443 -2.534134 -2.787719  279.784189
1.121330 1.432052 -2.534134 -2.787719  280.665609
1.121330 1.432052 -2.534134 -2.787719  280.665609
1.121330 1.432052 -2.534134 -2.787719  280.665609
1.204015 1.432052 -2.534134 -2.787719  281.423007
1.204015 1.527643 -2.534134 -2.787719  283.719999
1.204015 1.527643 -2.626168 -2.787719  304.126849
1.204015 1.527643 -2.626168 -2.867435  329.615258
1.204015 1.527643 -2.626168 -2.867435  329.615258
1.204015 1.606305 -2.626168 -2.867435  331.989526
1.204015 1.606305 -2.626168 -2.867435  331.989526
1.204015 1.606305 -2.626168 -2.959460  365.157663
1.204015 1.606305 -2.626168 -2.959460  365.157663
1.204015 1.606305 -2.626168 -2.959460  365.157663
1.204015 1.606305 -2.679498 -2.959460  378.366615
1.204015 1.606305 -2.679498 -2.999716  394.232816
1.204015 1.606305 -2.679498 -2.999716  394.232816
1.204015 1.606305 -2.679498 -2.999716  394.232816
1.204015 1.606305 -2.682004 -2.999716  394.879783
1.204015 1.606305 -2.682004 -2.999716  394.879783
1.225837 1.606305 -2.682004 -2.999716  395.117540
1.225837 1.640764 -2.682004 -2.999716  396.314860
1.225837 1.640764 -2.682004 -2.999716  396.314860
1.225837 1.640764 -2.682004 -2.999716  396.314860
1.298474 1.640764 -2.682004 -2.999716  397.238067
1.298474 1.726141 -2.682004 -2.999716  400.671049
1.298474 1.726141 -2.682004 -2.999716  400.671049
1.298474 1.726141 -2.682004 -3.089190  439.120584
1.298474 1.726141 -2.682004 -3.089190  439.120584
1.298474 1.726141 -2.682004 -3.089190  439.120584
1.298474 1.726141 -2.733304 -3.089190  452.909744
1.298474 1.726141 -2.733304 -3.127968  471.016253
1.298474 1.726141 -2.733304 -3.127968  471.016253
1.298474 1.726141 -2.733304 -3.127968  471.016253
1.298474 1.726141 -2.733496 -3.127968  471.069910
1.298474 1.726141 -2.733496 -3.127968  471.069910
1.323721 1.726141 -2.733496 -3.127968  471.442982
1.323721 1.764222 -2.733496 -3.127968  473.209645
1.323721 1.764222 -2.733496 -3.127968  473.209645
1.323721 1.764222 -2.733496 -3.127968  473.209645
1.400047 1.764222 -2.733496 -3.127968  474.524523
1.400047 1.853612 -2.733496 -3.127968  479.315936
1.400047 1.853612 -2.831560 -3.127968  508.726900
1.400047 1.853612 -2.831560 -3.213055  551.730545
1.400047 1.853612 -2.831560 -3.213055  551.730545
1.400047 1.853612 -2.831560 -3.213055  551.730545
1.400047 1.853612 -2.878218 -3.213055  567.229700
1.400047 1.853612 -2.878218 -3.246464  585.407430
1.400047 1.853612 -2.878218 -3.246464  585.407430
1.400047 1.853612 -2.878218 -3.246464  585.407430
1.400047 1.853612 -2.878218 -3.246464  585.407430
1.400047 1.853612 -2.878218 -3.246464  585.407430
1.430975 1.853612 -2.878218 -3.246464  586.028416
1.430975 1.897163 -2.878218 -3.246464  588.722716
1.430975 1.897163 -2.878218 -3.246464  588.722716
1.430975 1.897163 -2.878218 -3.246464  588.722716
1.510712 1.897163 -2.878218 -3.246464  590.591382
1.510712 1.988658 -2.878218 -3.246464  597.117573
1.510712 1.988658 -2.975021 -3.246464  632.644825
1.510712 1.988658 -2.975021 -3.329939  681.453663
1.510712 1.988658 -2.975021 -3.329939  681.453663
1.510712 1.988658 -2.975021 -3.329939  681.453663
1.510712 1.988658 -3.026963 -3.329939  702.521289
1.510712 1.988658 -3.026963 -3.371693  728.842329
1.510712 1.988658 -3.026963 -3.371693  728.842329
1.510712 1.988658 -3.026963 -3.371693  728.842329
1.510712 1.988658 -3.036335 -3.371693  732.800536
1.510712 1.988658 -3.036335 -3.371693  732.800536
1.521329 1.988658 -3.036335 -3.371693  733.080953
1.521329 2.009269 -3.036335 -3.371693  734.726528
1.521329 2.009269 -3.036335 -3.371693  734.726528
1.521329 2.009269 -3.036335 -3.371693  734.726528
1.577381 2.009269 -3.036335 -3.371693  736.342563
1.577381 2.078257 -3.036335 -3.371693  742.364149
1.577381 2.078257 -3.036335 -3.371693  742.364149
1.577381 2.078257 -3.036335 -3.371693  742.364149
1.577381 2.078257 -3.036335 -3.371693  742.364149
1.577381 2.078257 -3.036335 -3.371693  742.364149
1.577381 2.078257 -3.101449 -3.371693  771.249046
1.577381 2.078257 -3.101449 -3.423626  805.857700
1.577381 2.078257 -3.101449 -3.423626  805.857700
1.577381 2.078257 -3.101449 -3.423626  805.857700
1.577381 2.078257 -3.113288 -3.423626  811.376530
1.577381 2.078257 -3.113288 -3.423626  811.376530
1.591692 2.078257 -3.113288 -3.423626  811.827618
1.591692 2.106010 -3.113288 -3.423626  814.486392
1.591692 2.106010 -3.113288 -3.423626  814.486392
1.591692 2.106010 -3.113288 -3.423626  814.486392
1.659773 2.106010 -3.113288 -3.423626  816.866373
1.659773 2.187618 -3.113288 -3.423626  825.539893
1.659773 2.187618 -3.113288 -3.423626  825.539893
1.659773 2.187618 -3.113288 -3.423626  825.539893
1.709487 2.187618 -3.113288 -3.423626  827.542774
1.709487 2.250366 -3.113288 -3.423626  835.152453
1.709487 2.250366 -3.113288 -3.423626  835.152453
1.709487 2.250366 -3.113288 -3.423626  835.152453
1.709487 2.250366 -3.113288 -3.423626  835.152453
1.709487 2.250366 -3.113288 -3.423626  835.152453
1.709487 2.250366 -3.184603 -3.423626  870.221358
1.709487 2.250366 -3.184603 -3.481902  911.639476
1.709487 2.250366 -3.184603 -3.481902  911.639476
1.709487 2.250366 -3.184603 -3.481902  911.639476
1.709487 2.250366 -3.204098 -3.481902  921.788643
1.709487 2.250366 -3.204098 -3.488681  926.789815
1.715562 2.250366 -3.204098 -3.488681  927.051086
1.715562 2.269011 -3.204098 -3.488681  929.481780
1.715562 2.269011 -3.204098 -3.488681  929.481780
1.715562 2.269011 -3.204098 -3.488681  929.481780
1.771755 2.269011 -3.204098 -3.488681  932.080251
1.771755 2.337973 -3.204098 -3.488681  941.792503
1.771755 2.337973 -3.204098 -3.488681  941.792503
1.771755 2.337973 -3.204098 -3.488681  941.792503
1.771755 2.337973 -3.204098 -3.488681  941.792503
1.771755 2.337973 -3.204098 -3.488681  941.792503
1.771755 2.337973 -3.272074 -3.488681  979.167198
1.771755 2.337973 -3.272074 -3.543557  1021.110712
1.771755 2.337973 -3.272074 -3.543557  1021.110712
1.771755 2.337973 -3.272074 -3.543557  1021.110712
1.771755 2.337973 -3.288289 -3.543557  1030.496433
1.771755 2.337973 -3.288289 -3.547021  1033.232422
1.781054 2.337973 -3.288289 -3.547021  1033.695448
1.781054 2.360189 -3.288289 -3.547021  1037.078052
1.781054 2.360189 -3.288289 -3.547021  1037.078052
1.781054 2.360189 -3.288289 -3.547021  1037.078052
1.842383 2.360189 -3.288289 -3.547021  1040.383647
1.842383 2.433964 -3.288289 -3.547021  1052.568237
1.842383 2.433964 -3.288289 -3.547021  1052.568237
1.842383 2.433964 -3.288289 -3.547021  1052.568237
1.842383 2.433964 -3.288289 -3.547021  1052.568237
1.842383 2.433964 -3.288289 -3.547021  1052.568237
1.842383 2.433964 -3.350450 -3.547021  1090.307336
1.842383 2.433964 -3.350450 -3.595789  1129.980673
1.842383 2.433964 -3.350450 -3.595789  1129.980673
1.842383 2.433964 -3.350450 -3.595789  1129.980673
1.842383 2.433964 -3.358687 -3.595789  1135.195730
1.842383 2.433964 -3.358687 -3.595789  1135.195730
1.860334 2.433964 -3.358687 -3.595789  1136.250192
1.860334 2.463896 -3.358687 -3.595789  1141.633566
1.860334 2.463896 -3.358687 -3.595789  1141.633566
1.860334 2.463896 -3.358687 -3.595789  1141.633566
1.925766 2.463896 -3.358687 -3.595789  1145.837587
1.925766 2.539592 -3.358687 -3.595789  1160.669868
1.925766 2.539592 -3.358687 -3.595789  1160.669868
1.925766 2.539592 -3.358687 -3.595789  1160.669868
1.925766 2.539592 -3.358687 -3.595789  1160.669868
1.925766 2.539592 -3.358687 -3.595789  1160.669868
1.925766 2.539592 -3.423184 -3.595789  1203.314920
1.925766 2.539592 -3.423184 -3.646923  1247.290665
1.925766 2.539592 -3.423184 -3.646923  1247.290665
1.925766 2.539592 -3.423184 -3.646923  1247.290665
1.925766 2.539592 -3.435192 -3.646923  1255.592794
1.925766 2.539592 -3.435192 -3.646923  1255.592794
1.939742 2.539592 -3.435192 -3.646923  1256.567947
1.939742 2.566639 -3.435192 -3.646923  1262.314481
1.939742 2.566639 -3.435192 -3.646923  1262.314481
1.939742 2.566639 -3.435192 -3.646923  1262.314481
2.005533 2.566639 -3.435192 -3.646923  1267.298379
2.005533 2.645042 -3.435192 -3.646923  1285.382159
2.005533 2.645042 -3.435192 -3.646923  1285.382159
2.005533 2.645042 -3.435192 -3.743357  1375.305269
2.005533 2.645042 -3.435192 -3.743357  1375.305269
2.005533 2.645042 -3.435192 -3.743357  1375.305269
2.005533 2.645042 -3.491996 -3.743357  1416.185894
2.005533 2.645042 -3.491996 -3.787469  1460.526549
2.005533 2.645042 -3.491996 -3.787469  1460.526549
2.005533 2.645042 -3.491996 -3.787469  1460.526549
2.005533 2.645042 -3.498067 -3.787469  1465.055637
2.005533 2.645042 -3.498067 -3.787469  1465.055637
2.025109 2.645042 -3.498067 -3.787469  1466.670365
2.025109 2.678488 -3.498067 -3.787469  1475.065559
2.025109 2.678488 -3.498067 -3.787469  1475.065559
2.025109 2.678488 -3.498067 -3.787469  1475.065559
2.038235 2.678488 -3.498067 -3.787469  1476.183742
2.038235 2.704363 -3.498067 -3.787469  1482.972586
2.038235 2.704363 -3.498067 -3.787469  1482.972586
2.038235 2.704363 -3.498067 -3.787469  1482.972586
2.098200 2.704363 -3.498067 -3.787469  1488.460838
2.098200 2.775261 -3.498067 -3.787469  1508.442627
2.098200 2.775261 -3.498067 -3.787469  1508.442627
2.098200 2.775261 -3.498067 -3.787469  1508.442627
2.098200 2.775261 -3.498067 -3.787469  1508.442627
2.098200 2.775261 -3.498067 -3.787469  1508.442627
2.098200 2.775261 -3.566678 -3.787469  1561.864123
2.098200 2.775261 -3.566678 -3.843638  1621.395571
2.098200 2.775261 -3.566678 -3.843638  1621.395571
2.098200 2.775261 -3.566678 -3.843638  1621.395571
2.098200 2.775261 -3.587487 -3.843638  1638.430031
2.098200 2.775261 -3.587487 -3.852134  1647.742475
2.102539 2.775261 -3.587487 -3.852134  1648.164744
2.102539 2.792347 -3.587487 -3.852134  1653.295247
2.102539 2.792347 -3.587487 -3.852134  1653.295247
2.102539 2.792347 -3.587487 -3.852134  1653.295247
2.155332 2.792347 -3.587487 -3.852134  1658.719323
2.155332 2.856722 -3.587487 -3.852134  1679.211643
2.155332 2.856722 -3.587487 -3.852134  1679.211643
2.155332 2.856722 -3.587487 -3.852134  1679.211643
2.254888 2.856722 -3.587487 -3.852134  1690.993228
2.254888 2.856722 -3.587487 -3.852134  1690.993228
2.254888 2.856722 -3.664214 -3.852134  1757.315621
2.254888 2.856722 -3.664214 -3.916510  1830.600904
2.254888 2.856722 -3.664214 -3.916510  1830.600904
2.254888 2.856722 -3.664214 -3.916510  1830.600904
2.254888 2.856722 -3.693367 -3.916510  1857.299410
2.254888 2.856722 -3.693367 -3.933330  1877.257908
2.254888 2.856722 -3.693367 -3.933330  1877.257908
2.254888 2.863647 -3.693367 -3.933330  1879.575137
2.254888 2.863647 -3.693367 -3.933330  1879.575137
2.254888 2.863647 -3.693367 -3.933330  1879.575137
2.297700 2.863647 -3.693367 -3.933330  1885.323268
2.297700 2.919304 -3.693367 -3.933330  1904.778930
2.297700 2.919304 -3.693367 -3.933330  1904.778930
2.297700 2.919304 -3.693367 -3.933330  1904.778930
2.392456 2.919304 -3.693367 -3.933330  1919.119255
2.392456 2.919304 -3.693367 -3.933330  1919.119255
2.392456 2.919304 -3.773340 -3.933330  1996.817209
2.392456 2.919304 -3.773340 -4.000695  2080.246655
2.392456 2.919304 -3.773340 -4.000695  2080.246655
2.392456 2.919304 -3.773340 -4.000695  2080.246655
2.392456 2.919304 -3.805904 -4.000695  2113.828700
2.392456 2.919304 -3.805904 -4.020314  2139.206354
2.392456 2.919304 -3.805904 -4.020314  2139.206354
2.392456 2.924463 -3.805904 -4.020314  2141.086529
2.392456 2.924463 -3.805904 -4.020314  2141.086529
2.392456 2.924463 -3.805904 -4.020314  2141.086529
2.435035 2.924463 -3.805904 -4.020314  2148.314135
2.435035 2.979346 -3.805904 -4.020314  2169.153945
2.435035 2.979346 -3.805904 -4.020314  2169.153945
2.435035 2.979346 -3.805904 -4.020314  2169.153945
2.524728 2.979346 -3.805904 -4.020314  2186.126126
2.524728 2.979346 -3.805904 -4.020314  2186.126126
2.524728 2.979346 -3.892508 -4.020314  2281.208796
2.524728 2.979346 -3.892508 -4.094861  2382.260049
2.524728 2.979346 -3.892508 -4.094861  2382.260049
2.524728 2.979346 -3.892508 -4.094861  2382.260049
2.524728 2.979346 -3.929137 -4.094861  2425.104013
2.524728 2.979346 -3.929137 -4.118692  2458.998896
2.524728 2.979346 -3.929137 -4.118692  2458.998896
2.524728 2.981047 -3.929137 -4.118692  2459.669860
2.524728 2.981047 -3.929137 -4.118692  2459.669860
