0.681483 0.681639 0.681763  0.316321
0.694083 0.694268 0.694354  0.334251
0.712404 0.712542 0.712598  0.361473
0.023433 0.023510 0.023581  0.000013
0.799922 0.799979 0.800065  0.511686
-0.852684 -0.852628 -0.852537  -0.620159
-0.845153 -0.845067 -0.845002  -0.603821
0.046884 0.046945 0.047036  0.000102
0.099304 0.151809 0.151875  0.000975
0.209816 0.209877 0.268032  -0.000774
0.332522 0.332599 0.332669  0.036744
0.069690 0.069747 0.069817  0.000337
0.075984 0.076045 0.076136  0.000437
0.081126 0.081187 0.081273  0.000532
0.085869 0.085930 0.086016  0.000631
0.090831 0.090892 0.090983  0.000747
0.095688 0.095754 0.095835  0.000874
-0.099151 -0.099085 -0.098999  -0.000977
-0.093313 -0.093256 -0.093166  -0.000815
-0.087650 -0.087568 -0.087502  -0.000675
-0.169541 -0.169426 -0.169351  -0.004880
-0.244986 -0.244895 -0.244829  -0.014715
-0.314919 -0.314838 -0.314772  -0.031251
-0.064217 -0.064161 -0.064070  -0.000266
0.711010 0.711071 0.711162  0.359303
-0.940928 -0.940862 -0.940781  -0.833263
-0.933407 -0.933326 -0.933255  -0.813413
-0.041236 -0.041175 -0.041084  -0.000071
-0.076790 -0.112283 -0.112192  -0.000456
-0.142060 -0.141994 -0.171619  -0.000675
-0.195420 -0.195338 -0.195268  -0.007471
-0.017834 -0.017752 -0.017687  -0.000006
-0.011335 -0.011278 -0.011188  -0.000001
-0.006017 -0.005961 -0.005866  -0.000000
0.000414 0.000475 0.000566  -0.000000
0.010294 0.010369 0.010451  0.000001
0.016133 0.016224 0.016285  0.000004
0.021408 0.021464 0.021555  0.000010
0.027024 0.027080 0.027171  0.000020
0.032554 0.032635 0.032706  0.000034
0.070668 0.070729 0.070825  0.000351
0.114202 0.114263 0.114354  0.001486
0.163278 0.163344 0.163435  0.004346
0.054407 0.054473 0.054563  0.000160
0.829586 0.829667 0.829733  0.570795
-0.823049 -0.822983 -0.822897  -0.557716
-0.815413 -0.815352 -0.815266  -0.542339
0.076737 0.076818 0.076889  0.000451
0.158892 0.241102 0.241198  0.003995
0.328446 0.328527 0.416018  -0.001111
0.509152 0.509239 0.509304  0.131940
0.098476 0.098557 0.098623  0.000953
-0.095595 -0.095514 -0.095453  -0.000875
-0.089505 -0.089448 -0.089358  -0.000719
-0.083870 -0.083809 -0.083723  -0.000592
-0.077969 -0.077903 -0.077821  -0.000475
-0.072572 -0.072485 -0.072420  -0.000383
-0.067182 -0.067126 -0.067035  -0.000304
-0.061979 -0.061918 -0.061828  -0.000239
-0.056748 -0.056657 -0.056596  -0.000183
-0.108250 -0.108179 -0.108088  -0.001272
-0.153856 -0.153770 -0.153709  -0.003646
-0.193400 -0.193324 -0.193253  -0.007242
-0.033634 -0.033577 -0.033487  -0.000038
0.741213 0.741299 0.741370  0.407104
-0.911085 -0.911003 -0.910933  -0.756445
-0.894048 -0.893962 -0.893897  -0.714791
-0.001873 -0.001816 -0.001726  -0.000000
0.003345 0.008644 0.008715  0.000000
0.020527 0.020588 0.032623  -0.000017
0.050529 0.050605 0.050676  0.000128
0.023366 0.023452 0.023513  0.000013
0.028858 0.028944 0.029010  0.000024
0.034346 0.034432 0.034493  0.000040
0.039716 0.039782 0.039843  0.000062
0.044691 0.044777 0.044843  0.000089
0.049800 0.049861 0.049952  0.000123
0.055397 0.055454 0.055545  0.000169
0.060453 0.060535 0.060600  0.000220
0.065756 0.065817 0.065908  0.000283
0.136664 0.136730 0.136816  0.002548
0.213329 0.213410 0.213481  0.009699
0.295411 0.295492 0.295563  0.025761
0.087276 0.087362 0.087432  0.000663
0.862409 0.862480 0.862570  0.641214
-0.789989 -0.789923 -0.789837  -0.493180
-0.982335 -0.982258 -0.982188  -0.948139
-0.089330 -0.089264 -0.089178  -0.000715
-0.172536 -0.255686 -0.255590  -0.005155
-0.332683 -0.332622 -0.409467  -0.004969
-0.480952 -0.480886 -0.480805  -0.111308
-0.065685 -0.065628 -0.065537  -0.000285
-0.060169 -0.060087 -0.060021  -0.000219
-0.054847 -0.054770 -0.054700  -0.000166
-0.049259 -0.049198 -0.049107  -0.000120
-0.043885 -0.043799 -0.043733  -0.000085
-0.038486 -0.038421 -0.038339  -0.000057
-0.032994 -0.032933 -0.032842  -0.000036
-0.027539 -0.027468 -0.027387  -0.000021
-0.022303 -0.022217 -0.022151  -0.000011
-0.039506 -0.039441 -0.039355  -0.000062
-0.050853 -0.050782 -0.050701  -0.000132
-0.056601 -0.056545 -0.056454  -0.000182
-0.000494 -0.000417 -0.000347  -0.000000
0.775146 0.775207 0.775298  0.465585
-0.832230 -0.831859 -0.831793  -0.576545
-0.821862 -0.821801 -0.821714  -0.555306
0.070328 0.070394 0.070480  0.000347
0.146457 0.222642 0.222738  0.003127
0.304201 0.304287 0.385998  -0.001187
0.473605 0.473666 0.473757  0.106169
0.092654 0.092730 0.092801  0.000794
0.098512 0.098578 0.098664  0.000954
-0.096109 -0.096019 -0.095958  -0.000889
-0.090042 -0.089986 -0.089895  -0.000732
-0.084550 -0.084489 -0.084403  -0.000606
-0.079475 -0.079394 -0.079328  -0.000503
-0.074448 -0.074371 -0.074300  -0.000414
-0.068532 -0.068451 -0.068381  -0.000323
-0.063286 -0.063220 -0.063134  -0.000254
-0.121307 -0.121216 -0.121146  -0.001788
-0.173075 -0.173014 -0.172924  -0.005193
-0.218902 -0.218816 -0.218750  -0.010499
-0.039935 -0.039869 -0.039783  -0.000064
0.734970 0.735031 0.735122  0.396870
-0.917400 -0.917334 -0.917248  -0.772322
-0.909935 -0.909849 -0.909783  -0.753573
-0.017869 -0.017813 -0.017717  -0.000006
-0.030388 -0.042851 -0.042760  -0.000029
-0.049403 -0.049312 -0.055713  -0.000068
-0.056625 -0.056544 -0.056478  -0.000182
0.004708 0.004794 0.004855  0.000000
0.010638 0.010699 0.010789  0.000001
0.015864 0.015945 0.016016  0.000004
0.021400 0.021466 0.021552  0.000010
0.027173 0.027234 0.027320  0.000020
0.032584 0.032670 0.032741  0.000034
0.038135 0.038196 0.038287  0.000055
0.043403 0.043480 0.043551  0.000081
0.048660 0.048721 0.048812  0.000115
