-0.546370 -0.388801 -0.387972 -0.387541  -0.040042
-0.546370 -0.388801 -0.387972 -0.387541  -0.040042
-0.546370 -0.388801 -0.387972 -0.387541  -0.040042
-0.546370 -0.388801 -0.442284 -0.387541  -0.031908
-0.546370 -0.388801 -0.442284 -0.434568  -0.025151
-0.546370 -0.388801 -0.442284 -0.434568  -0.025151
-0.546370 -0.388801 -0.442284 -0.434568  -0.025151
-0.546370 -0.388801 -0.464650 -0.434568  -0.020417
-0.546370 -0.388801 -0.464650 -0.449038  -0.017659
-0.546370 -0.388801 -0.464650 -0.449038  -0.017659
-0.546370 -0.388801 -0.464650 -0.449038  -0.017659
-0.546370 -0.388801 -0.464650 -0.449038  -0.017659
-0.546370 -0.388801 -0.464650 -0.449038  -0.017659
-0.525985 -0.388801 -0.464650 -0.449038  -0.009229
-0.525985 -0.361083 -0.464650 -0.449038  -0.006483
-0.525985 -0.361083 -0.464650 -0.449038  -0.006483
-0.525985 -0.361083 -0.464650 -0.449038  -0.006483
-0.476183 -0.361083 -0.464650 -0.449038  0.009294
-0.476183 -0.303611 -0.464650 -0.449038  0.012852
-0.476183 -0.303611 -0.464650 -0.449038  0.012852
-0.476183 -0.303611 -0.464650 -0.449038  0.012852
-0.397086 -0.303611 -0.464650 -0.449038  0.027463
-0.397086 -0.217296 -0.464650 -0.449038  0.029558
-0.397086 -0.217296 -0.464650 -0.449038  0.029558
-0.397086 -0.217296 -0.464650 -0.548525  0.060959
-0.397086 -0.217296 -0.464650 -0.548525  0.060959
-0.397086 -0.217296 -0.464650 -0.548525  0.060959
-0.397086 -0.217296 -0.543116 -0.548525  0.086557
-0.397086 -0.217296 -0.543116 -0.619748  0.128327
-0.397086 -0.217296 -0.543116 -0.619748  0.128327
-0.397086 -0.217296 -0.543116 -0.619748  0.128327
-0.397086 -0.217296 -0.593255 -0.619748  0.154557
-0.397086 -0.217296 -0.593255 -0.662972  0.191208
-0.397086 -0.217296 -0.593255 -0.662972  0.191208
-0.397086 -0.217296 -0.593255 -0.662972  0.191208
-0.397086 -0.217296 -0.615261 -0.662972  0.205887
-0.397086 -0.217296 -0.615261 -0.678234  0.221323
-0.397086 -0.217296 -0.615261 -0.678234  0.221323
-0.397086 -0.217296 -0.615261 -0.678234  0.221323
-0.397086 -0.217296 -0.615261 -0.678234  0.221323
-0.397086 -0.217296 -0.615261 -0.678234  0.221323
-0.378344 -0.217296 -0.615261 -0.678234  0.223443
-0.378344 -0.191524 -0.615261 -0.678234  0.223670
-0.378344 -0.191524 -0.615261 -0.678234  0.223670
-0.378344 -0.191524 -0.615261 -0.678234  0.223670
-0.331384 -0.191524 -0.615261 -0.678234  0.227426
-0.331384 -0.137757 -0.615261 -0.678234  0.227634
-0.331384 -0.137757 -0.615261 -0.678234  0.227634
-0.331384 -0.137757 -0.615261 -0.678234  0.227634
-0.257042 -0.137757 -0.615261 -0.678234  0.230508
-0.257042 -0.056735 -0.615261 -0.678234  0.230557
-0.257042 -0.056735 -0.615261 -0.678234  0.230557
-0.257042 -0.056735 -0.615261 -0.773458  0.363853
-0.257042 -0.056735 -0.615261 -0.773458  0.363853
-0.257042 -0.056735 -0.615261 -0.773458  0.363853
-0.257042 -0.056735 -0.690365 -0.773458  0.432505
-0.257042 -0.056735 -0.690365 -0.841878  0.578602
-0.257042 -0.056735 -0.690365 -0.841878  0.578602
-0.257042 -0.056735 -0.690365 -0.841878  0.578602
-0.257042 -0.056735 -0.738541 -0.841878  0.641507
-0.257042 -0.056735 -0.738541 -0.882744  0.754612
-0.257042 -0.056735 -0.738541 -0.882744  0.754612
-0.257042 -0.056735 -0.738541 -0.882744  0.754612
-0.257042 -0.056735 -0.758903 -0.882744  0.786618
-0.257042 -0.056735 -0.758903 -0.896252  0.828901
-0.257042 -0.056735 -0.758903 -0.896252  0.828901
-0.257042 -0.056232 -0.758903 -0.896252  0.828901
-0.257042 -0.056232 -0.758903 -0.896252  0.828901
-0.257042 -0.056232 -0.758903 -0.896252  0.828901
-0.236094 -0.056232 -0.758903 -0.896252  0.829289
-0.236094 -0.027871 -0.758903 -0.896252  0.829290
-0.236094 -0.027871 -0.758903 -0.896252  0.829290
-0.236094 -0.027871 -0.758903 -0.896252  0.829290
-0.186806 -0.027871 -0.758903 -0.896252  0.829796
-0.186806 0.028267 -0.758903 -0.896252  0.829796
-0.186806 0.028267 -0.758903 -0.896252  0.829796
-0.186806 0.028267 -0.758903 -0.896252  0.829796
-0.110163 0.028267 -0.758903 -0.896252  0.830007
-0.110163 0.111470 -0.758903 -0.896252  0.830024
-0.110163 0.111470 -0.758903 -0.896252  0.830024
-0.110163 0.111470 -0.758903 -0.896252  0.830024
-0.110163 0.111470 -0.758903 -0.896252  0.830024
-0.110163 0.111470 -0.758903 -0.896252  0.830024
-0.110163 0.111470 -0.775604 -0.896252  0.858969
-0.110163 0.111470 -0.775604 -0.905913  0.890819
-0.110163 0.111470 -0.775604 -0.905913  0.890819
-0.110163 0.115516 -0.775604 -0.905913  0.890823
-0.110163 0.115516 -0.775604 -0.905913  0.890823
-0.110163 0.115516 -0.775604 -0.905913  0.890823
-0.085886 0.115516 -0.775604 -0.905913  0.890834
-0.085886 0.146906 -0.775604 -0.905913  0.890882
-0.085886 0.146906 -0.775604 -0.905913  0.890882
-0.085886 0.146906 -0.775604 -0.905913  0.890882
-0.033103 0.146906 -0.775604 -0.905913  0.890887
-0.033103 0.206771 -0.775604 -0.905913  0.891196
-0.033103 0.206771 -0.775604 -0.905913  0.891196
-0.033103 0.206771 -0.775604 -0.905913  0.891196
0.047622 0.206771 -0.775604 -0.905913  0.891196
0.047622 0.294654 -0.775604 -0.905913  0.893039
0.047622 0.294654 -0.775604 -0.905913  0.893039
0.047622 0.294654 -0.775604 -1.004560  1.305902
0.047622 0.294654 -0.775604 -1.004560  1.305902
0.047622 0.294654 -0.775604 -1.004560  1.305902
0.047622 0.294654 -0.851051 -1.004560  1.471686
0.047622 0.294654 -0.851051 -1.072532  1.867900
0.047622 0.294654 -0.851051 -1.072532  1.867900
0.047622 0.294654 -0.851051 -1.072532  1.867900
0.047622 0.294654 -0.897219 -1.072532  2.002866
0.047622 0.294654 -0.897219 -1.111712  2.281734
0.047622 0.294654 -0.897219 -1.111712  2.281734
0.047622 0.294654 -0.897219 -1.111712  2.281734
0.047622 0.294654 -0.915784 -1.111712  2.344430
0.047622 0.294654 -0.915784 -1.123125  2.433408
0.047622 0.294654 -0.915784 -1.123125  2.433408
0.047622 0.297437 -0.915784 -1.123125  2.433515
0.047622 0.297437 -0.915784 -1.123125  2.433515
0.047622 0.297437 -0.915784 -1.123125  2.433515
0.070835 0.297437 -0.915784 -1.123125  2.433516
0.070835 0.327926 -0.915784 -1.123125  2.434980
0.070835 0.327926 -0.915784 -1.123125  2.434980
0.070835 0.327926 -0.915784 -1.123125  2.434980
0.122640 0.327926 -0.915784 -1.123125  2.435006
0.122640 0.387106 -0.915784 -1.123125  2.439907
0.122640 0.387106 -0.915784 -1.123125  2.439907
0.122640 0.387106 -0.915784 -1.123125  2.439907
0.202577 0.387106 -0.915784 -1.123125  2.440220
0.202577 0.473793 -0.915784 -1.123125  2.455402
0.202577 0.473793 -0.915784 -1.123125  2.455402
0.202577 0.473793 -0.915784 -1.223029  3.404760
0.202577 0.473793 -0.915784 -1.223029  3.404760
0.202577 0.473793 -0.915784 -1.223029  3.404760
0.202577 0.473793 -0.994879 -1.223029  3.735297
0.202577 0.473793 -0.994879 -1.295094  4.642269
0.202577 0.473793 -0.994879 -1.295094  4.642269
0.202577 0.473793 -0.994879 -1.295094  4.642269
0.202577 0.473793 -1.046995 -1.295094  4.925735
0.202577 0.473793 -1.046995 -1.340460  5.610164
0.202577 0.473793 -1.046995 -1.340460  5.610164
0.202577 0.473793 -1.046995 -1.340460  5.610164
0.202577 0.473793 -1.071001 -1.340460  5.761169
0.202577 0.473793 -1.071001 -1.357927  6.050583
0.202577 0.473793 -1.071001 -1.357927  6.050583
0.202577 0.473793 -1.071001 -1.357927  6.050583
0.202577 0.473793 -1.071001 -1.357927  6.050583
0.202577 0.473793 -1.071001 -1.357927  6.050583
0.218375 0.473793 -1.071001 -1.357927  6.050738
0.218375 0.496644 -1.071001 -1.357927  6.057079
0.218375 0.496644 -1.071001 -1.357927  6.057079
0.218375 0.496644 -1.071001 -1.357927  6.057079
0.261893 0.496644 -1.071001 -1.357927  6.057814
0.261893 0.546792 -1.071001 -1.357927  6.076477
0.261893 0.546792 -1.071001 -1.357927  6.076477
0.261893 0.546792 -1.071001 -1.357927  6.076477
0.332011 0.546792 -1.071001 -1.357927  6.079279
0.332011 0.627739 -1.071001 -1.357927  6.127876
0.332011 0.627739 -1.071001 -1.357927  6.127876
0.332011 0.627739 -1.071001 -1.453952  8.008204
0.387472 0.627739 -1.071001 -1.453952  8.012903
0.387472 0.697107 -1.071001 -1.453952  8.080053
0.387472 0.697107 -1.071001 -1.453952  8.080053
0.387472 0.697107 -1.071001 -1.453952  8.080053
0.387472 0.697107 -1.071001 -1.453952  8.080053
0.387472 0.697107 -1.071001 -1.453952  8.080053
0.387472 0.697107 -1.149795 -1.453952  8.680488
0.387472 0.697107 -1.149795 -1.523036  10.377960
0.387472 0.697107 -1.149795 -1.523036  10.377960
0.387472 0.697107 -1.149795 -1.523036  10.377960
0.387472 0.697107 -1.230798 -1.523036  11.192852
0.387472 0.697107 -1.230798 -1.590048  13.161492
0.387472 0.697107 -1.230798 -1.590048  13.161492
0.387472 0.697107 -1.230798 -1.590048  13.161492
0.387472 0.697107 -1.262273 -1.590048  13.541591
0.387472 0.697107 -1.262273 -1.608816  14.155763
0.387472 0.697107 -1.262273 -1.608816  14.155763
0.387472 0.702032 -1.262273 -1.608816  14.161661
0.387472 0.702032 -1.262273 -1.608816  14.161661
0.387472 0.702032 -1.262273 -1.608816  14.161661
0.425850 0.702032 -1.262273 -1.608816  14.166933
0.425850 0.751035 -1.262273 -1.608816  14.235356
0.425850 0.751035 -1.262273 -1.608816  14.235356
0.425850 0.751035 -1.262273 -1.608816  14.235356
0.507625 0.751035 -1.262273 -1.608816  14.255058
0.507625 0.843079 -1.262273 -1.608816  14.442044
0.507625 0.843079 -1.360107 -1.608816  15.891914
0.507625 0.843079 -1.360107 -1.697277  19.199288
0.507625 0.843079 -1.360107 -1.697277  19.199288
0.507625 0.843079 -1.360107 -1.697277  19.199288
0.507625 0.843079 -1.418520 -1.697277  20.288367
0.507625 0.843079 -1.418520 -1.743875  22.330992
0.507625 0.843079 -1.418520 -1.743875  22.330992
0.507625 0.843079 -1.418520 -1.743875  22.330992
0.507625 0.843079 -1.428646 -1.743875  22.538954
0.507625 0.843079 -1.428646 -1.743875  22.538954
0.522753 0.843079 -1.428646 -1.743875  22.544285
0.522753 0.869741 -1.428646 -1.743875  22.616031
0.522753 0.869741 -1.428646 -1.743875  22.616031
0.522753 0.869741 -1.428646 -1.743875  22.616031
0.584140 0.869741 -1.428646 -1.743875  22.645005
0.584140 0.943181 -1.428646 -1.743875  22.893732
0.584140 0.943181 -1.428646 -1.743875  22.893732
0.584140 0.943181 -1.428646 -1.743875  22.893732
0.584140 0.943181 -1.428646 -1.743875  22.893732
0.584140 0.943181 -1.428646 -1.743875  22.893732
0.584140 0.943181 -1.504690 -1.743875  24.655485
0.584140 0.943181 -1.504690 -1.810125  27.960754
0.584140 0.943181 -1.504690 -1.810125  27.960754
0.584140 0.943181 -1.504690 -1.810125  27.960754
0.584140 0.943181 -1.536755 -1.810125  28.818362
0.584140 0.943181 -1.536755 -1.830536  29.938986
0.584140 0.943181 -1.536755 -1.830536  29.938986
0.584140 0.946648 -1.536755 -1.830536  29.952807
0.584140 0.946648 -1.536755 -1.830536  29.952807
0.584140 0.946648 -1.536755 -1.830536  29.952807
0.619899 0.946648 -1.536755 -1.830536  29.976333
0.619899 0.992586 -1.536755 -1.830536  30.179583
0.619899 0.992586 -1.536755 -1.830536  30.179583
0.619899 0.992586 -1.536755 -1.830536  30.179583
0.697911 0.992586 -1.536755 -1.830536  30.253622
0.697911 1.082347 -1.536755 -1.830536  30.775509
0.697911 1.082347 -1.635719 -1.830536  33.914323
0.697911 1.082347 -1.635719 -1.918723  39.365862
0.697911 1.082347 -1.635719 -1.918723  39.365862
0.697911 1.082347 -1.635719 -1.918723  39.365862
0.697911 1.082347 -1.690889 -1.918723  41.478354
0.697911 1.082347 -1.690889 -1.961817  44.532838
0.697911 1.082347 -1.690889 -1.961817  44.532838
0.697911 1.082347 -1.690889 -1.961817  44.532838
0.697911 1.082347 -1.702184 -1.961817  45.000701
0.697911 1.082347 -1.702184 -1.963867  45.152885
0.706652 1.082347 -1.702184 -1.963867  45.163516
0.706652 1.101271 -1.702184 -1.963867  45.297991
0.706652 1.101271 -1.702184 -1.963867  45.297991
0.706652 1.101271 -1.702184 -1.963867  45.297991
0.758613 1.101271 -1.702184 -1.963867  45.373028
0.758613 1.165011 -1.702184 -1.963867  45.899290
0.758613 1.165011 -1.702184 -1.963867  45.899290
0.758613 1.165011 -1.702184 -1.963867  45.899290
0.855440 1.165011 -1.702184 -1.963867  46.106131
0.855440 1.165011 -1.702184 -1.963867  46.106131
0.855440 1.165011 -1.781720 -1.963867  49.771634
0.855440 1.165011 -1.781720 -2.032627  55.256387
0.855440 1.165011 -1.781720 -2.032627  55.256387
0.855440 1.165011 -1.781720 -2.032627  55.256387
0.855440 1.165011 -1.816864 -2.032627  57.098464
0.855440 1.165011 -1.816864 -2.055211  59.069308
0.855440 1.165011 -1.816864 -2.055211  59.069308
0.855440 1.166883 -1.816864 -2.055211  59.086604
0.855440 1.166883 -1.816864 -2.055211  59.086604
0.855440 1.166883 -1.816864 -2.055211  59.086604
0.890206 1.166883 -1.816864 -2.055211  59.187570
0.890206 1.214248 -1.816864 -2.055211  59.663763
0.890206 1.214248 -1.816864 -2.055211  59.663763
0.890206 1.214248 -1.816864 -2.055211  59.663763
0.920690 1.214248 -1.816864 -2.055211  59.766265
0.920690 1.256256 -1.816864 -2.055211  60.255568
0.920690 1.256256 -1.816864 -2.055211  60.255568
0.920690 1.256256 -1.816864 -2.055211  60.255568
0.999402 1.256256 -1.816864 -2.055211  60.591027
0.999402 1.347362 -1.816864 -2.055211  61.902531
0.999402 1.347362 -1.913397 -2.055211  67.751278
0.999402 1.347362 -1.913397 -2.139027  75.863476
0.999402 1.347362 -1.913397 -2.139027  75.863476
0.999402 1.347362 -1.913397 -2.139027  75.863476
0.999402 1.347362 -1.961534 -2.139027  79.256014
0.999402 1.347362 -1.961534 -2.175003  83.150494
0.999402 1.347362 -1.961534 -2.175003  83.150494
0.999402 1.347362 -1.961534 -2.175003  83.150494
0.999402 1.347362 -1.962889 -2.175003  83.250912
0.999402 1.347362 -1.962889 -2.175003  83.250912
1.019445 1.347362 -1.962889 -2.175003  83.354976
1.019445 1.378679 -1.962889 -2.175003  83.895578
1.019445 1.378679 -1.962889 -2.175003  83.895578
1.019445 1.378679 -1.962889 -2.175003  83.895578
1.086464 1.378679 -1.962889 -2.175003  84.308330
1.086464 1.457780 -1.962889 -2.175003  85.910873
1.086464 1.457780 -1.962889 -2.175003  85.910873
1.086464 1.457780 -1.962889 -2.270019  97.513074
1.086464 1.457780 -1.962889 -2.270019  97.513074
1.086464 1.457780 -1.962889 -2.270019  97.513074
1.086464 1.457780 -2.021126 -2.270019  102.099970
1.086464 1.457780 -2.021126 -2.315283  108.354001
1.086464 1.457780 -2.021126 -2.315283  108.354001
1.086464 1.457780 -2.021126 -2.315283  108.354001
1.086464 1.457780 -2.028174 -2.315283  108.946151
1.086464 1.457780 -2.028174 -2.315283  108.946151
1.101293 1.457780 -2.028174 -2.315283  109.052316
1.101293 1.484997 -2.028174 -2.315283  109.690289
1.101293 1.484997 -2.028174 -2.315283  109.690289
1.101293 1.484997 -2.028174 -2.315283  109.690289
1.159787 1.484997 -2.028174 -2.315283  110.168712
1.159787 1.553851 -2.028174 -2.315283  112.005503
1.159787 1.553851 -2.028174 -2.315283  112.005503
1.159787 1.553851 -2.028174 -2.315283  112.005503
1.159787 1.553851 -2.028174 -2.315283  112.005503
1.159787 1.553851 -2.028174 -2.315283  112.005503
1.159787 1.553851 -2.107248 -2.315283  119.237895
1.159787 1.553851 -2.107248 -2.383515  129.636274
1.159787 1.553851 -2.107248 -2.383515  129.636274
1.159787 1.553851 -2.107248 -2.383515  129.636274
1.159787 1.553851 -2.143614 -2.383515  133.347472
1.159787 1.553851 -2.143614 -2.410087  137.732231
1.159787 1.553851 -2.143614 -2.410087  137.732231
1.159787 1.553851 -2.143614 -2.410087  137.732231
1.159787 1.553851 -2.143614 -2.410087  137.732231
1.159787 1.553851 -2.143614 -2.410087  137.732231
1.190040 1.553851 -2.143614 -2.410087  138.020565
1.190040 1.596256 -2.143614 -2.410087  139.325914
1.190040 1.596256 -2.143614 -2.410087  139.325914
1.190040 1.596256 -2.143614 -2.410087  139.325914
1.265614 1.596256 -2.143614 -2.410087  140.186349
1.265614 1.682912 -2.143614 -2.410087  143.321846
1.265614 1.682912 -2.143614 -2.410087  143.321846
1.265614 1.682912 -2.143614 -2.500465  159.755438
1.265614 1.682912 -2.143614 -2.500465  159.755438
1.265614 1.682912 -2.143614 -2.500465  159.755438
1.265614 1.682912 -2.201216 -2.500465  166.172437
1.265614 1.682912 -2.201216 -2.545854  175.371901
1.265614 1.682912 -2.201216 -2.545854  175.371901
1.265614 1.682912 -2.201216 -2.545854  175.371901
1.265614 1.682912 -2.211462 -2.545854  176.585933
1.265614 1.682912 -2.211462 -2.545854  176.585933
1.278478 1.682912 -2.211462 -2.545854  176.754340
1.278478 1.707524 -2.211462 -2.545854  177.770755
1.278478 1.707524 -2.211462 -2.545854  177.770755
1.278478 1.707524 -2.211462 -2.545854  177.770755
1.340956 1.707524 -2.211462 -2.545854  178.690993
1.340956 1.782125 -2.211462 -2.545854  182.151327
1.340956 1.782125 -2.211462 -2.545854  182.151327
1.340956 1.782125 -2.211462 -2.545854  182.151327
1.340956 1.782125 -2.211462 -2.545854  182.151327
1.340956 1.782125 -2.211462 -2.545854  182.151327
1.340956 1.782125 -2.277949 -2.545854  190.595047
1.340956 1.782125 -2.277949 -2.602038  202.928517
1.434800 1.782125 -2.277949 -2.602038  204.673431
1.434800 1.782125 -2.277949 -2.602038  204.673431
1.434800 1.782125 -2.354388 -2.602038  215.678756
1.434800 1.782125 -2.354388 -2.665595  230.975576
1.434800 1.782125 -2.354388 -2.665595  230.975576
1.434800 1.782125 -2.354388 -2.665595  230.975576
1.434800 1.782125 -2.381484 -2.665595  235.235229
1.434800 1.782125 -2.381484 -2.680173  238.955653
1.434800 1.782125 -2.381484 -2.680173  238.955653
1.434800 1.790533 -2.381484 -2.680173  239.383727
1.434800 1.790533 -2.381484 -2.680173  239.383727
1.434800 1.790533 -2.381484 -2.680173  239.383727
1.477749 1.790533 -2.381484 -2.680173  240.349968
1.477749 1.844955 -2.381484 -2.680173  243.322140
1.477749 1.844955 -2.381484 -2.680173  243.322140
1.477749 1.844955 -2.381484 -2.680173  243.322140
1.565930 1.844955 -2.381484 -2.680173  245.691045
1.565930 1.944259 -2.381484 -2.680173  252.097353
1.565930 1.944259 -2.469270 -2.680173  267.295713
1.565930 1.944259 -2.469270 -2.756333  288.094178
1.565930 1.944259 -2.469270 -2.756333  288.094178
1.565930 1.944259 -2.469270 -2.756333  288.094178
1.565930 1.944259 -2.510378 -2.756333  295.994232
1.565930 1.944259 -2.510378 -2.786034  304.752474
1.565930 1.944259 -2.510378 -2.786034  304.752474
1.565930 1.944259 -2.510378 -2.786034  304.752474
1.565930 1.944259 -2.510378 -2.786034  304.752474
1.565930 1.944259 -2.510378 -2.786034  304.752474
1.595406 1.944259 -2.510378 -2.786034  305.672676
1.595406 1.985328 -2.510378 -2.786034  308.733547
1.595406 1.985328 -2.510378 -2.786034  308.733547
1.595406 1.985328 -2.510378 -2.786034  308.733547
1.671518 1.985328 -2.510378 -2.786034  311.445812
1.671518 2.073208 -2.510378 -2.786034  318.903847
1.671518 2.073208 -2.610004 -2.786034  340.320959
1.671518 2.073208 -2.610004 -2.872720  368.110764
1.671518 2.073208 -2.610004 -2.872720  368.110764
1.671518 2.073208 -2.610004 -2.872720  368.110764
1.671518 2.073208 -2.658497 -2.872720  379.788349
1.671518 2.073208 -2.658497 -2.908576  392.306946
1.671518 2.073208 -2.658497 -2.908576  392.306946
1.671518 2.073208 -2.658497 -2.908576  392.306946
1.671518 2.073208 -2.658497 -2.908576  392.306946
1.671518 2.073208 -2.658497 -2.908576  392.306946
1.699591 2.073208 -2.658497 -2.908576  393.440068
1.699591 2.113783 -2.658497 -2.908576  397.337729
1.699591 2.113783 -2.658497 -2.908576  397.337729
1.699591 2.113783 -2.658497 -2.908576  397.337729
1.778245 2.113783 -2.658497 -2.908576  400.937299
1.778245 2.205055 -2.658497 -2.908576  410.869406
1.778245 2.205055 -2.754652 -2.908576  436.685682
1.778245 2.205055 -2.754652 -2.991947  468.279374
1.778245 2.205055 -2.754652 -2.991947  468.279374
1.778245 2.205055 -2.754652 -2.991947  468.279374
1.778245 2.205055 -2.800736 -2.991947  481.998380
1.778245 2.205055 -2.800736 -3.025510  495.750875
1.778245 2.205055 -2.800736 -3.025510  495.750875
1.778245 2.205055 -2.800736 -3.025510  495.750875
1.778245 2.205055 -2.800736 -3.025510  495.750875
1.778245 2.205055 -2.800736 -3.025510  495.750875
1.807293 2.205055 -2.800736 -3.025510  497.251421
1.807293 2.247352 -2.800736 -3.025510  502.446811
1.807293 2.247352 -2.800736 -3.025510  502.446811
1.807293 2.247352 -2.800736 -3.025510  502.446811
1.888802 2.247352 -2.800736 -3.025510  507.205080
1.888802 2.342123 -2.800736 -3.025510  520.355796
1.888802 2.342123 -2.893125 -3.025510  550.717433
1.888802 2.342123 -2.893125 -3.104650  585.653939
1.888802 2.342123 -2.893125 -3.104650  585.653939
1.888802 2.342123 -2.893125 -3.104650  585.653939
1.888802 2.342123 -2.934652 -3.104650  600.624341
1.888802 2.342123 -2.934652 -3.133304  614.183139
1.888802 2.342123 -2.934652 -3.133304  614.183139
1.888802 2.342123 -2.934652 -3.133304  614.183139
1.888802 2.342123 -2.934652 -3.133304  614.183139
1.888802 2.342123 -2.934652 -3.133304  614.183139
1.923182 2.342123 -2.934652 -3.133304  616.452095
1.923182 2.388579 -2.934652 -3.133304  623.724463
1.923182 2.388579 -2.934652 -3.133304  623.724463
1.923182 2.388579 -2.934652 -3.133304  623.724463
2.008930 2.388579 -2.934652 -3.133304  630.136477
2.008930 2.487149 -2.934652 -3.133304  647.558857
2.008930 2.487149 -2.934652 -3.133304  647.558857
2.008930 2.487149 -2.934652 -3.133304  647.558857
2.093095 2.487149 -2.934652 -3.133304  655.011970
2.093095 2.584053 -2.934652 -3.133304  675.054555
2.093095 2.584053 -3.025125 -3.133304  710.739980
2.093095 2.584053 -3.025125 -3.209909  749.507790
2.093095 2.584053 -3.025125 -3.209909  749.507790
2.093095 2.584053 -3.025125 -3.209909  749.507790
2.093095 2.584053 -3.061816 -3.209909  765.248789
2.093095 2.584053 -3.061816 -3.233517  777.965902
2.093095 2.584053 -3.061816 -3.233517  777.965902
2.093095 2.586661 -3.061816 -3.233517  778.548310
2.093095 2.586661 -3.061816 -3.233517  778.548310
2.093095 2.586661 -3.061816 -3.233517  778.548310
2.136978 2.586661 -3.061816 -3.233517  782.940043
2.136978 2.643157 -3.061816 -3.233517  796.150526
2.136978 2.643157 -3.061816 -3.233517  796.150526
2.136978 2.643157 -3.061816 -3.233517  796.150526
2.235228 2.643157 -3.061816 -3.233517  807.381678
2.235228 2.643157 -3.061816 -3.233517  807.381678
2.235228 2.643157 -3.138199 -3.233517  842.663381
2.235228 2.643157 -3.138199 -3.294114  877.050859
2.235228 2.643157 -3.138199 -3.294114  877.050859
2.235228 2.643157 -3.138199 -3.294114  877.050859
2.235228 2.643157 -3.160393 -3.294114  887.967439
2.235228 2.643157 -3.160393 -3.303901  893.763735
2.240340 2.643157 -3.160393 -3.303901  894.404623
2.240340 2.661844 -3.160393 -3.303901  899.029947
2.240340 2.661844 -3.160393 -3.303901  899.029947
2.240340 2.661844 -3.160393 -3.303901  899.029947
2.297437 2.661844 -3.160393 -3.303901  906.597844
2.297437 2.733636 -3.160393 -3.303901  925.617404
2.297437 2.733636 -3.160393 -3.303901  925.617404
2.297437 2.733636 -3.160393 -3.303901  925.617404
2.297437 2.733636 -3.160393 -3.303901  925.617404
2.297437 2.733636 -3.160393 -3.303901  925.617404
2.297437 2.733636 -3.223946 -3.303901  958.618966
2.297437 2.733636 -3.223946 -3.355140  990.107090
2.297437 2.733636 -3.223946 -3.355140  990.107090
2.297437 2.733636 -3.223946 -3.355140  990.107090
2.297437 2.733636 -3.236385 -3.355140  996.878029
2.297437 2.733636 -3.236385 -3.355140  996.878029
2.313893 2.733636 -3.236385 -3.355140  999.203419
2.313893 2.762785 -3.236385 -3.355140  1007.517579
2.313893 2.762785 -3.236385 -3.355140  1007.517579
2.313893 2.762785 -3.236385 -3.355140  1007.517579
2.384802 2.762785 -3.236385 -3.355140  1018.323410
2.384802 2.848606 -3.236385 -3.355140  1044.926411
2.384802 2.848606 -3.236385 -3.355140  1044.926411
2.384802 2.848606 -3.236385 -3.444074  1104.342076
2.384802 2.848606 -3.236385 -3.444074  1104.342076
2.384802 2.848606 -3.236385 -3.444074  1104.342076
2.384802 2.848606 -3.286804 -3.444074  1132.874213
2.384802 2.848606 -3.286804 -3.481975  1160.130872
2.384802 2.848606 -3.286804 -3.481975  1160.130872
2.384802 2.848606 -3.286804 -3.481975  1160.130872
2.384802 2.848606 -3.286804 -3.481975  1160.130872
2.384802 2.848606 -3.286804 -3.481975  1160.130872
2.414070 2.848606 -3.286804 -3.481975  1164.981835
2.414070 2.891539 -3.286804 -3.481975  1179.549065
2.414070 2.891539 -3.286804 -3.481975  1179.549065
2.414070 2.891539 -3.286804 -3.481975  1179.549065
2.495309 2.891539 -3.286804 -3.481975  1194.304820
2.495309 2.986273 -3.286804 -3.481975  1229.659170
2.495309 2.986273 -3.378840 -3.481975  1286.458673
2.495309 2.986273 -3.378840 -3.561045  1347.273037
2.495309 2.986273 -3.378840 -3.561045  1347.273037
2.495309 2.986273 -3.378840 -3.561045  1347.273037
2.495309 2.986273 -3.419223 -3.561045  1374.226534
2.495309 2.986273 -3.419223 -3.588811  1396.902848
2.495309 2.986273 -3.419223 -3.588811  1396.902848
2.495309 2.986273 -3.419223 -3.588811  1396.902848
2.495309 2.986273 -3.419223 -3.588811  1396.902848
2.495309 2.986273 -3.419223 -3.588811  1396.902848
2.524780 2.986273 -3.419223 -3.588811  1402.752361
2.524780 3.026283 -3.419223 -3.588811  1419.093885
2.524780 3.026283 -3.419223 -3.588811  1419.093885
2.524780 3.026283 -3.419223 -3.588811  1419.093885
2.601142 3.026283 -3.419223 -3.588811  1435.575786
2.601142 3.114442 -3.419223 -3.588811  1474.765824
2.601142 3.114442 -3.519196 -3.588811  1547.201756
2.601142 3.114442 -3.519196 -3.588811  1547.201756
2.657753 3.114442 -3.519196 -3.588811  1560.735851
2.657753 3.181811 -3.519196 -3.588811  1593.829049
2.657753 3.181811 -3.519196 -3.588811  1593.829049
2.657753 3.181811 -3.519196 -3.588811  1593.829049
2.756645 3.181811 -3.519196 -3.588811  1620.405823
2.756645 3.181811 -3.519196 -3.588811  1620.405823
2.756645 3.181811 -3.593556 -3.588811  1679.894961
2.756645 3.181811 -3.593556 -3.651205  1733.476518
2.756645 3.181811 -3.593556 -3.651205  1733.476518
2.756645 3.181811 -3.593556 -3.651205  1733.476518
2.756645 3.181811 -3.618045 -3.651205  1754.176162
2.756645 3.181811 -3.618045 -3.662694  1764.449145
2.758163 3.181811 -3.618045 -3.662694  1764.887850
2.758163 3.196851 -3.618045 -3.662694  1772.668668
2.758163 3.196851 -3.618045 -3.662694  1772.668668
2.758163 3.196851 -3.618045 -3.662694  1772.668668
2.812596 3.196851 -3.618045 -3.662694  1789.054029
2.812596 3.264351 -3.618045 -3.662694  1825.824903
2.812596 3.264351 -3.618045 -3.662694  1825.824903
2.812596 3.264351 -3.618045 -3.662694  1825.824903
2.812596 3.264351 -3.618045 -3.662694  1825.824903
2.812596 3.264351 -3.618045 -3.662694  1825.824903
2.812596 3.264351 -3.687383 -3.662694  1887.552722
2.812596 3.264351 -3.687383 -3.720268  1941.016209
2.812596 3.264351 -3.687383 -3.720268  1941.016209
2.812596 3.264351 -3.687383 -3.720268  1941.016209
2.812596 3.264351 -3.707174 -3.720268  1959.507346
2.812596 3.264351 -3.707174 -3.728224  1967.159694
2.817168 3.264351 -3.707174 -3.728224  1968.594702
2.817168 3.280249 -3.707174 -3.728224  1977.708949
2.817168 3.280249 -3.707174 -3.728224  1977.708949
2.817168 3.280249 -3.707174 -3.728224  1977.708949
2.869737 3.280249 -3.707174 -3.728224  1994.894234
2.869737 3.345976 -3.707174 -3.728224  2034.498431
2.869737 3.345976 -3.707174 -3.728224  2034.498431
2.869737 3.345976 -3.707174 -3.728224  2034.498431
2.869737 3.345976 -3.707174 -3.728224  2034.498431
2.869737 3.345976 -3.707174 -3.728224  2034.498431
2.869737 3.345976 -3.784861 -3.728224  2111.003820
2.869737 3.345976 -3.784861 -3.792691  2175.470196
2.869737 3.345976 -3.784861 -3.792691  2175.470196
2.869737 3.345976 -3.784861 -3.792691  2175.470196
2.869737 3.345976 -3.816524 -3.792691  2208.506725
2.869737 3.345976 -3.816524 -3.813582  2230.359590
2.869737 3.345976 -3.816524 -3.813582  2230.359590
2.869737 3.347624 -3.816524 -3.813582  2231.393854
2.869737 3.347624 -3.816524 -3.813582  2231.393854
2.869737 3.347624 -3.816524 -3.813582  2231.393854
2.906732 3.347624 -3.816524 -3.813582  2244.267065
2.906732 3.396479 -3.816524 -3.813582  2275.853066
2.906732 3.396479 -3.816524 -3.813582  2275.853066
2.906732 3.396479 -3.816524 -3.813582  2275.853066
2.992057 3.396479 -3.816524 -3.813582  2308.149925
2.992057 3.494852 -3.816524 -3.813582  2377.511076
2.992057 3.494852 -3.906748 -3.813582  2477.855870
2.992057 3.494852 -3.906748 -3.890672  2562.745502
2.992057 3.494852 -3.906748 -3.890672  2562.745502
2.992057 3.494852 -3.906748 -3.890672  2562.745502
2.992057 3.494852 -3.952020 -3.890672  2616.712538
2.992057 3.494852 -3.952020 -3.923066  2654.450134
2.992057 3.494852 -3.952020 -3.923066  2654.450134
2.992057 3.494852 -3.952020 -3.923066  2654.450134
2.992057 3.494852 -3.952020 -3.923066  2654.450134
