-0.690280 -0.529886 -0.529010 -0.528603  -0.115794
-0.690280 -0.529886 -0.529010 -0.528603  -0.115794
-0.690280 -0.529886 -0.529010 -0.528603  -0.115794
-0.690280 -0.529886 -0.604371 -0.528603  -0.076590
-0.690280 -0.529886 -0.604371 -0.596423  -0.042392
-0.690280 -0.529886 -0.604371 -0.596423  -0.042392
-0.690280 -0.529886 -0.604371 -0.596423  -0.042392
-0.690280 -0.529886 -0.649167 -0.596423  -0.007738
-0.690280 -0.529886 -0.649167 -0.633331  0.018688
-0.690280 -0.529886 -0.649167 -0.633331  0.018688
-0.690280 -0.529886 -0.649167 -0.633331  0.018688
-0.690280 -0.529886 -0.663555 -0.633331  0.032043
-0.690280 -0.529886 -0.663555 -0.640466  0.037913
-0.689854 -0.529886 -0.663555 -0.640466  0.038396
-0.689854 -0.522596 -0.663555 -0.640466  0.041191
-0.689854 -0.522596 -0.663555 -0.640466  0.041191
-0.689854 -0.522596 -0.663555 -0.640466  0.041191
-0.661652 -0.522596 -0.663555 -0.640466  0.070620
-0.661652 -0.487061 -0.663555 -0.640466  0.082189
-0.661652 -0.487061 -0.663555 -0.640466  0.082189
-0.661652 -0.487061 -0.663555 -0.640466  0.082189
-0.603951 -0.487061 -0.663555 -0.640466  0.128643
-0.603951 -0.422251 -0.663555 -0.640466  0.142631
-0.603951 -0.422251 -0.663555 -0.640466  0.142631
-0.603951 -0.422251 -0.663555 -0.640466  0.142631
-0.518470 -0.422251 -0.663555 -0.640466  0.185521
-0.518470 -0.329920 -0.663555 -0.640466  0.195035
-0.518470 -0.329920 -0.663555 -0.640466  0.195035
-0.518470 -0.329920 -0.663555 -0.734127  0.300503
-0.518470 -0.329920 -0.663555 -0.734127  0.300503
-0.518470 -0.329920 -0.663555 -0.734127  0.300503
-0.518470 -0.329920 -0.735398 -0.734127  0.386947
-0.518470 -0.329920 -0.735398 -0.798926  0.499200
-0.518470 -0.329920 -0.735398 -0.798926  0.499200
-0.518470 -0.329920 -0.735398 -0.798926  0.499200
-0.518470 -0.329920 -0.779071 -0.798926  0.571115
-0.518470 -0.329920 -0.779071 -0.835726  0.653308
-0.518470 -0.329920 -0.779071 -0.835726  0.653308
-0.518470 -0.329920 -0.779071 -0.835726  0.653308
-0.518470 -0.329920 -0.795204 -0.835726  0.684281
-0.518470 -0.329920 -0.795204 -0.844535  0.706226
-0.518470 -0.329920 -0.795204 -0.844535  0.706226
-0.518470 -0.324865 -0.795204 -0.844535  0.706516
-0.518470 -0.324865 -0.795204 -0.844535  0.706516
-0.518470 -0.324865 -0.795204 -0.844535  0.706516
-0.491742 -0.324865 -0.795204 -0.844535  0.715227
-0.491742 -0.291090 -0.795204 -0.844535  0.716755
-0.491742 -0.291090 -0.795204 -0.844535  0.716755
-0.491742 -0.291090 -0.795204 -0.844535  0.716755
-0.436817 -0.291090 -0.795204 -0.844535  0.729605
-0.436817 -0.229259 -0.795204 -0.844535  0.731062
-0.436817 -0.229259 -0.795204 -0.844535  0.731062
-0.436817 -0.229259 -0.795204 -0.844535  0.731062
-0.343101 -0.229259 -0.795204 -0.844535  0.742211
-0.343101 -0.229259 -0.795204 -0.844535  0.742211
-0.343101 -0.229259 -0.887956 -0.844535  0.976259
-0.343101 -0.229259 -0.887956 -0.929811  1.241619
-0.343101 -0.229259 -0.887956 -0.929811  1.241619
-0.343101 -0.229259 -0.887956 -0.929811  1.241619
-0.343101 -0.229259 -0.951968 -0.929811  1.471425
-0.343101 -0.229259 -0.951968 -0.986686  1.711621
-0.343101 -0.229259 -0.951968 -0.986686  1.711621
-0.343101 -0.229259 -0.951968 -0.986686  1.711621
-0.343101 -0.229259 -0.987929 -0.986686  1.870876
-0.343101 -0.229259 -0.987929 -1.015603  2.016185
-0.343101 -0.229259 -0.987929 -1.015603  2.016185
-0.343101 -0.229259 -0.987929 -1.015603  2.016185
-0.343101 -0.229259 -0.995815 -1.015603  2.054350
-0.343101 -0.229259 -0.995815 -1.016279  2.057953
-0.336767 -0.229259 -0.995815 -1.016279  2.058376
-0.336767 -0.215951 -0.995815 -1.016279  2.058540
-0.336767 -0.215951 -0.995815 -1.016279  2.058540
-0.336767 -0.215951 -0.995815 -1.016279  2.058540
-0.302229 -0.215951 -0.995815 -1.016279  2.060350
-0.302229 -0.173914 -0.995815 -1.016279  2.060660
-0.302229 -0.173914 -0.995815 -1.016279  2.060660
-0.302229 -0.173914 -0.995815 -1.016279  2.060660
-0.239321 -0.173914 -0.995815 -1.016279  2.062397
-0.239321 -0.104091 -0.995815 -1.016279  2.062544
-0.239321 -0.104091 -0.995815 -1.016279  2.062544
-0.239321 -0.104091 -0.995815 -1.016279  2.062544
-0.148599 -0.104091 -0.995815 -1.016279  2.063257
-0.148599 -0.104091 -0.995815 -1.016279  2.063257
-0.148599 -0.104091 -1.022809 -1.016279  2.203376
-0.148599 -0.104091 -1.022809 -1.032022  2.289985
-0.148599 -0.104091 -1.022809 -1.032022  2.289985
-0.148599 -0.098493 -1.022809 -1.032022  2.289988
-0.148599 -0.098493 -1.022809 -1.032022  2.289988
-0.148599 -0.098493 -1.022809 -1.032022  2.289988
-0.110226 -0.098493 -1.022809 -1.032022  2.290044
-0.110226 -0.048338 -1.022809 -1.032022  2.290053
-0.110226 -0.048338 -1.022809 -1.032022  2.290053
-0.110226 -0.048338 -1.022809 -1.032022  2.290053
-0.024297 -0.048338 -1.022809 -1.032022  2.290070
-0.024297 0.050308 -1.022809 -1.032022  2.290070
-0.024297 0.050308 -1.112448 -1.032022  2.874419
-0.024297 0.050308 -1.112448 -1.110267  3.390806
-0.024297 0.050308 -1.112448 -1.110267  3.390806
-0.024297 0.050308 -1.112448 -1.110267  3.390806
-0.024297 0.050308 -1.159510 -1.110267  3.783000
-0.024297 0.050308 -1.159510 -1.145457  4.067858
-0.024297 0.050308 -1.159510 -1.145457  4.067858
-0.024297 0.050308 -1.159510 -1.145457  4.067858
-0.024297 0.050308 -1.159510 -1.145457  4.067858
-0.024297 0.050308 -1.159510 -1.145457  4.067858
0.000699 0.050308 -1.159510 -1.145457  4.067858
0.000699 0.087684 -1.159510 -1.145457  4.067863
0.000699 0.087684 -1.159510 -1.145457  4.067863
0.000699 0.087684 -1.159510 -1.145457  4.067863
0.068413 0.087684 -1.159510 -1.145457  4.067864
0.068413 0.165345 -1.159510 -1.145457  4.067983
0.068413 0.165345 -1.159510 -1.145457  4.067983
0.068413 0.165345 -1.159510 -1.145457  4.067983
0.068413 0.165345 -1.159510 -1.145457  4.067983
0.068413 0.165345 -1.159510 -1.145457  4.067983
0.068413 0.165345 -1.232463 -1.145457  4.815678
0.068413 0.165345 -1.232463 -1.207514  5.410942
0.068413 0.165345 -1.232463 -1.207514  5.410942
0.068413 0.165345 -1.232463 -1.207514  5.410942
0.068413 0.165345 -1.265027 -1.207514  5.806993
0.068413 0.165345 -1.265027 -1.228035  6.032672
0.068413 0.165345 -1.265027 -1.228035  6.032672
0.068413 0.168703 -1.265027 -1.228035  6.032685
0.068413 0.168703 -1.265027 -1.228035  6.032685
0.068413 0.168703 -1.265027 -1.228035  6.032685
0.105125 0.168703 -1.265027 -1.228035  6.032697
0.105125 0.217448 -1.265027 -1.228035  6.033046
0.105125 0.217448 -1.265027 -1.228035  6.033046
0.105125 0.217448 -1.265027 -1.228035  6.033046
0.190318 0.217448 -1.265027 -1.228035  6.033283
0.190318 0.313099 -1.265027 -1.228035  6.035806
0.190318 0.313099 -1.356878 -1.228035  7.395572
0.190318 0.313099 -1.356878 -1.308630  8.440495
0.190318 0.313099 -1.356878 -1.308630  8.440495
0.190318 0.313099 -1.356878 -1.308630  8.440495
0.190318 0.313099 -1.403235 -1.308630  9.281739
0.190318 0.313099 -1.403235 -1.345007  9.845647
0.190318 0.313099 -1.403235 -1.345007  9.845647
0.190318 0.313099 -1.403235 -1.345007  9.845647
0.190318 0.313099 -1.405594 -1.345007  9.891536
0.190318 0.313099 -1.405594 -1.345007  9.891536
0.211917 0.313099 -1.405594 -1.345007  9.891713
0.211917 0.346865 -1.405594 -1.345007  9.893726
0.211917 0.346865 -1.405594 -1.345007  9.893726
0.211917 0.346865 -1.405594 -1.345007  9.893726
0.280418 0.346865 -1.405594 -1.345007  9.895032
0.280418 0.427897 -1.405594 -1.345007  9.904356
0.280418 0.427897 -1.405594 -1.345007  9.904356
0.280418 0.427897 -1.405594 -1.439680  11.687492
0.280418 0.427897 -1.405594 -1.439680  11.687492
0.280418 0.427897 -1.405594 -1.439680  11.687492
0.280418 0.427897 -1.467899 -1.439680  13.016169
0.280418 0.427897 -1.467899 -1.488339  14.134435
0.280418 0.427897 -1.467899 -1.488339  14.134435
0.280418 0.427897 -1.467899 -1.488339  14.134435
0.280418 0.427897 -1.480138 -1.488339  14.423342
0.280418 0.427897 -1.480138 -1.489104  14.442153
0.291065 0.427897 -1.480138 -1.489104  14.442508
0.291065 0.450027 -1.480138 -1.489104  14.446622
0.291065 0.450027 -1.480138 -1.489104  14.446622
0.291065 0.450027 -1.480138 -1.489104  14.446622
0.349200 0.450027 -1.480138 -1.489104  14.449725
0.349200 0.518341 -1.480138 -1.489104  14.468685
0.349200 0.518341 -1.480138 -1.489104  14.468685
0.349200 0.518341 -1.480138 -1.489104  14.468685
0.349200 0.518341 -1.480138 -1.489104  14.468685
0.349200 0.518341 -1.480138 -1.489104  14.468685
0.349200 0.518341 -1.563415 -1.489104  16.705074
0.349200 0.518341 -1.563415 -1.559901  18.619175
0.349200 0.518341 -1.563415 -1.559901  18.619175
0.349200 0.518341 -1.563415 -1.559901  18.619175
0.349200 0.518341 -1.598993 -1.559901  19.731459
0.349200 0.518341 -1.598993 -1.585300  20.508279
0.349200 0.518341 -1.598993 -1.585300  20.508279
0.349200 0.518341 -1.598993 -1.585300  20.508279
0.349200 0.518341 -1.598993 -1.585300  20.508279
0.349200 0.518341 -1.598993 -1.585300  20.508279
0.382456 0.518341 -1.598993 -1.585300  20.511270
0.382456 0.564228 -1.598993 -1.585300  20.531035
0.382456 0.564228 -1.598993 -1.585300  20.531035
0.382456 0.564228 -1.598993 -1.585300  20.531035
0.462026 0.564228 -1.598993 -1.585300  20.543906
0.462026 0.656182 -1.598993 -1.585300  20.608375
0.462026 0.656182 -1.694475 -1.585300  24.124889
0.462026 0.656182 -1.694475 -1.670043  27.102889
0.462026 0.656182 -1.694475 -1.670043  27.102889
0.462026 0.656182 -1.694475 -1.670043  27.102889
0.462026 0.656182 -1.744283 -1.670043  29.280301
0.462026 0.656182 -1.744283 -1.710317  30.924114
0.462026 0.656182 -1.744283 -1.710317  30.924114
0.462026 0.656182 -1.744283 -1.710317  30.924114
0.462026 0.656182 -1.749434 -1.710317  31.163943
0.462026 0.656182 -1.749434 -1.710317  31.163943
0.479742 0.656182 -1.749434 -1.710317  31.168301
0.479742 0.686497 -1.749434 -1.710317  31.199121
0.479742 0.686497 -1.749434 -1.710317  31.199121
0.479742 0.686497 -1.749434 -1.710317  31.199121
0.547399 0.686497 -1.749434 -1.710317  31.222859
0.547399 0.766340 -1.749434 -1.710317  31.334693
0.547399 0.766340 -1.749434 -1.710317  31.334693
0.547399 0.766340 -1.749434 -1.806382  35.933090
0.547399 0.766340 -1.749434 -1.806382  35.933090
0.547399 0.766340 -1.749434 -1.806382  35.933090
0.547399 0.766340 -1.811795 -1.806382  39.069448
0.547399 0.766340 -1.811795 -1.857069  41.923569
0.547399 0.766340 -1.811795 -1.857069  41.923569
0.547399 0.766340 -1.811795 -1.857069  41.923569
0.547399 0.766340 -1.828396 -1.857069  42.834546
0.547399 0.766340 -1.828396 -1.863174  43.199967
0.552042 0.766340 -1.828396 -1.863174  43.202087
0.552042 0.782457 -1.828396 -1.863174  43.231076
0.552042 0.782457 -1.828396 -1.863174  43.231076
0.552042 0.782457 -1.828396 -1.863174  43.231076
0.602330 0.782457 -1.828396 -1.863174  43.259087
0.602330 0.844153 -1.828396 -1.863174  43.394445
0.602330 0.844153 -1.828396 -1.863174  43.394445
0.602330 0.844153 -1.828396 -1.863174  43.394445
0.698765 0.844153 -1.828396 -1.863174  43.481756
0.698765 0.844153 -1.828396 -1.863174  43.481756
0.698765 0.844153 -1.908022 -1.863174  48.335979
0.698765 0.844153 -1.908022 -1.931326  52.754011
0.698765 0.844153 -1.908022 -1.931326  52.754011
0.698765 0.844153 -1.908022 -1.931326  52.754011
0.698765 0.844153 -1.940624 -1.931326  54.989568
0.698765 0.844153 -1.940624 -1.951287  56.407137
0.698765 0.844153 -1.940624 -1.951287  56.407137
0.698765 0.846258 -1.940624 -1.951287  56.412508
0.698765 0.846258 -1.940624 -1.951287  56.412508
0.698765 0.846258 -1.940624 -1.951287  56.412508
0.736301 0.846258 -1.940624 -1.951287  56.462326
0.736301 0.895538 -1.940624 -1.951287  56.604301
0.736301 0.895538 -1.940624 -1.951287  56.604301
0.736301 0.895538 -1.940624 -1.951287  56.604301
0.818453 0.895538 -1.940624 -1.951287  56.755146
0.818453 0.989966 -1.940624 -1.951287  57.129977
0.818453 0.989966 -2.033517 -1.951287  64.379035
0.818453 0.989966 -2.033517 -2.032019  70.735722
0.818453 0.989966 -2.033517 -2.032019  70.735722
0.818453 0.989966 -2.033517 -2.032019  70.735722
0.818453 0.989966 -2.078328 -2.032019  74.739656
0.818453 0.989966 -2.078328 -2.066121  77.745957
0.818453 0.989966 -2.078328 -2.066121  77.745957
0.818453 0.989966 -2.078328 -2.066121  77.745957
0.818453 0.989966 -2.078328 -2.066121  77.745957
0.818453 0.989966 -2.078328 -2.066121  77.745957
0.843011 0.989966 -2.078328 -2.066121  77.804464
0.843011 1.026227 -2.078328 -2.066121  77.991831
0.843011 1.026227 -2.078328 -2.066121  77.991831
0.843011 1.026227 -2.078328 -2.066121  77.991831
0.914234 1.026227 -2.078328 -2.066121  78.204754
0.914234 1.048124 -2.078328 -2.066121  78.331480
0.914234 1.048124 -2.078328 -2.066121  78.331480
0.914234 1.048124 -2.078328 -2.066121  78.331480
0.972810 1.048124 -2.078328 -2.066121  78.564041
0.972810 1.117758 -2.078328 -2.066121  79.043890
0.972810 1.117758 -2.078328 -2.066121  79.043890
0.972810 1.117758 -2.078328 -2.066121  79.043890
0.972810 1.117758 -2.078328 -2.066121  79.043890
0.972810 1.117758 -2.078328 -2.066121  79.043890
0.972810 1.117758 -2.150338 -2.066121  86.243482
0.972810 1.117758 -2.150338 -2.125335  91.957033
0.972810 1.117758 -2.150338 -2.125335  91.957033
0.972810 1.117758 -2.150338 -2.125335  91.957033
0.972810 1.117758 -2.171757 -2.125335  94.292868
0.972810 1.117758 -2.171757 -2.134782  95.265297
0.975929 1.117758 -2.171757 -2.134782  95.279351
0.975929 1.133142 -2.171757 -2.134782  95.402771
0.975929 1.133142 -2.171757 -2.134782  95.402771
0.975929 1.133142 -2.171757 -2.134782  95.402771
1.028134 1.133142 -2.171757 -2.134782  95.666283
1.028134 1.198103 -2.171757 -2.134782  96.266803
1.028134 1.198103 -2.171757 -2.134782  96.266803
1.028134 1.198103 -2.171757 -2.134782  96.266803
1.028134 1.198103 -2.171757 -2.134782  96.266803
1.028134 1.198103 -2.171757 -2.134782  96.266803
1.028134 1.198103 -2.243939 -2.134782  104.847251
1.028134 1.198103 -2.243939 -2.194214  111.372250
1.028134 1.198103 -2.243939 -2.194214  111.372250
1.028134 1.198103 -2.243939 -2.194214  111.372250
1.028134 1.198103 -2.264638 -2.194214  114.045103
1.028134 1.198103 -2.264638 -2.202419  115.003201
1.033414 1.198103 -2.264638 -2.202419  115.033004
1.033414 1.216849 -2.264638 -2.202419  115.232274
1.033414 1.216849 -2.264638 -2.202419  115.232274
1.033414 1.216849 -2.264638 -2.202419  115.232274
1.090320 1.216849 -2.264638 -2.202419  115.594542
1.090320 1.286552 -2.264638 -2.202419  116.451380
1.090320 1.286552 -2.264638 -2.202419  116.451380
1.090320 1.286552 -2.264638 -2.202419  116.451380
1.090320 1.286552 -2.264638 -2.202419  116.451380
1.090320 1.286552 -2.264638 -2.202419  116.451380
1.090320 1.286552 -2.330992 -2.202419  125.704230
1.090320 1.286552 -2.330992 -2.255961  132.316896
1.090320 1.286552 -2.330992 -2.255961  132.316896
1.090320 1.286552 -2.330992 -2.255961  132.316896
1.090320 1.286552 -2.344495 -2.255961  134.333480
1.090320 1.286552 -2.344495 -2.256080  134.348894
1.103501 1.286552 -2.344495 -2.256080  134.444314
1.103501 1.312351 -2.344495 -2.256080  134.812185
1.103501 1.312351 -2.344495 -2.256080  134.812185
1.103501 1.312351 -2.344495 -2.256080  134.812185
1.167156 1.312351 -2.344495 -2.256080  135.341812
1.167156 1.388755 -2.344495 -2.256080  136.614810
1.167156 1.388755 -2.344495 -2.256080  136.614810
1.167156 1.388755 -2.344495 -2.355977  150.752921
1.167156 1.388755 -2.344495 -2.355977  150.752921
1.167156 1.388755 -2.344495 -2.355977  150.752921
1.167156 1.388755 -2.406286 -2.355977  160.592645
1.167156 1.388755 -2.406286 -2.404260  168.341650
1.167156 1.388755 -2.406286 -2.404260  168.341650
1.167156 1.388755 -2.406286 -2.404260  168.341650
1.167156 1.388755 -2.415594 -2.404260  169.913998
1.167156 1.388755 -2.415594 -2.404260  169.913998
1.182822 1.388755 -2.415594 -2.404260  170.063317
1.182822 1.418030 -2.415594 -2.404260  170.631226
1.182822 1.418030 -2.415594 -2.404260  170.631226
1.182822 1.418030 -2.415594 -2.404260  170.631226
1.250736 1.418030 -2.415594 -2.404260  171.376732
1.250736 1.500059 -2.415594 -2.404260  173.238391
1.250736 1.500059 -2.415594 -2.404260  173.238391
1.250736 1.500059 -2.415594 -2.497296  190.032180
1.250736 1.500059 -2.415594 -2.497296  190.032180
1.250736 1.500059 -2.415594 -2.497296  190.032180
1.250736 1.500059 -2.470745 -2.497296  199.859879
1.250736 1.500059 -2.470745 -2.540252  208.505930
1.250736 1.500059 -2.470745 -2.540252  208.505930
1.250736 1.500059 -2.470745 -2.540252  208.505930
1.250736 1.500059 -2.475187 -2.540252  209.336448
1.250736 1.500059 -2.475187 -2.540252  209.336448
1.270643 1.500059 -2.475187 -2.540252  209.587899
1.270643 1.531900 -2.475187 -2.540252  210.428936
1.270643 1.531900 -2.475187 -2.540252  210.428936
1.270643 1.531900 -2.475187 -2.540252  210.428936
1.271385 1.531900 -2.475187 -2.540252  210.438627
1.271385 1.543945 -2.475187 -2.540252  210.775562
1.271385 1.543945 -2.475187 -2.540252  210.775562
1.271385 1.543945 -2.475187 -2.540252  210.775562
1.315729 1.543945 -2.475187 -2.540252  211.396712
1.315729 1.598676 -2.475187 -2.540252  213.065922
1.315729 1.598676 -2.475187 -2.540252  213.065922
1.315729 1.598676 -2.475187 -2.540252  213.065922
1.403596 1.598676 -2.475187 -2.540252  214.570547
1.403596 1.697832 -2.475187 -2.540252  218.236368
1.403596 1.697832 -2.565221 -2.540252  236.408109
1.403596 1.697832 -2.565221 -2.617404  253.476814
1.403596 1.697832 -2.565221 -2.617404  253.476814
1.403596 1.697832 -2.565221 -2.617404  253.476814
1.403596 1.697832 -2.605081 -2.617404  262.379301
1.403596 1.697832 -2.605081 -2.644918  268.973106
1.403596 1.697832 -2.605081 -2.644918  268.973106
1.403596 1.697832 -2.605081 -2.644918  268.973106
1.403596 1.697832 -2.605081 -2.644918  268.973106
1.403596 1.697832 -2.605081 -2.644918  268.973106
1.441487 1.697832 -2.605081 -2.644918  269.749211
1.441487 1.747932 -2.605081 -2.644918  271.957292
1.441487 1.747932 -2.605081 -2.644918  271.957292
1.441487 1.747932 -2.605081 -2.644918  271.957292
1.528619 1.747932 -2.605081 -2.644918  274.079850
1.528619 1.747932 -2.605081 -2.644918  274.079850
1.528619 1.747932 -2.691506 -2.644918  295.346763
1.528619 1.747932 -2.691506 -2.718229  314.307714
1.528619 1.747932 -2.691506 -2.718229  314.307714
1.528619 1.747932 -2.691506 -2.718229  314.307714
1.528619 1.747932 -2.724702 -2.718229  323.235662
1.528619 1.747932 -2.724702 -2.738249  328.781508
1.528619 1.747932 -2.724702 -2.738249  328.781508
1.528619 1.754294 -2.724702 -2.738249  329.080588
1.528619 1.754294 -2.724702 -2.738249  329.080588
1.528619 1.754294 -2.724702 -2.738249  329.080588
1.572836 1.754294 -2.724702 -2.738249  330.359627
1.572836 1.811082 -2.724702 -2.738249  333.228759
1.572836 1.811082 -2.724702 -2.738249  333.228759
1.572836 1.811082 -2.724702 -2.738249  333.228759
1.667869 1.811082 -2.724702 -2.738249  336.509919
1.667869 1.811082 -2.724702 -2.738249  336.509919
1.667869 1.811082 -2.804261 -2.738249  359.752788
1.667869 1.811082 -2.804261 -2.805124  379.492251
1.667869 1.811082 -2.804261 -2.805124  379.492251
1.667869 1.811082 -2.804261 -2.805124  379.492251
1.667869 1.811082 -2.833625 -2.805124  388.764025
1.667869 1.811082 -2.833625 -2.821730  393.966217
1.667869 1.811082 -2.833625 -2.821730  393.966217
1.667869 1.819440 -2.833625 -2.821730  394.420012
1.667869 1.819440 -2.833625 -2.821730  394.420012
1.667869 1.819440 -2.833625 -2.821730  394.420012
1.714530 1.819440 -2.833625 -2.821730  396.329277
1.714530 1.879196 -2.833625 -2.821730  399.825697
1.714530 1.879196 -2.833625 -2.821730  399.825697
1.714530 1.879196 -2.833625 -2.821730  399.825697
1.814277 1.879196 -2.833625 -2.821730  404.666916
1.814277 1.879196 -2.833625 -2.821730  404.666916
1.814277 1.879196 -2.908939 -2.821730  430.270188
1.814277 1.879196 -2.908939 -2.884332  451.013960
1.814277 1.879196 -2.908939 -2.884332  451.013960
1.814277 1.879196 -2.908939 -2.884332  451.013960
1.814277 1.879196 -2.933129 -2.884332  459.819749
1.814277 1.879196 -2.933129 -2.895574  463.740640
1.815975 1.879196 -2.933129 -2.895574  463.832798
1.815975 1.893204 -2.933129 -2.895574  464.719316
1.815975 1.893204 -2.933129 -2.895574  464.719316
1.815975 1.893204 -2.933129 -2.895574  464.719316
1.868259 1.893204 -2.933129 -2.895574  467.730843
1.868259 1.958059 -2.933129 -2.895574  472.192063
1.868259 1.958059 -2.933129 -2.895574  472.192063
1.868259 1.958059 -2.933129 -2.895574  472.192063
1.868259 1.958059 -2.933129 -2.895574  472.192063
1.868259 1.958059 -2.933129 -2.895574  472.192063
1.868259 1.958059 -3.006010 -2.895574  500.538006
1.868259 1.958059 -3.006010 -2.955150  522.357934
1.868259 1.958059 -3.006010 -2.955150  522.357934
1.868259 1.958059 -3.006010 -2.955150  522.357934
1.868259 1.958059 -3.026103 -2.955150  530.671171
1.868259 1.958059 -3.026103 -2.962290  533.406903
1.873779 1.958059 -3.026103 -2.962290  533.745150
1.873779 1.958059 -3.026103 -2.962290  533.745150
1.873779 1.958059 -3.063471 -2.962290  549.804856
1.873779 1.958059 -3.063471 -2.987426  559.648299
1.873779 1.958059 -3.063471 -2.987426  559.648299
1.873779 1.958892 -3.063471 -2.987426  559.709607
1.873779 1.958892 -3.063471 -2.987426  559.709607
1.873779 1.958892 -3.063471 -2.987426  559.709607
1.912042 1.958892 -3.063471 -2.987426  562.166292
1.912042 2.009686 -3.063471 -2.987426  566.104904
1.912042 2.009686 -3.063471 -2.987426  566.104904
1.912042 2.009686 -3.063471 -2.987426  566.104904
1.999752 2.009686 -3.063471 -2.987426  572.529469
1.999752 2.009686 -3.063471 -2.987426  572.529469
1.999752 2.009686 -3.150630 -2.987426  613.159286
1.999752 2.009686 -3.150630 -3.061441  644.133231
1.999752 2.009686 -3.150630 -3.061441  644.133231
1.999752 2.009686 -3.150630 -3.061441  644.133231
1.999752 2.009686 -3.187027 -3.061441  662.484137
1.999752 2.009686 -3.187027 -3.085444  673.193157
1.999752 2.009686 -3.187027 -3.085444  673.193157
1.999752 2.010613 -3.187027 -3.085444  673.268841
1.999752 2.010613 -3.187027 -3.085444  673.268841
1.999752 2.010613 -3.187027 -3.085444  673.268841
2.059910 2.010613 -3.187027 -3.085444  678.377263
2.059910 2.094756 -3.187027 -3.085444  685.852817
2.059910 2.094756 -3.187027 -3.085444  685.852817
2.059910 2.094756 -3.187027 -3.175815  729.274464
2.059910 2.094756 -3.187027 -3.175815  729.274464
2.059910 2.094756 -3.187027 -3.175815  729.274464
2.059910 2.094756 -3.239144 -3.175815  757.052216
2.059910 2.094756 -3.239144 -3.175815  757.052216
2.096130 2.094756 -3.239144 -3.175815  760.429678
2.096130 2.142992 -3.239144 -3.175815  765.292311
2.096130 2.142992 -3.239144 -3.175815  765.292311
2.096130 2.142992 -3.239144 -3.175815  765.292311
2.179702 2.142992 -3.239144 -3.175815  774.028532
2.179702 2.238574 -3.239144 -3.175815  785.047912
2.179702 2.238574 -3.331542 -3.175815  838.890776
2.179702 2.238574 -3.331542 -3.257181  882.450580
2.179702 2.238574 -3.331542 -3.257181  882.450580
2.179702 2.238574 -3.331542 -3.257181  882.450580
2.179702 2.238574 -3.374814 -3.257181  909.805814
2.179702 2.238574 -3.374814 -3.257181  909.805814
2.236811 2.238574 -3.374814 -3.257181  916.598119
2.236811 2.308182 -3.374814 -3.257181  925.898849
2.236811 2.308182 -3.374814 -3.257181  925.898849
2.236811 2.308182 -3.374814 -3.257181  925.898849
2.236811 2.308182 -3.374814 -3.257181  925.898849
2.236811 2.308182 -3.374814 -3.257181  925.898849
2.236811 2.308182 -3.443488 -3.257181  972.289765
2.236811 2.308182 -3.443488 -3.312763  1004.655863
2.236811 2.308182 -3.443488 -3.312763  1004.655863
2.236811 2.308182 -3.443488 -3.312763  1004.655863
2.236811 2.308182 -3.461276 -3.312763  1017.291034
2.236811 2.308182 -3.461276 -3.317104  1019.911897
2.245950 2.308182 -3.461276 -3.317104  1021.065212
2.245950 2.331039 -3.461276 -3.317104  1024.374062
2.245950 2.331039 -3.461276 -3.317104  1024.374062
2.245950 2.331039 -3.461276 -3.317104  1024.374062
2.310121 2.331039 -3.461276 -3.317104  1033.018255
2.310121 2.407244 -3.461276 -3.317104  1045.028236
2.310121 2.407244 -3.461276 -3.317104  1045.028236
2.310121 2.407244 -3.461276 -3.415385  1108.154084
2.310121 2.407244 -3.461276 -3.415385  1108.154084
2.310121 2.407244 -3.461276 -3.415385  1108.154084
2.310121 2.407244 -3.521227 -3.415385  1152.694266
2.310121 2.407244 -3.521227 -3.462951  1185.969646
2.310121 2.407244 -3.521227 -3.462951  1185.969646
2.310121 2.407244 -3.521227 -3.462951  1185.969646
2.310121 2.407244 -3.531397 -3.462951  1193.832569
2.310121 2.407244 -3.531397 -3.462951  1193.832569
2.325540 2.407244 -3.531397 -3.462951  1196.057722
2.325540 2.435361 -3.531397 -3.462951  1200.890038
2.325540 2.435361 -3.531397 -3.462951  1200.890038
2.325540 2.435361 -3.531397 -3.462951  1200.890038
2.391242 2.435361 -3.531397 -3.462951  1211.056709
2.391242 2.513372 -3.531397 -3.462951  1225.685145
2.391242 2.513372 -3.531397 -3.462951  1225.685145
2.391242 2.513372 -3.531397 -3.559986  1299.479106
2.391242 2.513372 -3.531397 -3.559986  1299.479106
2.391242 2.513372 -3.531397 -3.559986  1299.479106
2.391242 2.513372 -3.589305 -3.559986  1346.009698
2.391242 2.513372 -3.589305 -3.559986  1346.009698
2.391242 2.513372 -3.589305 -3.559986  1346.009698
2.391242 2.513372 -3.589305 -3.559986  1346.009698
2.391242 2.513372 -3.650781 -3.559986  1398.804712
2.391242 2.513372 -3.650781 -3.608987  1439.254948
2.391242 2.513372 -3.650781 -3.608987  1439.254948
2.391242 2.513372 -3.650781 -3.608987  1439.254948
2.391242 2.513372 -3.661243 -3.608987  1448.600871
2.391242 2.513372 -3.661243 -3.608987  1448.600871
2.405801 2.513372 -3.661243 -3.608987  1451.010094
2.405801 2.540600 -3.661243 -3.608987  1456.561767
2.405801 2.540600 -3.661243 -3.608987  1456.561767
2.405801 2.540600 -3.661243 -3.608987  1456.561767
2.470846 2.540600 -3.661243 -3.608987  1468.061940
2.470846 2.618875 -3.661243 -3.608987  1485.403723
2.470846 2.618875 -3.661243 -3.608987  1485.403723
2.470846 2.618875 -3.661243 -3.705217  1571.498958
2.470846 2.618875 -3.661243 -3.705217  1571.498958
2.470846 2.618875 -3.661243 -3.705217  1571.498958
2.470846 2.618875 -3.719689 -3.705217  1625.711914
2.470846 2.618875 -3.719689 -3.751098  1670.033645
2.470846 2.618875 -3.719689 -3.751098  1670.033645
2.470846 2.618875 -3.719689 -3.751098  1670.033645
2.470846 2.618875 -3.728074 -3.751098  1678.096188
2.470846 2.618875 -3.728074 -3.751098  1678.096188
2.488108 2.618875 -3.728074 -3.751098  1681.358345
2.488108 2.649313 -3.728074 -3.751098  1688.685628
2.488108 2.649313 -3.728074 -3.751098  1688.685628
2.488108 2.649313 -3.728074 -3.751098  1688.685628
2.556876 2.649313 -3.728074 -3.751098  1702.612090
2.556876 2.731505 -3.728074 -3.751098  1724.153676
2.556876 2.731505 -3.728074 -3.751098  1724.153676
2.556876 2.731505 -3.728074 -3.842184  1818.808116
2.556876 2.731505 -3.728074 -3.842184  1818.808116
2.556876 2.731505 -3.728074 -3.842184  1818.808116
2.556876 2.731505 -3.780572 -3.842184  1870.961510
2.556876 2.731505 -3.780572 -3.882984  1916.373929
2.556876 2.731505 -3.780572 -3.882984  1916.373929
2.556876 2.731505 -3.780572 -3.882984  1916.373929
2.556876 2.731505 -3.783846 -3.882984  1919.723160
2.556876 2.731505 -3.783846 -3.882984  1919.723160
2.578876 2.731505 -3.783846 -3.882984  1924.506113
2.578876 2.765931 -3.783846 -3.882984  1934.332976
2.578876 2.765931 -3.783846 -3.882984  1934.332976
2.578876 2.765931 -3.783846 -3.882984  1934.332976
2.652197 2.765931 -3.783846 -3.882984  1951.496907
2.652197 2.851409 -3.783846 -3.882984  1978.105801
2.652197 2.851409 -3.783846 -3.882984  1978.105801
2.652197 2.851409 -3.783846 -3.971058  2082.861933
2.652197 2.851409 -3.783846 -3.971058  2082.861933
2.652197 2.851409 -3.783846 -3.971058  2082.861933
2.652197 2.851409 -3.833902 -3.971058  2135.543001
2.652197 2.851409 -3.833902 -4.008265  2182.679808
2.652197 2.851409 -3.833902 -4.008265  2182.679808
2.652197 2.851409 -3.833902 -4.008265  2182.679808
2.652197 2.851409 -3.833902 -4.008265  2182.679808
2.652197 2.851409 -3.833902 -4.008265  2182.679808
2.679447 2.851409 -3.833902 -4.008265  2189.561124
2.679447 2.891627 -3.833902 -4.008265  2203.234447
2.679447 2.891627 -3.833902 -4.008265  2203.234447
2.679447 2.891627 -3.833902 -4.008265  2203.234447
2.759086 2.891627 -3.833902 -4.008265  2225.015986
2.759086 2.983949 -3.833902 -4.008265  2259.417140
2.759086 2.983949 -3.928777 -4.008265  2367.108147
