-0.999826 -0.773260 -0.772360 -0.771742  -0.726981
-0.999826 -0.773260 -0.772360 -0.771742  -0.726981
-0.999826 -0.773260 -0.772360 -0.771742  -0.726981
-0.999826 -0.773260 -0.834859 -0.771742  -0.596263
-0.999826 -0.773260 -0.834859 -0.818981  -0.501574
-0.999826 -0.773260 -0.834859 -0.818981  -0.501574
-0.999826 -0.773260 -0.834859 -0.818981  -0.501574
-0.999826 -0.773260 -0.842212 -0.818981  -0.483397
-0.999826 -0.773260 -0.842212 -0.818981  -0.483397
-0.979478 -0.773260 -0.842212 -0.818981  -0.385784
-0.979478 -0.740680 -0.842212 -0.818981  -0.332248
-0.979478 -0.740680 -0.842212 -0.818981  -0.332248
-0.979478 -0.740680 -0.842212 -0.818981  -0.332248
-0.906586 -0.740680 -0.842212 -0.818981  -0.043144
-0.906586 -0.653794 -0.842212 -0.818981  0.060323
-0.906586 -0.653794 -0.941762 -0.818981  0.377381
-0.906586 -0.653794 -0.941762 -0.906202  0.620058
-0.906586 -0.653794 -0.941762 -0.906202  0.620058
-0.906586 -0.653794 -0.941762 -0.906202  0.620058
-0.906586 -0.653794 -0.989936 -0.906202  0.829932
-0.906586 -0.653794 -0.989936 -0.942073  0.960846
-0.906586 -0.653794 -0.989936 -0.942073  0.960846
-0.906586 -0.653794 -0.989936 -0.942073  0.960846
-0.906586 -0.653794 -0.989936 -0.942073  0.960846
-0.906586 -0.653794 -0.989936 -0.942073  0.960846
-0.876426 -0.653794 -0.989936 -0.942073  1.056158
-0.876426 -0.610509 -0.989936 -0.942073  1.090801
-0.876426 -0.610509 -0.989936 -0.942073  1.090801
-0.876426 -0.610509 -0.989936 -0.942073  1.090801
-0.793904 -0.610509 -0.989936 -0.942073  1.292518
-0.793904 -0.515514 -0.989936 -0.942073  1.340922
-0.793904 -0.515514 -1.082299 -0.942073  1.875275
-0.793904 -0.515514 -1.082299 -1.021744  2.246793
-0.793904 -0.515514 -1.082299 -1.021744  2.246793
-0.793904 -0.515514 -1.082299 -1.021744  2.246793
-0.793904 -0.515514 -1.123065 -1.021744  2.548346
-0.793904 -0.515514 -1.123065 -1.049728  2.709421
-0.793904 -0.515514 -1.123065 -1.049728  2.709421
-0.793904 -0.515514 -1.123065 -1.049728  2.709421
-0.793904 -0.515514 -1.123065 -1.049728  2.709421
-0.793904 -0.515514 -1.123065 -1.049728  2.709421
-0.759513 -0.515514 -1.123065 -1.049728  2.772064
-0.759513 -0.467757 -1.123065 -1.049728  2.786080
-0.759513 -0.467757 -1.123065 -1.049728  2.786080
-0.759513 -0.467757 -1.123065 -1.049728  2.786080
-0.672101 -0.467757 -1.123065 -1.049728  2.901678
-0.672101 -0.467757 -1.123065 -1.049728  2.901678
-0.672101 -0.467757 -1.210211 -1.049728  3.711100
-0.672101 -0.467757 -1.210211 -1.124105  4.231347
-0.672101 -0.467757 -1.210211 -1.124105  4.231347
-0.672101 -0.467757 -1.210211 -1.124105  4.231347
-0.672101 -0.467757 -1.230227 -1.124105  4.453238
-0.672101 -0.467757 -1.230227 -1.129525  4.496932
-0.664659 -0.467757 -1.230227 -1.129525  4.504360
-0.664659 -0.450224 -1.230227 -1.129525  4.508253
-0.664659 -0.450224 -1.230227 -1.129525  4.508253
-0.664659 -0.450224 -1.230227 -1.129525  4.508253
-0.615963 -0.450224 -1.230227 -1.129525  4.549300
-0.615963 -0.388546 -1.230227 -1.129525  4.558943
-0.615963 -0.388546 -1.230227 -1.129525  4.558943
-0.615963 -0.388546 -1.230227 -1.129525  4.558943
-0.516742 -0.388546 -1.230227 -1.129525  4.610768
-0.516742 -0.388546 -1.230227 -1.129525  4.610768
-0.516742 -0.388546 -1.306327 -1.129525  5.597040
-0.516742 -0.388546 -1.306327 -1.191784  6.162770
-0.516742 -0.388546 -1.306327 -1.191784  6.162770
-0.516742 -0.388546 -1.306327 -1.191784  6.162770
-0.516742 -0.388546 -1.329763 -1.191784  6.516470
-0.516742 -0.388546 -1.329763 -1.203922  6.641419
-0.516742 -0.388546 -1.329763 -1.203922  6.641419
-0.516742 -0.375857 -1.329763 -1.203922  6.642774
-0.516742 -0.375857 -1.329763 -1.203922  6.642774
-0.516742 -0.375857 -1.329763 -1.203922  6.642774
-0.465717 -0.375857 -1.329763 -1.203922  6.657710
-0.465717 -0.311214 -1.329763 -1.203922  6.662291
-0.465717 -0.311214 -1.329763 -1.203922  6.662291
-0.465717 -0.311214 -1.329763 -1.203922  6.662291
-0.465717 -0.311214 -1.329763 -1.203922  6.662291
-0.465717 -0.311214 -1.329763 -1.203922  6.662291
-0.465717 -0.311214 -1.403857 -1.203922  7.957159
-0.465717 -0.311214 -1.403857 -1.265328  8.671424
-0.465717 -0.311214 -1.403857 -1.265328  8.671424
-0.465717 -0.311214 -1.403857 -1.265328  8.671424
-0.465717 -0.311214 -1.471284 -1.265328  10.112865
-0.465717 -0.311214 -1.471284 -1.318733  10.857623
-0.465717 -0.311214 -1.471284 -1.318733  10.857623
-0.465717 -0.311214 -1.471284 -1.318733  10.857623
-0.465717 -0.311214 -1.484581 -1.318733  11.174830
-0.465717 -0.311214 -1.484581 -1.318733  11.174830
-0.450916 -0.311214 -1.484581 -1.318733  11.178097
-0.450916 -0.283601 -1.484581 -1.318733  11.179182
-0.450916 -0.283601 -1.484581 -1.318733  11.179182
-0.450916 -0.283601 -1.484581 -1.318733  11.179182
-0.384227 -0.283601 -1.484581 -1.318733  11.189450
-0.384227 -0.203147 -1.484581 -1.318733  11.190938
-0.384227 -0.203147 -1.484581 -1.318733  11.190938
-0.384227 -0.203147 -1.484581 -1.413239  12.840067
-0.384227 -0.203147 -1.484581 -1.413239  12.840067
-0.384227 -0.203147 -1.484581 -1.413239  12.840067
-0.384227 -0.203147 -1.540724 -1.413239  14.310756
-0.384227 -0.203147 -1.540724 -1.456771  15.234153
-0.384227 -0.203147 -1.540724 -1.456771  15.234153
-0.384227 -0.203147 -1.540724 -1.456771  15.234153
-0.384227 -0.203147 -1.546864 -1.456771  15.408544
-0.384227 -0.203147 -1.546864 -1.456771  15.408544
-0.365038 -0.203147 -1.546864 -1.456771  15.410436
-0.365038 -0.171256 -1.546864 -1.456771  15.410635
-0.365038 -0.171256 -1.546864 -1.456771  15.410635
-0.365038 -0.171256 -1.546864 -1.456771  15.410635
-0.294669 -0.171256 -1.546864 -1.456771  15.414895
-0.294669 -0.088194 -1.546864 -1.456771  15.415037
-0.294669 -0.088194 -1.546864 -1.456771  15.415037
-0.294669 -0.088194 -1.546864 -1.547640  17.732947
-0.294669 -0.088194 -1.546864 -1.547640  17.732947
-0.294669 -0.088194 -1.546864 -1.547640  17.732947
-0.294669 -0.088194 -1.599564 -1.547640  19.347947
-0.294669 -0.088194 -1.599564 -1.587011  20.536243
-0.294669 -0.088194 -1.599564 -1.587011  20.536243
-0.294669 -0.088194 -1.599564 -1.587011  20.536243
-0.294669 -0.088194 -1.600492 -1.587011  20.566661
-0.294669 -0.088194 -1.600492 -1.587011  20.566661
-0.270116 -0.088194 -1.600492 -1.587011  20.567445
-0.270116 -0.050042 -1.600492 -1.587011  20.567450
-0.270116 -0.050042 -1.600492 -1.587011  20.567450
-0.270116 -0.050042 -1.600492 -1.587011  20.567450
-0.193786 -0.050042 -1.600492 -1.587011  20.568615
-0.193786 0.039100 -1.600492 -1.587011  20.568615
-0.193786 0.039100 -1.697329 -1.587011  24.154122
-0.193786 0.039100 -1.697329 -1.670624  27.100599
-0.193786 0.039100 -1.697329 -1.670624  27.100599
-0.193786 0.039100 -1.697329 -1.670624  27.100599
-0.193786 0.039100 -1.742413 -1.670624  29.073561
-0.193786 0.039100 -1.742413 -1.702388  30.358668
-0.193786 0.039100 -1.742413 -1.702388  30.358668
-0.193786 0.039100 -1.742413 -1.702388  30.358668
-0.193786 0.039100 -1.742413 -1.702388  30.358668
-0.193786 0.039100 -1.742413 -1.702388  30.358668
-0.161479 0.039100 -1.742413 -1.702388  30.358831
-0.161479 0.083887 -1.742413 -1.702388  30.358836
-0.161479 0.083887 -1.742413 -1.702388  30.358836
-0.161479 0.083887 -1.742413 -1.702388  30.358836
-0.079168 0.083887 -1.742413 -1.702388  30.358942
-0.079168 0.180124 -1.742413 -1.702388  30.359128
-0.079168 0.180124 -1.832980 -1.702388  34.990114
-0.079168 0.180124 -1.832980 -1.779471  38.533969
-0.079168 0.180124 -1.832980 -1.779471  38.533969
-0.079168 0.180124 -1.832980 -1.779471  38.533969
-0.079168 0.180124 -1.871646 -1.779471  40.810381
-0.079168 0.180124 -1.871646 -1.806313  42.197290
-0.079168 0.180124 -1.871646 -1.806313  42.197290
-0.079168 0.180124 -1.871646 -1.806313  42.197290
-0.079168 0.180124 -1.871646 -1.806313  42.197290
-0.079168 0.180124 -1.871646 -1.806313  42.197290
-0.043873 0.180124 -1.871646 -1.806313  42.197293
-0.043873 0.228511 -1.871646 -1.806313  42.197727
-0.043873 0.228511 -1.871646 -1.806313  42.197727
-0.043873 0.228511 -1.871646 -1.806313  42.197727
0.043802 0.228511 -1.871646 -1.806313  42.197727
0.043802 0.228511 -1.871646 -1.806313  42.197727
0.043802 0.228511 -1.959125 -1.806313  48.090950
0.043802 0.228511 -1.959125 -1.881190  52.420945
0.043802 0.228511 -1.959125 -1.881190  52.420945
0.043802 0.228511 -1.959125 -1.881190  52.420945
0.043802 0.228511 -2.054797 -1.881190  60.190658
0.043802 0.228511 -2.054797 -1.959578  65.525680
0.043802 0.228511 -2.054797 -1.959578  65.525680
0.043802 0.228511 -2.054797 -1.959578  65.525680
0.043802 0.228511 -2.093076 -1.959578  69.067109
0.043802 0.228511 -2.093076 -1.985458  71.026188
0.043802 0.228511 -2.093076 -1.985458  71.026188
0.043802 0.228573 -2.093076 -1.985458  71.026189
0.043802 0.228573 -2.093076 -1.985458  71.026189
0.043802 0.228573 -2.093076 -1.985458  71.026189
0.081714 0.228573 -2.093076 -1.985458  71.026193
0.081714 0.279818 -2.093076 -1.985458  71.027284
0.081714 0.279818 -2.093076 -1.985458  71.027284
0.081714 0.279818 -2.093076 -1.985458  71.027284
0.170384 0.279818 -2.093076 -1.985458  71.027424
0.170384 0.279818 -2.093076 -1.985458  71.027424
0.170384 0.279818 -2.179300 -1.985458  80.012300
0.170384 0.279818 -2.179300 -2.058429  86.114426
0.170384 0.279818 -2.179300 -2.058429  86.114426
0.170384 0.279818 -2.179300 -2.058429  86.114426
0.170384 0.279818 -2.213756 -2.058429  90.125287
0.170384 0.279818 -2.213756 -2.079975  92.100291
0.170384 0.279818 -2.213756 -2.079975  92.100291
0.170384 0.283625 -2.213756 -2.079975  92.100411
0.170384 0.283625 -2.213756 -2.079975  92.100411
0.170384 0.283625 -2.213756 -2.079975  92.100411
0.212437 0.283625 -2.213756 -2.079975  92.100700
0.212437 0.338622 -2.213756 -2.079975  92.103316
0.212437 0.338622 -2.213756 -2.079975  92.103316
0.212437 0.338622 -2.213756 -2.079975  92.103316
0.304506 0.338622 -2.213756 -2.079975  92.105502
0.304506 0.338622 -2.213756 -2.079975  92.105502
0.304506 0.338622 -2.297264 -2.079975  102.919138
0.304506 0.338622 -2.297264 -2.150325  109.963429
0.304506 0.338622 -2.297264 -2.150325  109.963429
0.304506 0.338622 -2.297264 -2.150325  109.963429
0.304506 0.338622 -2.330265 -2.150325  114.692916
0.304506 0.338622 -2.330265 -2.171254  116.974286
0.304506 0.338622 -2.330265 -2.171254  116.974286
0.304506 0.344012 -2.330265 -2.171254  116.974652
0.304506 0.344012 -2.330265 -2.171254  116.974652
0.304506 0.344012 -2.330265 -2.171254  116.974652
0.349020 0.344012 -2.330265 -2.171254  116.977213
0.349020 0.402267 -2.330265 -2.171254  116.982928
0.349020 0.402267 -2.330265 -2.171254  116.982928
0.349020 0.402267 -2.330265 -2.171254  116.982928
0.443839 0.402267 -2.330265 -2.171254  116.994973
0.443839 0.402267 -2.330265 -2.171254  116.994973
0.443839 0.402267 -2.330265 -2.171254  116.994973
0.443839 0.402267 -2.330265 -2.171254  116.994973
0.468381 0.402267 -2.330265 -2.171254  117.000291
0.468381 0.437714 -2.330265 -2.171254  117.005826
0.468381 0.437714 -2.330265 -2.171254  117.005826
0.468381 0.437714 -2.330265 -2.171254  117.005826
0.535754 0.437714 -2.330265 -2.171254  117.027423
0.535754 0.512250 -2.330265 -2.171254  117.046626
0.535754 0.512250 -2.330265 -2.171254  117.046626
0.535754 0.512250 -2.330265 -2.171254  117.046626
0.632366 0.512250 -2.330265 -2.171254  117.103607
0.632366 0.512250 -2.330265 -2.171254  117.103607
0.632366 0.512250 -2.419101 -2.171254  131.238281
0.632366 0.512250 -2.419101 -2.253075  141.042190
0.632366 0.512250 -2.419101 -2.253075  141.042190
0.632366 0.512250 -2.419101 -2.253075  141.042190
0.632366 0.512250 -2.479311 -2.253075  151.878316
0.632366 0.512250 -2.479311 -2.306099  159.039529
0.632366 0.512250 -2.479311 -2.306099  159.039529
0.632366 0.512250 -2.479311 -2.306099  159.039529
0.632366 0.512250 -2.511437 -2.306099  165.268395
0.632366 0.512250 -2.511437 -2.331348  168.917835
0.632366 0.512250 -2.511437 -2.331348  168.917835
0.632366 0.512250 -2.511437 -2.331348  168.917835
0.632366 0.512250 -2.515821 -2.331348  169.792782
0.632366 0.512250 -2.515821 -2.331348  169.792782
0.642065 0.512250 -2.515821 -2.331348  169.800779
0.642065 0.528956 -2.515821 -2.331348  169.806918
0.642065 0.528956 -2.515821 -2.331348  169.806918
0.642065 0.528956 -2.515821 -2.331348  169.806918
0.679708 0.528956 -2.515821 -2.331348  169.842882
0.679708 0.573566 -2.515821 -2.331348  169.863547
0.679708 0.573566 -2.515821 -2.331348  169.863547
0.679708 0.573566 -2.515821 -2.331348  169.863547
0.745568 0.573566 -2.515821 -2.331348  169.948841
0.745568 0.580253 -2.515821 -2.331348  169.952545
0.745568 0.580253 -2.515821 -2.331348  169.952545
0.745568 0.580253 -2.515821 -2.331348  169.952545
0.773424 0.580253 -2.515821 -2.331348  169.998921
0.773424 0.614959 -2.515821 -2.331348  170.021091
0.773424 0.614959 -2.515821 -2.331348  170.021091
0.773424 0.614959 -2.515821 -2.331348  170.021091
0.828540 0.614959 -2.515821 -2.331348  170.134791
0.828540 0.677176 -2.515821 -2.331348  170.189242
0.828540 0.677176 -2.515821 -2.331348  170.189242
0.828540 0.677176 -2.515821 -2.331348  170.189242
0.911153 0.677176 -2.515821 -2.331348  170.426785
0.911153 0.766690 -2.515821 -2.331348  170.549296
0.911153 0.766690 -2.515821 -2.331348  170.549296
0.911153 0.766690 -2.515821 -2.428078  186.072791
0.911153 0.766690 -2.515821 -2.428078  186.072791
0.911153 0.766690 -2.515821 -2.428078  186.072791
0.911153 0.766690 -2.592055 -2.428078  202.296767
0.911153 0.766690 -2.592055 -2.497236  215.020062
0.911153 0.766690 -2.592055 -2.497236  215.020062
0.911153 0.766690 -2.592055 -2.497236  215.020062
0.911153 0.766690 -2.640704 -2.497236  226.420338
0.911153 0.766690 -2.640704 -2.538974  234.812080
0.911153 0.766690 -2.640704 -2.538974  234.812080
0.911153 0.766690 -2.640704 -2.538974  234.812080
0.911153 0.766690 -2.661315 -2.538974  239.902208
0.911153 0.766690 -2.661315 -2.552550  242.753506
0.911153 0.766690 -2.661315 -2.552550  242.753506
0.911153 0.767444 -2.661315 -2.552550  242.754810
0.911153 0.767444 -2.661315 -2.552550  242.754810
0.911153 0.767444 -2.661315 -2.552550  242.754810
0.932481 0.767444 -2.661315 -2.552550  242.831835
0.932481 0.795674 -2.661315 -2.552550  242.884535
0.932481 0.795674 -2.661315 -2.552550  242.884535
0.932481 0.795674 -2.661315 -2.552550  242.884535
0.981303 0.795674 -2.661315 -2.552550  243.089461
0.981303 0.851647 -2.661315 -2.552550  243.218566
0.981303 0.851647 -2.661315 -2.552550  243.218566
0.981303 0.851647 -2.661315 -2.552550  243.218566
1.057829 0.851647 -2.661315 -2.552550  243.633202
1.057829 0.935526 -2.661315 -2.552550  243.901784
1.057829 0.935526 -2.661315 -2.552550  243.901784
1.057829 0.935526 -2.661315 -2.552550  243.901784
1.057829 0.935526 -2.661315 -2.552550  243.901784
1.057829 0.935526 -2.661315 -2.552550  243.901784
1.057829 0.935526 -2.742796 -2.552550  265.629030
1.057829 0.935526 -2.742796 -2.627007  282.382476
1.057829 0.935526 -2.742796 -2.627007  282.382476
1.057829 0.935526 -2.742796 -2.627007  282.382476
1.057829 0.935526 -2.796914 -2.627007  298.312618
1.057829 0.935526 -2.796914 -2.674153  309.949749
1.057829 0.935526 -2.796914 -2.674153  309.949749
1.057829 0.935526 -2.796914 -2.674153  309.949749
1.057829 0.935526 -2.823516 -2.674153  318.245506
1.057829 0.935526 -2.823516 -2.693834  323.352522
1.057829 0.935526 -2.823516 -2.693834  323.352522
1.057829 0.935526 -2.823516 -2.693834  323.352522
1.057829 0.935526 -2.823516 -2.693834  323.352522
1.057829 0.935526 -2.823516 -2.693834  323.352522
1.071773 0.935526 -2.823516 -2.693834  323.442153
1.071773 0.956233 -2.823516 -2.693834  323.525050
1.071773 0.956233 -2.823516 -2.693834  323.525050
1.071773 0.956233 -2.823516 -2.693834  323.525050
1.112801 0.956233 -2.823516 -2.693834  323.817263
1.112801 1.004398 -2.823516 -2.693834  324.039948
1.112801 1.004398 -2.823516 -2.693834  324.039948
1.112801 1.004398 -2.823516 -2.693834  324.039948
1.181765 1.004398 -2.823516 -2.693834  324.638446
1.181765 1.080236 -2.823516 -2.693834  325.087194
1.181765 1.080236 -2.823516 -2.693834  325.087194
1.181765 1.080236 -2.823516 -2.693834  325.087194
1.277919 1.080236 -2.823516 -2.693834  326.190402
1.277919 1.080236 -2.823516 -2.693834  326.190402
1.277919 1.080236 -2.913887 -2.693834  356.806979
1.277919 1.080236 -2.913887 -2.777295  380.186787
1.277919 1.080236 -2.913887 -2.777295  380.186787
1.277919 1.080236 -2.913887 -2.777295  380.186787
1.277919 1.080236 -2.976952 -2.777295  403.924900
1.277919 1.080236 -2.976952 -2.833258  421.257456
1.277919 1.080236 -2.976952 -2.833258  421.257456
1.277919 1.080236 -2.976952 -2.833258  421.257456
1.277919 1.080236 -3.012548 -2.833258  435.574180
1.277919 1.080236 -3.012548 -2.833258  435.574180
1.335305 1.080236 -3.012548 -2.833258  436.411286
1.335305 1.144803 -3.012548 -2.833258  436.906674
1.335305 1.144803 -3.012548 -2.833258  436.906674
1.335305 1.144803 -3.012548 -2.833258  436.906674
1.420723 1.144803 -3.012548 -2.833258  438.449688
1.420723 1.237380 -3.012548 -2.833258  439.384150
1.420723 1.237380 -3.112439 -2.833258  483.341334
1.420723 1.237380 -3.112439 -2.925935  515.219545
1.420723 1.237380 -3.112439 -2.925935  515.219545
1.420723 1.237380 -3.112439 -2.925935  515.219545
1.420723 1.237380 -3.183824 -2.925935  550.286492
1.420723 1.237380 -3.183824 -2.990300  574.934410
1.420723 1.237380 -3.183824 -2.990300  574.934410
1.420723 1.237380 -3.183824 -2.990300  574.934410
1.420723 1.237380 -3.226274 -2.990300  597.333503
1.420723 1.237380 -3.226274 -3.025660  611.808227
1.420723 1.237380 -3.226274 -3.025660  611.808227
1.420723 1.237380 -3.226274 -3.025660  611.808227
1.420723 1.237380 -3.240113 -3.025660  619.369650
1.420723 1.237380 -3.240113 -3.032256  622.145852
1.421170 1.237380 -3.240113 -3.032256  622.154970
1.421170 1.245146 -3.240113 -3.032256  622.247155
1.421170 1.245146 -3.240113 -3.032256  622.247155
1.421170 1.245146 -3.240113 -3.032256  622.247155
1.449447 1.245146 -3.240113 -3.032256  622.847304
1.449447 1.280362 -3.240113 -3.032256  623.295165
1.449447 1.280362 -3.240113 -3.032256  623.295165
1.449447 1.280362 -3.240113 -3.032256  623.295165
1.505380 1.280362 -3.240113 -3.032256  624.628559
1.505380 1.343154 -3.240113 -3.032256  625.559212
1.505380 1.343154 -3.240113 -3.032256  625.559212
1.505380 1.343154 -3.240113 -3.032256  625.559212
1.589137 1.343154 -3.240113 -3.032256  627.962917
1.589137 1.433817 -3.240113 -3.032256  629.651384
1.589137 1.433817 -3.240113 -3.032256  629.651384
1.589137 1.433817 -3.240113 -3.127984  672.752601
1.589137 1.433817 -3.240113 -3.127984  672.752601
1.589137 1.433817 -3.240113 -3.127984  672.752601
1.589137 1.433817 -3.315577 -3.127984  716.321732
1.589137 1.433817 -3.315577 -3.196869  750.778985
1.589137 1.433817 -3.315577 -3.196869  750.778985
1.589137 1.433817 -3.315577 -3.196869  750.778985
1.589137 1.433817 -3.364067 -3.196869  780.947803
1.589137 1.433817 -3.364067 -3.238600  803.317714
1.589137 1.433817 -3.364067 -3.238600  803.317714
1.589137 1.433817 -3.364067 -3.238600  803.317714
1.589137 1.433817 -3.385146 -3.238600  816.985949
1.589137 1.433817 -3.385146 -3.252759  824.842177
1.589137 1.433817 -3.385146 -3.252759  824.842177
1.589137 1.433817 -3.385146 -3.252759  824.842177
1.589137 1.433817 -3.385146 -3.252759  824.842177
1.589137 1.433817 -3.385146 -3.252759  824.842177
1.608599 1.433817 -3.385146 -3.252759  825.478153
1.608599 1.460423 -3.385146 -3.252759  826.061652
1.608599 1.460423 -3.385146 -3.252759  826.061652
1.608599 1.460423 -3.385146 -3.252759  826.061652
1.655458 1.460423 -3.385146 -3.252759  827.724504
1.655458 1.514122 -3.385146 -3.252759  829.039073
1.655458 1.514122 -3.385146 -3.252759  829.039073
1.655458 1.514122 -3.385146 -3.252759  829.039073
1.729046 1.514122 -3.385146 -3.252759  832.059342
1.729046 1.594525 -3.385146 -3.252759  834.408909
1.729046 1.594525 -3.385146 -3.252759  834.408909
1.729046 1.594525 -3.385146 -3.252759  834.408909
1.729046 1.594525 -3.385146 -3.252759  834.408909
1.729046 1.594525 -3.385146 -3.252759  834.408909
1.729046 1.594525 -3.471260 -3.252759  893.899583
1.729046 1.594525 -3.471260 -3.331909  940.411546
1.729046 1.594525 -3.471260 -3.331909  940.411546
1.729046 1.594525 -3.471260 -3.331909  940.411546
1.729046 1.594525 -3.529697 -3.331909  984.287841
1.729046 1.594525 -3.529697 -3.383104  1016.820014
1.729046 1.594525 -3.529697 -3.383104  1016.820014
1.729046 1.594525 -3.529697 -3.383104  1016.820014
1.729046 1.594525 -3.559978 -3.383104  1040.727990
1.729046 1.594525 -3.559978 -3.406175  1056.046958
1.729046 1.594525 -3.559978 -3.406175  1056.046958
1.729046 1.594525 -3.559978 -3.406175  1056.046958
1.729046 1.594525 -3.562914 -3.406175  1058.408503
1.729046 1.594525 -3.562914 -3.406175  1058.408503
1.739462 1.594525 -3.562914 -3.406175  1058.879622
1.739462 1.685609 -3.562914 -3.406175  1062.179728
1.739462 1.685609 -3.562914 -3.406175  1062.179728
1.739462 1.685609 -3.562914 -3.500794  1129.499183
1.739462 1.685609 -3.562914 -3.500794  1129.499183
1.739462 1.685609 -3.562914 -3.500794  1129.499183
1.739462 1.685609 -3.636995 -3.500794  1191.722907
1.739462 1.685609 -3.636995 -3.567997  1244.167181
1.739462 1.685609 -3.636995 -3.567997  1244.167181
1.739462 1.685609 -3.636995 -3.567997  1244.167181
1.739462 1.685609 -3.683845 -3.567997  1286.224034
1.739462 1.685609 -3.683845 -3.608065  1319.429798
1.739462 1.685609 -3.683845 -3.608065  1319.429798
1.739462 1.685609 -3.683845 -3.608065  1319.429798
1.739462 1.685609 -3.703601 -3.608065  1337.818135
1.739462 1.685609 -3.703601 -3.620953  1348.817214
1.739462 1.685609 -3.703601 -3.620953  1348.817214
1.739462 1.686676 -3.703601 -3.620953  1348.860312
1.739462 1.686676 -3.703601 -3.620953  1348.860312
1.739462 1.686676 -3.703601 -3.620953  1348.860312
1.761251 1.686676 -3.703601 -3.620953  1349.883011
1.761251 1.715770 -3.703601 -3.620953  1351.101675
1.761251 1.715770 -3.703601 -3.620953  1351.101675
1.761251 1.715770 -3.703601 -3.620953  1351.101675
1.811126 1.715770 -3.703601 -3.620953  1353.641064
1.811126 1.772651 -3.703601 -3.620953  1356.274742
1.811126 1.772651 -3.703601 -3.620953  1356.274742
1.811126 1.772651 -3.703601 -3.620953  1356.274742
1.888996 1.772651 -3.703601 -3.620953  1360.840016
1.888996 1.857469 -3.703601 -3.620953  1365.447832
1.888996 1.857469 -3.703601 -3.620953  1365.447832
1.888996 1.857469 -3.703601 -3.620953  1365.447832
1.888996 1.857469 -3.703601 -3.620953  1365.447832
1.888996 1.857469 -3.703601 -3.620953  1365.447832
1.888996 1.857469 -3.785196 -3.620953  1445.663985
1.888996 1.857469 -3.785196 -3.695912  1512.817127
1.888996 1.857469 -3.785196 -3.695912  1512.817127
1.888996 1.857469 -3.785196 -3.695912  1512.817127
1.888996 1.857469 -3.839769 -3.695912  1570.470468
1.888996 1.857469 -3.839769 -3.743579  1616.103296
1.888996 1.857469 -3.839769 -3.743579  1616.103296
1.888996 1.857469 -3.839769 -3.743579  1616.103296
1.888996 1.857469 -3.866854 -3.743579  1645.960653
1.888996 1.857469 -3.866854 -3.763782  1666.015414
1.888996 1.857469 -3.866854 -3.763782  1666.015414
1.888996 1.857469 -3.866854 -3.763782  1666.015414
1.888996 1.857469 -3.866854 -3.763782  1666.015414
1.888996 1.857469 -3.866854 -3.763782  1666.015414
1.902465 1.857469 -3.866854 -3.763782  1666.885243
1.902465 1.877872 -3.866854 -3.763782  1668.126615
1.902465 1.877872 -3.866854 -3.763782  1668.126615
1.902465 1.877872 -3.866854 -3.763782  1668.126615
1.943236 1.877872 -3.866854 -3.763782  1670.914015
1.943236 1.925843 -3.866854 -3.763782  1674.053078
1.943236 1.925843 -3.866854 -3.763782  1674.053078
1.943236 1.925843 -3.866854 -3.763782  1674.053078
2.012069 1.925843 -3.866854 -3.763782  1679.320887
2.012069 2.001587 -3.866854 -3.763782  1684.956664
2.012069 2.001587 -3.866854 -3.763782  1684.956664
2.012069 2.001587 -3.866854 -3.763782  1684.956664
2.108061 2.001587 -3.866854 -3.763782  1693.610340
2.108061 2.001587 -3.866854 -3.763782  1693.610340
2.108061 2.001587 -3.956997 -3.763782  1799.189422
2.108061 2.001587 -3.956997 -3.847100  1886.573664
2.108061 2.001587 -3.956997 -3.847100  1886.573664
2.108061 2.001587 -3.956997 -3.847100  1886.573664
2.108061 2.001587 -4.019254 -3.847100  1965.330529
2.108061 2.001587 -4.019254 -3.902414  2027.678896
2.108061 2.001587 -4.019254 -3.902414  2027.678896
2.108061 2.001587 -4.019254 -3.902414  2027.678896
2.108061 2.001587 -4.054081 -3.902414  2073.916972
2.108061 2.001587 -4.054081 -3.930401  2106.839399
2.108061 2.001587 -4.054081 -3.930401  2106.839399
2.108061 2.001587 -4.054081 -3.930401  2106.839399
2.108061 2.001587 -4.061512 -3.930401  2116.912123
2.108061 2.001587 -4.061512 -3.930972  2117.594149
2.114419 2.001587 -4.061512 -3.930972  2118.225754
2.114419 2.015089 -4.061512 -3.930972  2119.324061
2.114419 2.015089 -4.061512 -3.930972  2119.324061
2.114419 2.015089 -4.061512 -3.930972  2119.324061
2.148795 2.015089 -4.061512 -3.930972  2122.873145
2.148795 2.015089 -4.061512 -3.930972  2122.873145
2.148795 2.015089 -4.140562 -3.930972  2234.694892
2.148795 2.015089 -4.140562 -4.002997  2323.895160
2.148795 2.015089 -4.140562 -4.002997  2323.895160
2.148795 2.015089 -4.140562 -4.002997  2323.895160
2.148795 2.015089 -4.191379 -4.002997  2400.432931
2.148795 2.015089 -4.191379 -4.046700  2457.778928
2.148795 2.015089 -4.191379 -4.046700  2457.778928
2.148795 2.015089 -4.191379 -4.046700  2457.778928
2.148795 2.015089 -4.214168 -4.046700  2493.329706
2.148795 2.015089 -4.214168 -4.062536  2514.730265
2.148795 2.015089 -4.214168 -4.062536  2514.730265
2.148795 2.015089 -4.214168 -4.062536  2514.730265
2.148795 2.015089 -4.214168 -4.062536  2514.730265
2.148795 2.015089 -4.214168 -4.062536  2514.730265
2.167874 2.015089 -4.214168 -4.062536  2516.800465
2.167874 2.041307 -4.214168 -4.062536  2519.018901
2.167874 2.041307 -4.214168 -4.062536  2519.018901
2.167874 2.041307 -4.214168 -4.062536  2519.018901
2.214511 2.041307 -4.214168 -4.062536  2524.395666
2.214511 2.095036 -4.214168 -4.062536  2529.312362
2.214511 2.095036 -4.214168 -4.062536  2529.312362
2.214511 2.095036 -4.214168 -4.062536  2529.312362
2.288622 2.095036 -4.214168 -4.062536  2538.840873
2.288622 2.176043 -4.214168 -4.062536  2547.271054
2.288622 2.176043 -4.214168 -4.062536  2547.271054
2.288622 2.176043 -4.214168 -4.062536  2547.271054
2.288622 2.176043 -4.214168 -4.062536  2547.271054
2.288622 2.176043 -4.214168 -4.062536  2547.271054
2.288622 2.176043 -4.299393 -4.062536  2687.213519
2.288622 2.176043 -4.299393 -4.140851  2798.065528
2.288622 2.176043 -4.299393 -4.140851  2798.065528
2.288622 2.176043 -4.299393 -4.140851  2798.065528
2.288622 2.176043 -4.356875 -4.140851  2898.931426
2.288622 2.176043 -4.356875 -4.191403  2975.082563
2.288622 2.176043 -4.356875 -4.191403  2975.082563
2.288622 2.176043 -4.356875 -4.191403  2975.082563
2.288622 2.176043 -4.386951 -4.191403  3030.021923
2.288622 2.176043 -4.386951 -4.214554  3066.144239
2.288622 2.176043 -4.386951 -4.214554  3066.144239
2.288622 2.176043 -4.386951 -4.214554  3066.144239
2.288622 2.176043 -4.389303 -4.214554  3070.503994
2.288622 2.176043 -4.389303 -4.214554  3070.503994
2.300117 2.176043 -4.389303 -4.214554  3072.096671
2.300117 2.194615 -4.389303 -4.214554  3074.214528
2.300117 2.194615 -4.389303 -4.214554  3074.214528
2.300117 2.194615 -4.389303 -4.214554  3074.214528
2.339738 2.194615 -4.389303 -4.214554  3079.953814
2.339738 2.241200 -4.389303 -4.214554  3085.591307
2.339738 2.241200 -4.389303 -4.214554  3085.591307
2.339738 2.241200 -4.389303 -4.214554  3085.591307
2.407611 2.241200 -4.389303 -4.214554  3096.369042
2.407611 2.316154 -4.389303 -4.214554  3106.478577
2.407611 2.316154 -4.389303 -4.214554  3106.478577
2.407611 2.316154 -4.389303 -4.214554  3106.478577
2.503231 2.316154 -4.389303 -4.214554  3123.870733
2.503231 2.316154 -4.389303 -4.214554  3123.870733
2.503231 2.316154 -4.479950 -4.214554  3299.196014
2.503231 2.316154 -4.479950 -4.298277  3436.623411
2.503231 2.316154 -4.479950 -4.298277  3436.623411
2.503231 2.316154 -4.479950 -4.298277  3436.623411
2.503231 2.316154 -4.543121 -4.298277  3567.488983
2.503231 2.316154 -4.543121 -4.354556  3666.086141
2.503231 2.316154 -4.543121 -4.354556  3666.086141
2.503231 2.316154 -4.543121 -4.354556  3666.086141
2.503231 2.316154 -4.579046 -4.354556  3743.828606
2.503231 2.316154 -4.579046 -4.383650  3796.839082
2.503231 2.316154 -4.579046 -4.383650  3796.839082
2.503231 2.316154 -4.579046 -4.383650  3796.839082
2.503231 2.316154 -4.587442 -4.383650  3815.361877
