-0.576207 -0.263176 -0.261876 -0.261047  -0.062336
-0.509087 -0.263176 -0.261876 -0.261047  -0.033013
-0.509087 -0.181722 -0.261876 -0.261047  -0.031949
-0.509087 -0.181722 -0.261876 -0.261047  -0.031949
-0.509087 -0.181722 -0.261876 -0.356645  -0.027391
-0.509087 -0.181722 -0.261876 -0.356645  -0.027391
-0.509087 -0.181722 -0.261876 -0.356645  -0.027391
-0.509087 -0.181722 -0.321303 -0.356645  -0.025199
-0.509087 -0.181722 -0.321303 -0.403801  -0.020233
-0.509087 -0.181722 -0.321303 -0.403801  -0.020233
-0.509087 -0.181722 -0.321303 -0.403801  -0.020233
-0.509087 -0.181722 -0.337523 -0.403801  -0.019277
-0.509087 -0.181722 -0.337523 -0.409705  -0.018469
-0.504736 -0.181722 -0.337523 -0.409705  -0.017032
-0.504736 -0.165689 -0.337523 -0.409705  -0.016959
-0.504736 -0.165689 -0.337523 -0.409705  -0.016959
-0.504736 -0.165689 -0.337523 -0.409705  -0.016959
-0.453451 -0.165689 -0.337523 -0.409705  -0.003372
-0.453451 -0.102540 -0.337523 -0.409705  -0.003258
-0.453451 -0.102540 -0.337523 -0.409705  -0.003258
-0.453451 -0.102540 -0.337523 -0.409705  -0.003258
-0.359272 -0.102540 -0.337523 -0.409705  0.009927
-0.359272 -0.102540 -0.337523 -0.409705  0.009927
-0.359272 -0.102540 -0.419798 -0.409705  0.018585
-0.359272 -0.102540 -0.419798 -0.481242  0.032852
-0.359272 -0.102540 -0.419798 -0.481242  0.032852
-0.359272 -0.102540 -0.419798 -0.481242  0.032852
-0.359272 -0.102540 -0.456680 -0.481242  0.039678
-0.359272 -0.102540 -0.456680 -0.504877  0.046671
-0.359272 -0.102540 -0.456680 -0.504877  0.046671
-0.359272 -0.100912 -0.456680 -0.504877  0.046672
-0.359272 -0.100912 -0.456680 -0.504877  0.046672
-0.359272 -0.100912 -0.456680 -0.504877  0.046672
-0.323350 -0.100912 -0.456680 -0.504877  0.049123
-0.323350 -0.052084 -0.456680 -0.504877  0.049133
-0.323350 -0.052084 -0.456680 -0.504877  0.049133
-0.323350 -0.052084 -0.456680 -0.504877  0.049133
-0.239741 -0.052084 -0.456680 -0.504877  0.051876
-0.239741 0.041700 -0.456680 -0.504877  0.051876
-0.239741 0.041700 -0.552223 -0.504877  0.083366
-0.239741 0.041700 -0.552223 -0.589909  0.121999
-0.239741 0.041700 -0.552223 -0.589909  0.121999
-0.239741 0.041700 -0.552223 -0.589909  0.121999
-0.239741 0.041700 -0.607040 -0.589909  0.153076
-0.239741 0.041700 -0.607040 -0.637266  0.186739
-0.239741 0.041700 -0.607040 -0.637266  0.186739
-0.239741 0.041700 -0.607040 -0.637266  0.186739
-0.239741 0.041700 -0.632710 -0.637266  0.205706
-0.239741 0.041700 -0.632710 -0.655940  0.222033
-0.239741 0.041700 -0.632710 -0.655940  0.222033
-0.239741 0.041700 -0.632710 -0.655940  0.222033
-0.239741 0.041700 -0.632710 -0.655940  0.222033
-0.239741 0.041700 -0.632710 -0.655940  0.222033
-0.223476 0.041700 -0.632710 -0.655940  0.222268
-0.223476 0.065032 -0.632710 -0.655940  0.222269
-0.223476 0.065032 -0.632710 -0.655940  0.222269
-0.223476 0.065032 -0.632710 -0.655940  0.222269
-0.178452 0.065032 -0.632710 -0.655940  0.222645
-0.178452 0.117132 -0.632710 -0.655940  0.222666
-0.178452 0.117132 -0.632710 -0.655940  0.222666
-0.178452 0.117132 -0.632710 -0.655940  0.222666
-0.104842 0.117132 -0.632710 -0.655940  0.222835
-0.104842 0.197805 -0.632710 -0.655940  0.223115
-0.104842 0.197805 -0.632710 -0.655940  0.223115
-0.104842 0.197805 -0.632710 -0.655940  0.223115
-0.104842 0.197805 -0.632710 -0.655940  0.223115
-0.104842 0.197805 -0.632710 -0.655940  0.223115
-0.104842 0.197805 -0.718644 -0.655940  0.313395
-0.104842 0.197805 -0.718644 -0.735110  0.406632
-0.104842 0.197805 -0.718644 -0.735110  0.406632
-0.104842 0.197805 -0.718644 -0.735110  0.406632
-0.104842 0.197805 -0.777332 -0.735110  0.498769
-0.104842 0.197805 -0.777332 -0.786897  0.585814
-0.104842 0.197805 -0.777332 -0.786897  0.585814
-0.104842 0.197805 -0.777332 -0.786897  0.585814
-0.104842 0.197805 -0.808890 -0.786897  0.648296
-0.104842 0.197805 -0.808890 -0.811563  0.698641
-0.104842 0.197805 -0.808890 -0.811563  0.698641
-0.104842 0.197805 -0.808890 -0.811563  0.698641
-0.104842 0.197805 -0.812705 -0.811563  0.706884
-0.104842 0.197805 -0.812705 -0.811563  0.706884
-0.094887 0.197805 -0.812705 -0.811563  0.706889
-0.094887 0.215047 -0.812705 -0.811563  0.707046
-0.094887 0.215047 -0.812705 -0.811563  0.707046
-0.094887 0.215047 -0.812705 -0.811563  0.707046
-0.005535 0.215047 -0.812705 -0.811563  0.707053
-0.005535 0.311622 -0.812705 -0.811563  0.709532
-0.005535 0.311622 -0.909151 -0.811563  0.976120
-0.005535 0.311622 -0.909151 -0.900652  1.216699
-0.005535 0.311622 -0.909151 -0.900652  1.216699
-0.005535 0.311622 -0.909151 -0.900652  1.216699
-0.005535 0.311622 -0.976498 -0.900652  1.483455
-0.005535 0.311622 -0.976498 -0.960675  1.709065
-0.005535 0.311622 -0.976498 -0.960675  1.709065
-0.005535 0.311622 -0.976498 -0.960675  1.709065
-0.005535 0.311622 -1.016139 -0.960675  1.904522
-0.005535 0.311622 -1.016139 -0.993125  2.052375
-0.005535 0.311622 -1.016139 -0.993125  2.052375
-0.005535 0.311622 -1.016139 -0.993125  2.052375
-0.005535 0.311622 -1.027946 -0.993125  2.116796
-0.005535 0.311622 -1.027946 -0.997989  2.140687
-0.003084 0.311622 -1.027946 -0.997989  2.140687
-0.003084 0.320874 -1.027946 -0.997989  2.141150
-0.003084 0.320874 -1.027946 -0.997989  2.141150
-0.003084 0.320874 -1.027946 -0.997989  2.141150
0.027361 0.320874 -1.027946 -0.997989  2.141150
0.027361 0.358880 -1.027946 -0.997989  2.143701
0.027361 0.358880 -1.027946 -0.997989  2.143701
0.027361 0.358880 -1.027946 -0.997989  2.143701
0.087185 0.358880 -1.027946 -0.997989  2.143706
0.087185 0.426051 -1.027946 -0.997989  2.151791
0.087185 0.426051 -1.027946 -0.997989  2.151791
0.087185 0.426051 -1.027946 -0.997989  2.151791
0.175427 0.426051 -1.027946 -0.997989  2.151952
0.175427 0.521099 -1.027946 -0.997989  2.176338
0.175427 0.521099 -1.126077 -0.997989  2.839252
0.175427 0.521099 -1.126077 -1.089177  3.382087
0.175427 0.521099 -1.126077 -1.089177  3.382087
0.175427 0.521099 -1.126077 -1.089177  3.382087
0.175427 0.521099 -1.196379 -1.089177  4.022417
0.175427 0.521099 -1.196379 -1.152729  4.524932
0.175427 0.521099 -1.196379 -1.152729  4.524932
0.175427 0.521099 -1.196379 -1.152729  4.524932
0.175427 0.521099 -1.240001 -1.152729  5.005565
0.175427 0.521099 -1.240001 -1.189791  5.354487
0.175427 0.521099 -1.240001 -1.189791  5.354487
0.175427 0.521099 -1.240001 -1.189791  5.354487
0.175427 0.521099 -1.255680 -1.189791  5.544572
0.175427 0.521099 -1.255680 -1.198388  5.631969
0.175427 0.521099 -1.255680 -1.198388  5.631969
0.175427 0.526594 -1.255680 -1.198388  5.634038
0.175427 0.526594 -1.255680 -1.198388  5.634038
0.175427 0.526594 -1.255680 -1.198388  5.634038
0.201270 0.526594 -1.255680 -1.198388  5.634202
0.201270 0.559647 -1.255680 -1.198388  5.648609
0.201270 0.559647 -1.255680 -1.198388  5.648609
0.201270 0.559647 -1.255680 -1.198388  5.648609
0.255174 0.559647 -1.255680 -1.198388  5.649360
0.255174 0.620613 -1.255680 -1.198388  5.686528
0.255174 0.620613 -1.255680 -1.198388  5.686528
0.255174 0.620613 -1.255680 -1.198388  5.686528
0.336798 0.620613 -1.255680 -1.198388  5.689779
0.336798 0.709338 -1.255680 -1.198388  5.777296
0.336798 0.709338 -1.255680 -1.198388  5.777296
0.336798 0.709338 -1.255680 -1.295571  6.955753
0.336798 0.709338 -1.255680 -1.295571  6.955753
0.336798 0.709338 -1.255680 -1.295571  6.955753
0.336798 0.709338 -1.331229 -1.295571  8.014869
0.336798 0.709338 -1.331229 -1.364048  9.087003
0.336798 0.709338 -1.331229 -1.364048  9.087003
0.336798 0.709338 -1.331229 -1.364048  9.087003
0.336798 0.709338 -1.378958 -1.364048  9.892201
0.336798 0.709338 -1.378958 -1.404778  10.640595
0.336798 0.709338 -1.378958 -1.404778  10.640595
0.336798 0.709338 -1.378958 -1.404778  10.640595
0.336798 0.709338 -1.398788 -1.404778  11.009562
0.336798 0.709338 -1.398788 -1.417645  11.264748
0.336798 0.709338 -1.398788 -1.417645  11.264748
0.336798 0.710445 -1.398788 -1.417645  11.266154
0.336798 0.710445 -1.398788 -1.417645  11.266154
0.336798 0.710445 -1.398788 -1.417645  11.266154
0.358812 0.710445 -1.398788 -1.417645  11.267768
0.358812 0.739347 -1.398788 -1.417645  11.307702
0.358812 0.739347 -1.398788 -1.417645  11.307702
0.358812 0.739347 -1.398788 -1.417645  11.307702
0.408296 0.739347 -1.398788 -1.417645  11.313101
0.408296 0.796472 -1.398788 -1.417645  11.412696
0.408296 0.796472 -1.450442 -1.417645  12.477203
0.408296 0.796472 -1.450442 -1.459130  13.365458
0.408296 0.796472 -1.450442 -1.459130  13.365458
0.408296 0.796472 -1.450442 -1.459130  13.365458
0.408296 0.796472 -1.470690 -1.459130  13.826227
0.408296 0.796472 -1.470690 -1.471689  14.115826
0.408296 0.796472 -1.470690 -1.471689  14.115826
0.408296 0.797792 -1.470690 -1.471689  14.118490
0.408296 0.797792 -1.470690 -1.471689  14.118490
0.408296 0.797792 -1.470690 -1.471689  14.118490
0.431515 0.797792 -1.470690 -1.471689  14.122105
0.431515 0.828002 -1.470690 -1.471689  14.188108
0.431515 0.828002 -1.470690 -1.471689  14.188108
0.431515 0.828002 -1.470690 -1.471689  14.188108
0.482658 0.828002 -1.470690 -1.471689  14.199340
0.482658 0.886391 -1.470690 -1.471689  14.357331
0.482658 0.886391 -1.470690 -1.471689  14.357331
0.482658 0.886391 -1.470690 -1.471689  14.357331
0.562013 0.886391 -1.470690 -1.471689  14.387208
0.562013 0.972799 -1.470690 -1.471689  14.711228
0.562013 0.972799 -1.470690 -1.471689  14.711228
0.562013 0.972799 -1.470690 -1.571136  17.381005
0.562013 0.972799 -1.470690 -1.571136  17.381005
0.562013 0.972799 -1.470690 -1.571136  17.381005
0.562013 0.972799 -1.549699 -1.571136  19.438655
0.562013 0.972799 -1.549699 -1.643319  21.849393
0.562013 0.972799 -1.549699 -1.643319  21.849393
0.562013 0.972799 -1.549699 -1.643319  21.849393
0.562013 0.972799 -1.601482 -1.643319  23.445862
0.562013 0.972799 -1.601482 -1.688275  25.177300
0.562013 0.972799 -1.601482 -1.688275  25.177300
0.562013 0.972799 -1.601482 -1.688275  25.177300
0.562013 0.972799 -1.625193 -1.688275  25.980576
0.562013 0.972799 -1.625193 -1.705241  26.683734
0.562013 0.972799 -1.625193 -1.705241  26.683734
0.562013 0.972799 -1.625193 -1.705241  26.683734
0.562013 0.972799 -1.625193 -1.705241  26.683734
0.562013 0.972799 -1.625193 -1.705241  26.683734
0.578618 0.972799 -1.625193 -1.705241  26.692522
0.578618 0.996321 -1.625193 -1.705241  26.803063
0.578618 0.996321 -1.625193 -1.705241  26.803063
0.578618 0.996321 -1.625193 -1.705241  26.803063
0.623836 0.996321 -1.625193 -1.705241  26.832688
0.623836 1.048605 -1.625193 -1.705241  27.118778
0.623836 1.048605 -1.625193 -1.705241  27.118778
0.623836 1.048605 -1.625193 -1.705241  27.118778
0.696981 1.048605 -1.625193 -1.705241  27.188772
0.696981 1.128866 -1.625193 -1.705241  27.754155
0.696981 1.128866 -1.625193 -1.705241  27.754155
0.696981 1.128866 -1.625193 -1.705241  27.754155
0.696981 1.128866 -1.625193 -1.705241  27.754155
0.696981 1.128866 -1.625193 -1.705241  27.754155
0.696981 1.128866 -1.709187 -1.705241  31.002872
0.696981 1.128866 -1.709187 -1.782110  34.559252
0.696981 1.128866 -1.709187 -1.782110  34.559252
0.696981 1.128866 -1.709187 -1.782110  34.559252
0.696981 1.128866 -1.765158 -1.782110  37.109213
0.696981 1.128866 -1.765158 -1.831176  39.723753
0.696981 1.128866 -1.765158 -1.831176  39.723753
0.696981 1.128866 -1.765158 -1.831176  39.723753
0.696981 1.128866 -1.793025 -1.831176  41.119818
0.696981 1.128866 -1.793025 -1.852260  42.332805
0.696981 1.128866 -1.793025 -1.852260  42.332805
0.696981 1.128866 -1.793025 -1.852260  42.332805
0.696981 1.128866 -1.793367 -1.852260  42.350464
0.696981 1.128866 -1.793367 -1.852260  42.350464
0.710138 1.128866 -1.793367 -1.852260  42.366586
0.710138 1.148930 -1.793367 -1.852260  42.535389
0.710138 1.148930 -1.793367 -1.852260  42.535389
0.710138 1.148930 -1.793367 -1.852260  42.535389
0.750968 1.148930 -1.793367 -1.852260  42.593631
0.750968 1.196556 -1.793367 -1.852260  43.044432
0.750968 1.196556 -1.793367 -1.852260  43.044432
0.750968 1.196556 -1.793367 -1.852260  43.044432
0.819536 1.196556 -1.793367 -1.852260  43.175285
0.819536 1.272096 -1.793367 -1.852260  44.053655
0.819536 1.272096 -1.793367 -1.852260  44.053655
0.819536 1.272096 -1.793367 -1.852260  44.053655
0.915677 1.272096 -1.793367 -1.852260  44.327702
0.915677 1.272096 -1.793367 -1.852260  44.327702
0.915677 1.272096 -1.883504 -1.852260  49.482217
0.915677 1.272096 -1.883504 -1.935657  54.852814
0.915677 1.272096 -1.883504 -1.935657  54.852814
0.915677 1.272096 -1.883504 -1.935657  54.852814
0.915677 1.272096 -1.883504 -1.935657  54.852814
0.915677 1.272096 -1.883504 -1.935657  54.852814
0.948627 1.272096 -1.883504 -1.935657  54.977278
0.948627 1.317691 -1.883504 -1.935657  55.618636
0.948627 1.317691 -1.883504 -1.935657  55.618636
0.948627 1.317691 -1.883504 -1.935657  55.618636
1.031523 1.317691 -1.883504 -1.935657  56.018302
1.031523 1.411484 -1.883504 -1.935657  57.648224
1.031523 1.411484 -1.977285 -1.935657  64.167238
1.031523 1.411484 -1.977285 -2.015127  70.222555
1.031523 1.411484 -1.977285 -2.015127  70.222555
1.031523 1.411484 -1.977285 -2.015127  70.222555
1.031523 1.411484 -2.020982 -2.015127  73.713099
1.031523 1.411484 -2.020982 -2.046113  76.347568
1.031523 1.411484 -2.020982 -2.046113  76.347568
1.031523 1.411484 -2.020982 -2.046113  76.347568
1.031523 1.411484 -2.022113 -2.046113  76.442012
1.031523 1.411484 -2.022113 -2.046113  76.442012
1.051448 1.411484 -2.022113 -2.046113  76.559248
1.051448 1.443950 -2.022113 -2.046113  77.233900
1.051448 1.443950 -2.022113 -2.046113  77.233900
1.051448 1.443950 -2.022113 -2.046113  77.233900
1.118885 1.443950 -2.022113 -2.046113  77.702383
1.118885 1.521087 -2.022113 -2.046113  79.568002
1.118885 1.521087 -2.022113 -2.046113  79.568002
1.118885 1.521087 -2.022113 -2.046113  79.568002
1.118885 1.521087 -2.022113 -2.046113  79.568002
1.118885 1.521087 -2.022113 -2.046113  79.568002
1.118885 1.521087 -2.090570 -2.046113  85.691622
1.118885 1.521087 -2.090570 -2.102460  90.909365
1.118885 1.521087 -2.090570 -2.102460  90.909365
1.118885 1.521087 -2.090570 -2.102460  90.909365
1.118885 1.521087 -2.107174 -2.102460  92.520530
1.118885 1.521087 -2.107174 -2.106912  92.957246
1.126819 1.521087 -2.107174 -2.106912  93.020301
1.126819 1.539996 -2.107174 -2.106912  93.539161
1.126819 1.539996 -2.107174 -2.106912  93.539161
1.126819 1.539996 -2.107174 -2.106912  93.539161
1.175753 1.539996 -2.107174 -2.106912  93.969396
1.175753 1.598691 -2.107174 -2.106912  95.750738
1.175753 1.598691 -2.107174 -2.106912  95.750738
1.175753 1.598691 -2.107174 -2.106912  95.750738
1.263894 1.598691 -2.107174 -2.106912  96.729029
1.263894 1.695934 -2.107174 -2.106912  100.315678
1.263894 1.695934 -2.202507 -2.106912  110.602890
1.263894 1.695934 -2.202507 -2.194974  120.035643
1.263894 1.695934 -2.202507 -2.194974  120.035643
1.263894 1.695934 -2.202507 -2.194974  120.035643
1.263894 1.695934 -2.269499 -2.194974  128.412424
1.263894 1.695934 -2.269499 -2.254828  135.748529
1.263894 1.695934 -2.269499 -2.254828  135.748529
1.263894 1.695934 -2.269499 -2.254828  135.748529
1.263894 1.695934 -2.308278 -2.254828  141.071241
1.263894 1.695934 -2.308278 -2.286564  145.290123
1.263894 1.695934 -2.308278 -2.286564  145.290123
1.263894 1.695934 -2.308278 -2.286564  145.290123
1.263894 1.695934 -2.319086 -2.286564  146.838716
1.263894 1.695934 -2.319086 -2.290186  147.335324
1.267239 1.695934 -2.319086 -2.290186  147.378231
1.267239 1.706271 -2.319086 -2.290186  147.811048
1.267239 1.706271 -2.319086 -2.290186  147.811048
1.267239 1.706271 -2.319086 -2.290186  147.811048
1.298588 1.706271 -2.319086 -2.290186  148.235784
1.298588 1.744555 -2.319086 -2.290186  149.932708
1.298588 1.744555 -2.319086 -2.290186  149.932708
1.298588 1.744555 -2.319086 -2.290186  149.932708
1.358085 1.744555 -2.319086 -2.290186  150.859810
1.358085 1.811076 -2.319086 -2.290186  154.184726
1.358085 1.811076 -2.319086 -2.290186  154.184726
1.358085 1.811076 -2.319086 -2.290186  154.184726
1.445342 1.811076 -2.319086 -2.290186  155.872260
1.445342 1.905469 -2.319086 -2.290186  161.507399
1.445342 1.905469 -2.417921 -2.290186  177.072547
1.445342 1.905469 -2.417921 -2.382243  190.794455
1.445342 1.905469 -2.417921 -2.382243  190.794455
1.445342 1.905469 -2.417921 -2.382243  190.794455
1.445342 1.905469 -2.489534 -2.382243  203.779746
1.445342 1.905469 -2.489534 -2.446845  214.762528
1.445342 1.905469 -2.489534 -2.446845  214.762528
1.445342 1.905469 -2.489534 -2.446845  214.762528
1.445342 1.905469 -2.533304 -2.446845  223.469910
1.445342 1.905469 -2.533304 -2.483770  230.290508
1.445342 1.905469 -2.533304 -2.483770  230.290508
1.445342 1.985061 -2.533304 -2.483770  235.993733
1.445342 1.985061 -2.533304 -2.483770  235.993733
1.445342 1.985061 -2.533304 -2.483770  235.993733
1.445342 1.985061 -2.533304 -2.483770  235.993733
1.445342 1.985061 -2.533304 -2.483770  235.993733
1.445342 1.985061 -2.618862 -2.483770  254.843698
1.445342 1.985061 -2.618862 -2.562417  270.787782
1.445342 1.985061 -2.618862 -2.562417  270.787782
1.445342 1.985061 -2.618862 -2.562417  270.787782
1.445342 1.985061 -2.676521 -2.562417  284.959025
1.445342 1.985061 -2.676521 -2.613175  296.342477
1.445342 1.985061 -2.676521 -2.613175  296.342477
1.445342 1.985061 -2.676521 -2.613175  296.342477
1.445342 1.985061 -2.706883 -2.613175  304.312059
1.445342 1.985061 -2.706883 -2.636811  309.923496
1.445342 1.985061 -2.706883 -2.636811  309.923496
1.445342 1.985061 -2.706883 -2.636811  309.923496
1.445342 1.985061 -2.710406 -2.636811  310.871891
1.445342 1.985061 -2.710406 -2.636811  310.871891
1.455336 1.985061 -2.710406 -2.636811  311.092994
1.455336 2.002024 -2.710406 -2.636811  312.432601
1.455336 2.002024 -2.710406 -2.636811  312.432601
1.455336 2.002024 -2.710406 -2.636811  312.432601
1.493306 2.002024 -2.710406 -2.636811  313.329873
1.493306 2.047094 -2.710406 -2.636811  317.116807
1.493306 2.047094 -2.710406 -2.636811  317.116807
1.493306 2.047094 -2.710406 -2.636811  317.116807
1.559433 2.047094 -2.710406 -2.636811  318.913151
1.559433 2.120282 -2.710406 -2.636811  325.815753
1.559433 2.120282 -2.710406 -2.636811  325.815753
1.559433 2.120282 -2.710406 -2.636811  325.815753
1.653515 2.120282 -2.710406 -2.636811  328.954202
1.653515 2.120282 -2.710406 -2.636811  328.954202
1.653515 2.120282 -2.802137 -2.636811  355.439918
1.653515 2.120282 -2.802137 -2.721579  377.289176
1.653515 2.120282 -2.802137 -2.721579  377.289176
1.653515 2.120282 -2.802137 -2.721579  377.289176
1.653515 2.120282 -2.866760 -2.721579  398.150600
1.653515 2.120282 -2.866760 -2.778969  414.571737
1.653515 2.120282 -2.866760 -2.778969  414.571737
1.653515 2.120282 -2.866760 -2.778969  414.571737
1.653515 2.120282 -2.903170 -2.778969  427.184001
1.653515 2.120282 -2.903170 -2.808392  436.145672
1.653515 2.120282 -2.903170 -2.808392  436.145672
1.653515 2.120282 -2.903170 -2.808392  436.145672
1.653515 2.120282 -2.911794 -2.808392  439.226980
1.653515 2.120282 -2.911794 -2.810044  439.741404
1.658859 2.120282 -2.911794 -2.810044  439.942470
1.658859 2.132870 -2.911794 -2.810044  441.229633
1.658859 2.132870 -2.911794 -2.810044  441.229633
1.658859 2.132870 -2.911794 -2.810044  441.229633
1.692783 2.132870 -2.911794 -2.810044  442.567678
1.692783 2.173879 -2.911794 -2.810044  446.977409
1.692783 2.173879 -2.911794 -2.810044  446.977409
1.692783 2.173879 -2.911794 -2.810044  446.977409
1.754407 2.173879 -2.911794 -2.810044  449.698479
1.754407 2.242428 -2.911794 -2.810044  457.851103
1.754407 2.242428 -2.911794 -2.810044  457.851103
1.754407 2.242428 -2.911794 -2.810044  457.851103
1.843599 2.242428 -2.911794 -2.810044  462.527980
1.843599 2.338517 -2.911794 -2.810044  475.762960
1.843599 2.338517 -3.008828 -2.810044  513.042931
1.843599 2.338517 -3.008828 -2.899901  542.906700
1.843599 2.338517 -3.008828 -2.899901  542.906700
1.843599 2.338517 -3.008828 -2.899901  542.906700
1.843599 2.338517 -3.077848 -2.899901  572.518022
1.843599 2.338517 -3.077848 -2.962257  595.535707
1.843599 2.338517 -3.077848 -2.962257  595.535707
1.843599 2.338517 -3.077848 -2.962257  595.535707
1.843599 2.338517 -3.119922 -2.962257  614.937618
1.843599 2.338517 -3.119922 -2.997544  628.850619
1.843599 2.338517 -3.119922 -2.997544  628.850619
1.843599 2.338517 -3.119922 -2.997544  628.850619
1.843599 2.338517 -3.134902 -2.997544  636.016074
1.843599 2.338517 -3.134902 -3.005666  639.312353
1.843599 2.338517 -3.134902 -3.005666  639.312353
1.843599 2.346186 -3.134902 -3.005666  640.466646
1.843599 2.346186 -3.134902 -3.005666  640.466646
1.843599 2.346186 -3.134902 -3.005666  640.466646
1.887293 2.346186 -3.134902 -3.005666  643.112944
1.887293 2.401591 -3.134902 -3.005666  651.912871
1.887293 2.401591 -3.134902 -3.005666  651.912871
1.887293 2.401591 -3.134902 -3.058013  674.031178
1.887293 2.401591 -3.134902 -3.058013  674.031178
1.887293 2.401591 -3.134902 -3.058013  674.031178
1.887293 2.401591 -3.144038 -3.058013  678.468890
1.887293 2.401591 -3.144038 -3.058013  678.468890
1.904899 2.401591 -3.144038 -3.058013  679.606792
1.904899 2.432289 -3.144038 -3.058013  684.845043
1.904899 2.432289 -3.144038 -3.058013  684.845043
1.904899 2.432289 -3.144038 -3.058013  684.845043
1.973952 2.432289 -3.144038 -3.058013  689.732879
1.973952 2.514285 -3.144038 -3.058013  705.082504
1.973952 2.514285 -3.144038 -3.058013  705.082504
1.973952 2.514285 -3.144038 -3.150868  748.224790
1.973952 2.514285 -3.144038 -3.150868  748.224790
1.973952 2.514285 -3.144038 -3.150868  748.224790
1.973952 2.514285 -3.198596 -3.150868  775.820874
1.973952 2.514285 -3.198596 -3.192254  796.759574
1.973952 2.514285 -3.198596 -3.192254  796.759574
1.973952 2.514285 -3.198596 -3.192254  796.759574
1.973952 2.514285 -3.202847 -3.192254  798.990423
1.973952 2.514285 -3.202847 -3.192254  798.990423
1.994712 2.514285 -3.202847 -3.192254  800.599903
1.994712 2.547862 -3.202847 -3.192254  807.490654
1.994712 2.547862 -3.202847 -3.192254  807.490654
1.994712 2.547862 -3.202847 -3.192254  807.490654
2.066723 2.547862 -3.202847 -3.192254  813.617499
2.066723 2.632983 -3.202847 -3.192254  832.792037
2.066723 2.632983 -3.202847 -3.192254  832.792037
2.066723 2.632983 -3.202847 -3.281794  881.966216
2.066723 2.632983 -3.202847 -3.281794  881.966216
2.066723 2.632983 -3.202847 -3.281794  881.966216
2.066723 2.632983 -3.253554 -3.281794  909.504396
2.066723 2.632983 -3.253554 -3.320021  932.198116
2.066723 2.632983 -3.253554 -3.320021  932.198116
2.066723 2.632983 -3.253554 -3.320021  932.198116
2.066723 2.632983 -3.253988 -3.320021  932.441188
2.066723 2.632983 -3.253988 -3.320021  932.441188
2.091499 2.632983 -3.253988 -3.320021  934.756198
2.091499 2.670330 -3.253988 -3.320021  943.989167
2.091499 2.670330 -3.253988 -3.320021  943.989167
2.091499 2.670330 -3.253988 -3.320021  943.989167
2.167053 2.670330 -3.253988 -3.320021  951.759312
2.167053 2.758970 -3.253988 -3.320021  975.840919
2.167053 2.758970 -3.352214 -3.320021  1034.330174
2.167053 2.758970 -3.352214 -3.405251  1088.833014
2.167053 2.758970 -3.352214 -3.405251  1088.833014
2.167053 2.758970 -3.352214 -3.405251  1088.833014
2.167053 2.758970 -3.400319 -3.405251  1120.089900
2.167053 2.758970 -3.400319 -3.441277  1144.828821
2.167053 2.758970 -3.400319 -3.441277  1144.828821
2.167053 2.758970 -3.400319 -3.441277  1144.828821
2.167053 2.758970 -3.401696 -3.441277  1145.750549
2.167053 2.758970 -3.401696 -3.441277  1145.750549
2.190862 2.758970 -3.401696 -3.441277  1148.434235
2.190862 2.793958 -3.401696 -3.441277  1158.830899
2.190862 2.793958 -3.401696 -3.441277  1158.830899
2.190862 2.793958 -3.401696 -3.441277  1158.830899
2.260207 2.793958 -3.401696 -3.441277  1167.340890
2.260207 2.875986 -3.401696 -3.441277  1193.844671
2.260207 2.875986 -3.401696 -3.441277  1193.844671
2.260207 2.875986 -3.401696 -3.535373  1263.533774
2.260207 2.875986 -3.401696 -3.535373  1263.533774
2.260207 2.875986 -3.401696 -3.535373  1263.533774
2.260207 2.875986 -3.465818 -3.535373  1308.112944
2.260207 2.875986 -3.465818 -3.589510  1351.715023
2.260207 2.875986 -3.465818 -3.589510  1351.715023
2.260207 2.875986 -3.465818 -3.589510  1351.715023
2.260207 2.875986 -3.488694 -3.589510  1368.437415
2.260207 2.875986 -3.488694 -3.603364  1380.025662
2.260207 2.875986 -3.488694 -3.603364  1380.025662
2.260207 2.876262 -3.488694 -3.603364  1380.120224
2.260207 2.876262 -3.488694 -3.603364  1380.120224
2.260207 2.876262 -3.488694 -3.603364  1380.120224
2.281149 2.876262 -3.488694 -3.603364  1382.904056
2.281149 2.904363 -3.488694 -3.603364  1392.709943
2.281149 2.904363 -3.488694 -3.603364  1392.709943
2.281149 2.904363 -3.488694 -3.603364  1392.709943
2.329746 2.904363 -3.488694 -3.603364  1399.575747
2.329746 2.960506 -3.488694 -3.603364  1420.337075
2.329746 2.960506 -3.488694 -3.603364  1420.337075
2.329746 2.960506 -3.488694 -3.603364  1420.337075
2.348401 2.960506 -3.488694 -3.603364  1423.129410
2.348401 2.988235 -3.488694 -3.603364  1433.981427
2.348401 2.988235 -3.488694 -3.603364  1433.981427
2.348401 2.988235 -3.488694 -3.603364  1433.981427
2.396626 2.988235 -3.488694 -3.603364  1441.622746
2.396626 3.043419 -3.488694 -3.603364  1464.451630
2.396626 3.043419 -3.488694 -3.603364  1464.451630
2.396626 3.043419 -3.488694 -3.603364  1464.451630
2.473150 3.043419 -3.488694 -3.603364  1477.907031
2.473150 3.127195 -3.488694 -3.603364  1515.877118
2.473150 3.127195 -3.488694 -3.603364  1515.877118
2.473150 3.127195 -3.488694 -3.603364  1515.877118
2.473150 3.127195 -3.488694 -3.603364  1515.877118
2.473150 3.127195 -3.488694 -3.603364  1515.877118
2.473150 3.127195 -3.570135 -3.603364  1579.080233
2.473150 3.127195 -3.570135 -3.677405  1644.112019
2.473150 3.127195 -3.570135 -3.677405  1644.112019
2.473150 3.127195 -3.570135 -3.677405  1644.112019
2.473150 3.127195 -3.623344 -3.677405  1688.641042
2.473150 3.127195 -3.623344 -3.723529  1731.887719
2.473150 3.127195 -3.623344 -3.723529  1731.887719
2.473150 3.127195 -3.623344 -3.723529  1731.887719
2.473150 3.127195 -3.648640 -3.723529  1753.994458
2.473150 3.127195 -3.648640 -3.741643  1771.575397
2.473150 3.127195 -3.648640 -3.741643  1771.575397
2.473150 3.127195 -3.648640 -3.741643  1771.575397
2.473150 3.127195 -3.648640 -3.741643  1771.575397
2.473150 3.127195 -3.648640 -3.741643  1771.575397
2.490126 3.127195 -3.648640 -3.741643  1774.794709
2.490126 3.151320 -3.648640 -3.741643  1786.509822
2.490126 3.151320 -3.648640 -3.741643  1786.509822
2.490126 3.151320 -3.648640 -3.741643  1786.509822
2.535942 3.151320 -3.648640 -3.741643  1795.647841
2.535942 3.204212 -3.648640 -3.741643  1822.619770
2.535942 3.204212 -3.648640 -3.741643  1822.619770
2.535942 3.204212 -3.648640 -3.741643  1822.619770
2.609861 3.204212 -3.648640 -3.741643  1838.822824
2.609861 3.285146 -3.648640 -3.741643  1883.689655
2.609861 3.285146 -3.648640 -3.741643  1883.689655
2.609861 3.285146 -3.648640 -3.741643  1883.689655
2.609861 3.285146 -3.648640 -3.741643  1883.689655
2.609861 3.285146 -3.648640 -3.741643  1883.689655
2.609861 3.285146 -3.733574 -3.741643  1962.537375
2.609861 3.285146 -3.733574 -3.819661  2042.249317
2.609861 3.285146 -3.733574 -3.819661  2042.249317
2.609861 3.285146 -3.733574 -3.819661  2042.249317
2.609861 3.285146 -3.790360 -3.819661  2099.124688
2.609861 3.285146 -3.790360 -3.869285  2153.330184
2.609861 3.285146 -3.790360 -3.869285  2153.330184
2.609861 3.285146 -3.790360 -3.869285  2153.330184
2.609861 3.285146 -3.818897 -3.869285  2183.227375
2.609861 3.285146 -3.818897 -3.890801  2207.610395
2.609861 3.285146 -3.818897 -3.890801  2207.610395
2.609861 3.285146 -3.818897 -3.890801  2207.610395
2.609861 3.285146 -3.819181 -3.890801  2207.913288
2.609861 3.285146 -3.819181 -3.890801  2207.913288
2.623439 3.285146 -3.819181 -3.890801  2211.096177
2.623439 3.305746 -3.819181 -3.890801  2223.243586
2.623439 3.305746 -3.819181 -3.890801  2223.243586
2.623439 3.305746 -3.819181 -3.890801  2223.243586
2.665004 3.305746 -3.819181 -3.890801  2233.404585
2.665004 3.354667 -3.819181 -3.890801  2263.492924
2.665004 3.354667 -3.819181 -3.890801  2263.492924
