-0.532324 -0.367517 -0.366687 -0.366358  -0.036220
-0.532324 -0.367517 -0.366687 -0.366358  -0.036220
-0.532324 -0.367517 -0.366687 -0.366358  -0.036220
-0.532324 -0.367517 -0.415017 -0.366358  -0.030538
-0.532324 -0.367517 -0.415017 -0.406734  -0.026006
-0.532324 -0.367517 -0.415017 -0.406734  -0.026006
-0.532324 -0.367517 -0.415017 -0.406734  -0.026006
-0.532324 -0.367517 -0.432799 -0.406734  -0.023132
-0.532324 -0.367517 -0.432799 -0.416719  -0.021697
-0.532324 -0.367517 -0.432799 -0.416719  -0.021697
-0.532324 -0.363177 -0.432799 -0.416719  -0.021311
-0.532324 -0.363177 -0.432799 -0.416719  -0.021311
-0.532324 -0.363177 -0.432799 -0.416719  -0.021311
-0.506967 -0.363177 -0.432799 -0.416719  -0.012055
-0.506967 -0.330458 -0.432799 -0.416719  -0.009677
-0.506967 -0.330458 -0.432799 -0.416719  -0.009677
-0.506967 -0.330458 -0.432799 -0.416719  -0.009677
-0.452340 -0.330458 -0.432799 -0.416719  0.004874
-0.452340 -0.267829 -0.432799 -0.416719  0.007436
-0.452340 -0.267829 -0.432799 -0.416719  0.007436
-0.452340 -0.267829 -0.432799 -0.416719  0.007436
-0.368414 -0.267829 -0.432799 -0.416719  0.019587
-0.368414 -0.176731 -0.432799 -0.416719  0.020793
-0.368414 -0.176731 -0.432799 -0.416719  0.020793
-0.368414 -0.176731 -0.432799 -0.510945  0.043049
-0.368414 -0.176731 -0.432799 -0.510945  0.043049
-0.368414 -0.176731 -0.432799 -0.510945  0.043049
-0.368414 -0.176731 -0.504590 -0.510945  0.060575
-0.368414 -0.176731 -0.504590 -0.575540  0.088902
-0.368414 -0.176731 -0.504590 -0.575540  0.088902
-0.368414 -0.176731 -0.504590 -0.575540  0.088902
-0.368414 -0.176731 -0.547208 -0.575540  0.105255
-0.368414 -0.176731 -0.547208 -0.610902  0.127190
-0.368414 -0.176731 -0.547208 -0.610902  0.127190
-0.368414 -0.176731 -0.547208 -0.610902  0.127190
-0.368414 -0.176731 -0.561591 -0.610902  0.133986
-0.368414 -0.176731 -0.561591 -0.618411  0.139346
-0.368414 -0.176731 -0.561591 -0.618411  0.139346
-0.368414 -0.170480 -0.561591 -0.618411  0.139374
-0.368414 -0.170480 -0.561591 -0.618411  0.139374
-0.368414 -0.170480 -0.561591 -0.618411  0.139374
-0.341099 -0.170480 -0.561591 -0.618411  0.141544
-0.341099 -0.135827 -0.561591 -0.618411  0.141642
-0.341099 -0.135827 -0.561591 -0.618411  0.141642
-0.341099 -0.135827 -0.561591 -0.618411  0.141642
-0.284773 -0.135827 -0.561591 -0.618411  0.144386
-0.284773 -0.072477 -0.561591 -0.618411  0.144430
-0.284773 -0.072477 -0.561591 -0.618411  0.144430
-0.284773 -0.072477 -0.561591 -0.618411  0.144430
-0.199903 -0.072477 -0.561591 -0.618411  0.145984
-0.199903 0.019376 -0.561591 -0.618411  0.145986
-0.199903 0.019376 -0.653901 -0.618411  0.209679
-0.199903 0.019376 -0.653901 -0.702881  0.290790
-0.199903 0.019376 -0.653901 -0.702881  0.290790
-0.199903 0.019376 -0.653901 -0.702881  0.290790
-0.199903 0.019376 -0.716888 -0.702881  0.360584
-0.199903 0.019376 -0.716888 -0.758843  0.440657
-0.199903 0.019376 -0.716888 -0.758843  0.440657
-0.199903 0.019376 -0.716888 -0.758843  0.440657
-0.199903 0.019376 -0.752521 -0.758843  0.492630
-0.199903 0.019376 -0.752521 -0.787893  0.544625
-0.199903 0.019376 -0.752521 -0.787893  0.544625
-0.199903 0.019376 -0.752521 -0.787893  0.544625
-0.199903 0.019376 -0.761374 -0.787893  0.559158
-0.199903 0.019376 -0.761374 -0.790090  0.563415
-0.195271 0.019376 -0.761374 -0.790090  0.563450
-0.195271 0.031056 -0.761374 -0.790090  0.563450
-0.195271 0.031056 -0.761374 -0.790090  0.563450
-0.195271 0.031056 -0.761374 -0.790090  0.563450
-0.162156 0.031056 -0.761374 -0.790090  0.563622
-0.162156 0.071206 -0.761374 -0.790090  0.563624
-0.162156 0.071206 -0.761374 -0.790090  0.563624
-0.162156 0.071206 -0.761374 -0.790090  0.563624
-0.101410 0.071206 -0.761374 -0.790090  0.563725
-0.101410 0.139000 -0.761374 -0.790090  0.563775
-0.101410 0.139000 -0.761374 -0.790090  0.563775
-0.101410 0.139000 -0.761374 -0.790090  0.563775
-0.012125 0.139000 -0.761374 -0.790090  0.563786
-0.012125 0.235523 -0.761374 -0.790090  0.564459
-0.012125 0.235523 -0.857735 -0.790090  0.772871
-0.012125 0.235523 -0.857735 -0.879489  0.991191
-0.012125 0.235523 -0.857735 -0.879489  0.991191
-0.012125 0.235523 -0.857735 -0.879489  0.991191
-0.012125 0.235523 -0.866301 -0.879489  1.014839
-0.012125 0.235523 -0.866301 -0.879489  1.014839
-0.004914 0.235523 -0.866301 -0.879489  1.014839
-0.004914 0.250016 -0.866301 -0.879489  1.015091
-0.004914 0.250016 -0.866301 -0.879489  1.015091
-0.004914 0.250016 -0.866301 -0.879489  1.015091
0.030012 0.250016 -0.866301 -0.879489  1.015091
0.030012 0.292252 -0.866301 -0.879489  1.016247
0.030012 0.292252 -0.866301 -0.879489  1.016247
0.030012 0.292252 -0.866301 -0.879489  1.016247
0.092891 0.292252 -0.866301 -0.879489  1.016253
0.092891 0.362259 -0.866301 -0.879489  1.020360
0.092891 0.362259 -0.866301 -0.879489  1.020360
0.092891 0.362259 -0.866301 -0.879489  1.020360
0.183687 0.362259 -0.866301 -0.879489  1.020562
0.183687 0.459858 -0.866301 -0.879489  1.034888
0.183687 0.459858 -0.962047 -0.879489  1.371078
0.183687 0.459858 -0.962047 -0.968523  1.697095
0.183687 0.459858 -0.962047 -0.968523  1.697095
0.183687 0.459858 -0.962047 -0.968523  1.697095
0.183687 0.459858 -1.030264 -0.968523  2.033750
0.183687 0.459858 -1.030264 -1.029682  2.339019
0.183687 0.459858 -1.030264 -1.029682  2.339019
0.183687 0.459858 -1.030264 -1.029682  2.339019
0.183687 0.459858 -1.071263 -1.029682  2.589110
0.183687 0.459858 -1.071263 -1.063510  2.792151
0.183687 0.459858 -1.071263 -1.063510  2.792151
0.183687 0.459858 -1.071263 -1.063510  2.792151
0.183687 0.459858 -1.084889 -1.063510  2.884189
0.183687 0.459858 -1.084889 -1.070258  2.927905
0.183822 0.459858 -1.084889 -1.070258  2.927906
0.183822 0.467149 -1.084889 -1.070258  2.929588
0.183822 0.467149 -1.084889 -1.070258  2.929588
0.183822 0.467149 -1.084889 -1.070258  2.929588
0.212035 0.467149 -1.084889 -1.070258  2.929807
0.212035 0.502369 -1.084889 -1.070258  2.939557
0.212035 0.502369 -1.084889 -1.070258  2.939557
0.212035 0.502369 -1.084889 -1.070258  2.939557
0.267296 0.502369 -1.084889 -1.070258  2.940493
0.267296 0.564507 -1.084889 -1.070258  2.965821
0.267296 0.564507 -1.084889 -1.070258  2.965821
0.267296 0.564507 -1.084889 -1.070258  2.965821
0.349625 0.564507 -1.084889 -1.070258  2.969681
0.349625 0.653780 -1.084889 -1.070258  3.031798
0.349625 0.653780 -1.084889 -1.070258  3.031798
0.349625 0.653780 -1.084889 -1.166726  3.789502
0.349625 0.653780 -1.084889 -1.166726  3.789502
0.349625 0.653780 -1.084889 -1.166726  3.789502
0.349625 0.653780 -1.160421 -1.166726  4.390764
0.349625 0.653780 -1.160421 -1.235209  5.104245
0.349625 0.653780 -1.160421 -1.235209  5.104245
0.349625 0.653780 -1.160421 -1.235209  5.104245
0.349625 0.653780 -1.208123 -1.235209  5.573779
0.349625 0.653780 -1.208123 -1.275797  6.078286
0.349625 0.653780 -1.208123 -1.275797  6.078286
0.349625 0.653780 -1.208123 -1.275797  6.078286
0.349625 0.653780 -1.227304 -1.275797  6.289191
0.349625 0.653780 -1.227304 -1.288120  6.455601
0.349625 0.653780 -1.227304 -1.288120  6.455601
0.349625 0.655578 -1.227304 -1.288120  6.457253
0.349625 0.655578 -1.227304 -1.288120  6.457253
0.349625 0.655578 -1.227304 -1.288120  6.457253
0.371824 0.655578 -1.227304 -1.288120  6.459136
0.371824 0.684654 -1.227304 -1.288120  6.488479
0.371824 0.684654 -1.227304 -1.288120  6.488479
0.371824 0.684654 -1.227304 -1.288120  6.488479
0.421542 0.684654 -1.227304 -1.288120  6.494683
0.421542 0.741227 -1.227304 -1.288120  6.567993
0.421542 0.741227 -1.227304 -1.288120  6.567993
0.421542 0.741227 -1.227304 -1.288120  6.567993
0.498653 0.741227 -1.227304 -1.288120  6.585513
0.498653 0.824936 -1.227304 -1.288120  6.743800
0.498653 0.824936 -1.227304 -1.288120  6.743800
0.498653 0.824936 -1.227304 -1.288120  6.743800
0.498653 0.824936 -1.227304 -1.288120  6.743800
0.498653 0.824936 -1.227304 -1.288120  6.743800
0.498653 0.824936 -1.308837 -1.288120  7.800065
0.498653 0.824936 -1.308837 -1.362775  8.953962
0.498653 0.824936 -1.308837 -1.362775  8.953962
0.498653 0.824936 -1.308837 -1.362775  8.953962
0.498653 0.824936 -1.363167 -1.362775  9.820119
0.498653 0.824936 -1.363167 -1.409994  10.692833
0.498653 0.824936 -1.363167 -1.409994  10.692833
0.498653 0.824936 -1.363167 -1.409994  10.692833
0.498653 0.824936 -1.389535 -1.409994  11.166030
0.498653 0.824936 -1.389535 -1.409994  11.166030
0.576286 0.824936 -1.389535 -1.409994  11.198759
0.576286 0.909822 -1.389535 -1.409994  11.440146
0.576286 0.909822 -1.389535 -1.409994  11.440146
0.576286 0.909822 -1.389535 -1.409994  11.440146
0.576286 0.909822 -1.389535 -1.409994  11.440146
0.576286 0.909822 -1.389535 -1.409994  11.440146
0.576286 0.909822 -1.470437 -1.409994  13.134299
0.576286 0.909822 -1.470437 -1.484093  14.760900
0.576286 0.909822 -1.470437 -1.484093  14.760900
0.576286 0.909822 -1.470437 -1.484093  14.760900
0.576286 0.909822 -1.523562 -1.484093  16.095739
0.576286 0.909822 -1.523562 -1.530375  17.290566
0.576286 0.909822 -1.523562 -1.530375  17.290566
0.576286 0.909822 -1.523562 -1.530375  17.290566
0.576286 0.909822 -1.549343 -1.530375  18.009040
0.576286 0.909822 -1.549343 -1.549012  18.532786
0.576286 0.909822 -1.549343 -1.549012  18.532786
0.576286 0.909822 -1.549343 -1.549012  18.532786
0.576286 0.909822 -1.549343 -1.549012  18.532786
0.576286 0.909822 -1.549343 -1.549012  18.532786
0.590902 0.909822 -1.549343 -1.549012  18.541266
0.590902 0.932010 -1.549343 -1.549012  18.621083
0.590902 0.932010 -1.549343 -1.549012  18.621083
0.590902 0.932010 -1.549343 -1.549012  18.621083
0.634250 0.932010 -1.549343 -1.549012  18.651679
0.634250 0.982396 -1.549343 -1.549012  18.863468
0.634250 0.982396 -1.549343 -1.549012  18.863468
0.634250 0.982396 -1.549343 -1.549012  18.863468
0.705815 0.982396 -1.549343 -1.549012  18.935999
0.705815 1.060995 -1.549343 -1.549012  19.365493
0.705815 1.060995 -1.549343 -1.549012  19.365493
0.705815 1.060995 -1.549343 -1.549012  19.365493
0.805195 1.060995 -1.549343 -1.549012  19.528783
0.805195 1.060995 -1.549343 -1.549012  19.528783
0.805195 1.060995 -1.635820 -1.549012  22.314357
0.805195 1.060995 -1.635820 -1.628240  24.840589
0.805195 1.060995 -1.635820 -1.628240  24.840589
0.805195 1.060995 -1.635820 -1.628240  24.840589
0.805195 1.060995 -1.694372 -1.628240  27.092427
0.805195 1.060995 -1.694372 -1.679976  29.029908
0.805195 1.060995 -1.694372 -1.679976  29.029908
0.805195 1.060995 -1.694372 -1.679976  29.029908
0.805195 1.060995 -1.725580 -1.679976  30.364263
0.805195 1.060995 -1.725580 -1.704230  31.358525
0.805195 1.060995 -1.725580 -1.704230  31.358525
0.805195 1.060995 -1.725580 -1.704230  31.358525
0.805195 1.060995 -1.728712 -1.704230  31.497872
0.805195 1.060995 -1.728712 -1.704230  31.497872
0.816003 1.060995 -1.728712 -1.704230  31.521206
0.816003 1.078663 -1.728712 -1.704230  31.636940
0.816003 1.078663 -1.728712 -1.704230  31.636940
0.816003 1.078663 -1.728712 -1.704230  31.636940
0.816003 1.078663 -1.728712 -1.704230  31.636940
0.816003 1.078663 -1.728712 -1.704230  31.636940
0.816003 1.078663 -1.745544 -1.704230  32.403348
0.816003 1.078663 -1.745544 -1.710523  32.670751
0.819225 1.078663 -1.745544 -1.710523  32.677950
0.819225 1.093463 -1.745544 -1.710523  32.780918
0.819225 1.093463 -1.745544 -1.710523  32.780918
0.819225 1.093463 -1.745544 -1.710523  32.780918
0.865644 1.093463 -1.745544 -1.710523  32.897994
0.865644 1.152627 -1.745544 -1.710523  33.369203
0.865644 1.152627 -1.745544 -1.710523  33.369203
0.865644 1.152627 -1.745544 -1.710523  33.369203
0.959448 1.152627 -1.745544 -1.710523  33.696169
0.959448 1.152627 -1.745544 -1.710523  33.696169
0.959448 1.152627 -1.828679 -1.710523  37.940672
0.959448 1.152627 -1.828679 -1.781458  41.239460
0.959448 1.152627 -1.828679 -1.781458  41.239460
0.959448 1.152627 -1.828679 -1.781458  41.239460
0.959448 1.152627 -1.863294 -1.781458  43.249627
0.959448 1.152627 -1.863294 -1.805577  44.497552
0.959448 1.152627 -1.863294 -1.805577  44.497552
0.959448 1.152627 -1.863294 -1.805577  44.497552
0.959448 1.152627 -1.863294 -1.805577  44.497552
0.959448 1.152627 -1.863294 -1.805577  44.497552
0.988165 1.152627 -1.863294 -1.805577  44.626730
0.988165 1.195516 -1.863294 -1.805577  45.034469
0.988165 1.195516 -1.863294 -1.805577  45.034469
0.988165 1.195516 -1.863294 -1.805577  45.034469
1.064243 1.195516 -1.863294 -1.805577  45.457481
1.064243 1.283977 -1.863294 -1.805577  46.505001
1.064243 1.283977 -1.863294 -1.805577  46.505001
1.064243 1.283977 -1.863294 -1.902450  52.235842
1.064243 1.283977 -1.863294 -1.902450  52.235842
1.064243 1.283977 -1.863294 -1.902450  52.235842
1.064243 1.283977 -1.939160 -1.902450  57.196023
1.064243 1.283977 -1.939160 -1.971002  62.021387
1.064243 1.283977 -1.939160 -1.971002  62.021387
1.064243 1.283977 -1.939160 -1.971002  62.021387
1.064243 1.283977 -1.986666 -1.971002  65.548759
1.064243 1.283977 -1.986666 -2.011563  68.738094
1.064243 1.283977 -1.986666 -2.011563  68.738094
1.064243 1.283977 -1.986666 -2.011563  68.738094
1.064243 1.283977 -2.001234 -2.011563  69.889535
1.064243 1.283977 -2.001234 -2.013386  70.039100
1.075156 1.283977 -2.001234 -2.013386  70.110547
1.075156 1.306212 -2.001234 -2.013386  70.423349
1.075156 1.306212 -2.001234 -2.013386  70.423349
1.075156 1.306212 -2.001234 -2.013386  70.423349
1.131067 1.306212 -2.001234 -2.013386  70.837832
1.131067 1.374024 -2.001234 -2.013386  71.932813
1.131067 1.374024 -2.001234 -2.013386  71.932813
1.131067 1.374024 -2.001234 -2.013386  71.932813
1.230792 1.374024 -2.001234 -2.013386  72.906045
1.230792 1.374024 -2.001234 -2.013386  72.906045
1.230792 1.374024 -2.081009 -2.013386  79.834578
1.230792 1.374024 -2.081009 -2.082260  85.894130
1.230792 1.374024 -2.081009 -2.082260  85.894130
1.230792 1.374024 -2.081009 -2.082260  85.894130
1.230792 1.374024 -2.116832 -2.082260  89.370946
1.230792 1.374024 -2.116832 -2.107189  91.770948
1.230792 1.374024 -2.116832 -2.107189  91.770948
1.230792 1.374024 -2.116832 -2.107189  91.770948
1.230792 1.374024 -2.116832 -2.107189  91.770948
1.230792 1.374024 -2.116832 -2.107189  91.770948
1.262736 1.374024 -2.116832 -2.107189  92.156991
1.262736 1.417086 -2.116832 -2.107189  92.974059
1.262736 1.417086 -2.116832 -2.107189  92.974059
1.262736 1.417086 -2.116832 -2.107189  92.974059
1.340998 1.417086 -2.116832 -2.107189  94.100141
1.340998 1.507329 -2.116832 -2.107189  96.166677
1.340998 1.507329 -2.215481 -2.107189  107.037728
1.340998 1.507329 -2.215481 -2.194582  116.397692
1.340998 1.507329 -2.215481 -2.194582  116.397692
1.340998 1.507329 -2.215481 -2.194582  116.397692
1.340998 1.507329 -2.273865 -2.194582  123.811155
1.340998 1.507329 -2.273865 -2.242848  129.660654
1.340998 1.507329 -2.273865 -2.242848  129.660654
1.340998 1.507329 -2.273865 -2.242848  129.660654
1.340998 1.507329 -2.290877 -2.242848  131.968902
1.340998 1.507329 -2.290877 -2.248253  132.656128
1.347531 1.507329 -2.290877 -2.248253  132.762791
1.347531 1.525340 -2.290877 -2.248253  133.238913
1.347531 1.525340 -2.290877 -2.248253  133.238913
1.347531 1.525340 -2.290877 -2.248253  133.238913
1.397185 1.525340 -2.290877 -2.248253  134.120130
1.397185 1.584618 -2.290877 -2.248253  135.854236
1.397185 1.584618 -2.290877 -2.248253  135.854236
1.397185 1.584618 -2.290877 -2.248253  135.854236
1.487470 1.584618 -2.290877 -2.248253  137.811675
1.487470 1.584618 -2.290877 -2.248253  137.811675
1.487470 1.584618 -2.379765 -2.248253  151.040284
1.487470 1.584618 -2.379765 -2.325283  161.578385
1.487470 1.584618 -2.379765 -2.325283  161.578385
1.487470 1.584618 -2.379765 -2.325283  161.578385
1.487470 1.584618 -2.424365 -2.325283  169.003802
1.487470 1.584618 -2.424365 -2.357275  173.810688
1.487470 1.584618 -2.424365 -2.357275  173.810688
1.487470 1.584618 -2.424365 -2.357275  173.810688
1.487470 1.584618 -2.425962 -2.357275  174.086978
1.487470 1.584618 -2.425962 -2.357275  174.086978
1.507529 1.584618 -2.425962 -2.357275  174.591407
1.507529 1.615867 -2.425962 -2.357275  175.616217
1.507529 1.615867 -2.425962 -2.357275  175.616217
1.507529 1.615867 -2.425962 -2.357275  175.616217
1.569776 1.615867 -2.425962 -2.357275  177.362061
1.569776 1.688901 -2.425962 -2.357275  180.087010
1.569776 1.688901 -2.425962 -2.357275  180.087010
1.569776 1.688901 -2.425962 -2.357275  180.087010
1.569776 1.688901 -2.425962 -2.357275  180.087010
1.569776 1.688901 -2.425962 -2.357275  180.087010
1.569776 1.688901 -2.494759 -2.357275  192.696607
1.569776 1.688901 -2.494759 -2.415413  202.126253
1.569776 1.688901 -2.494759 -2.415413  202.126253
1.569776 1.688901 -2.494759 -2.415413  202.126253
1.569776 1.688901 -2.569959 -2.415413  217.595962
1.569776 1.688901 -2.569959 -2.478912  228.986119
1.569776 1.688901 -2.569959 -2.478912  228.986119
1.569776 1.688901 -2.569959 -2.478912  228.986119
1.569776 1.688901 -2.597802 -2.478912  235.191952
1.569776 1.688901 -2.597802 -2.495162  238.300629
1.569776 1.688901 -2.597802 -2.495162  238.300629
1.569776 1.694293 -2.597802 -2.495162  238.521405
1.569776 1.694293 -2.597802 -2.495162  238.521405
1.569776 1.694293 -2.597802 -2.495162  238.521405
1.607897 1.694293 -2.597802 -2.495162  239.736399
1.607897 1.742992 -2.597802 -2.495162  241.861631
1.607897 1.742992 -2.597802 -2.495162  241.861631
1.607897 1.742992 -2.597802 -2.495162  241.861631
1.690490 1.742992 -2.597802 -2.495162  244.920397
1.690490 1.837647 -2.597802 -2.495162  249.789449
1.690490 1.837647 -2.690188 -2.495162  272.377685
1.690490 1.837647 -2.690188 -2.575514  288.986082
1.690490 1.837647 -2.690188 -2.575514  288.986082
1.690490 1.837647 -2.690188 -2.575514  288.986082
1.690490 1.837647 -2.732903 -2.575514  300.533116
1.690490 1.837647 -2.732903 -2.606067  307.416134
1.690490 1.837647 -2.732903 -2.606067  307.416134
1.690490 1.837647 -2.732903 -2.606067  307.416134
1.690490 1.837647 -2.732903 -2.606067  307.416134
1.690490 1.837647 -2.732903 -2.606067  307.416134
1.719105 1.837647 -2.732903 -2.606067  308.624813
1.719105 1.877413 -2.732903 -2.606067  310.992484
1.719105 1.877413 -2.732903 -2.606067  310.992484
1.719105 1.877413 -2.732903 -2.606067  310.992484
1.793587 1.877413 -2.732903 -2.606067  314.539404
1.793587 1.962616 -2.732903 -2.606067  320.334590
1.793587 1.962616 -2.732903 -2.606067  320.334590
1.793587 1.962616 -2.732903 -2.696632  342.724604
1.793587 1.962616 -2.732903 -2.696632  342.724604
1.793587 1.962616 -2.732903 -2.696632  342.724604
1.793587 1.962616 -2.786437 -2.696632  358.252493
1.793587 1.962616 -2.786437 -2.737792  369.472197
1.793587 1.962616 -2.786437 -2.737792  369.472197
1.793587 1.962616 -2.786437 -2.737792  369.472197
1.793587 1.962616 -2.789987 -2.737792  370.545082
1.793587 1.962616 -2.789987 -2.737792  370.545082
1.815433 1.962616 -2.789987 -2.737792  371.703364
1.815433 1.997353 -2.789987 -2.737792  374.373207
1.815433 1.997353 -2.789987 -2.737792  374.373207
1.815433 1.997353 -2.789987 -2.737792  374.373207
1.883815 1.997353 -2.789987 -2.737792  378.377637
1.883815 2.076398 -2.789987 -2.737792  385.185737
1.883815 2.076398 -2.789987 -2.737792  385.185737
1.883815 2.076398 -2.789987 -2.837682  415.369853
1.883815 2.076398 -2.789987 -2.837682  415.369853
1.883815 2.076398 -2.789987 -2.837682  415.369853
1.883815 2.076398 -2.856969 -2.837682  436.660414
1.883815 2.076398 -2.856969 -2.894831  455.950022
1.883815 2.076398 -2.856969 -2.894831  455.950022
1.883815 2.076398 -2.856969 -2.894831  455.950022
1.883815 2.076398 -2.882705 -2.894831  464.678643
1.883815 2.076398 -2.882705 -2.910016  470.066849
1.883815 2.076398 -2.882705 -2.910016  470.066849
1.883815 2.080825 -2.882705 -2.910016  470.480109
1.883815 2.080825 -2.882705 -2.910016  470.480109
1.883815 2.080825 -2.882705 -2.910016  470.480109
1.919809 2.080825 -2.882705 -2.910016  472.834905
1.919809 2.128127 -2.882705 -2.910016  477.475083
1.919809 2.128127 -2.882705 -2.910016  477.475083
1.919809 2.128127 -2.882705 -2.910016  477.475083
1.999954 2.128127 -2.882705 -2.910016  483.392417
1.999954 2.220315 -2.882705 -2.910016  493.702166
1.999954 2.220315 -2.979803 -2.910016  529.563953
1.999954 2.220315 -2.979803 -2.995977  562.260914
1.999954 2.220315 -2.979803 -2.995977  562.260914
1.999954 2.220315 -2.979803 -2.995977  562.260914
1.999954 2.220315 -3.030080 -2.995977  582.760657
1.999954 2.220315 -3.030080 -3.035083  598.930512
1.999954 2.220315 -3.030080 -3.035083  598.930512
1.999954 2.220315 -3.030080 -3.035083  598.930512
1.999954 2.220315 -3.035804 -3.035083  601.352054
1.999954 2.220315 -3.035804 -3.035083  601.352054
2.018597 2.220315 -3.035804 -3.035083  602.871425
2.018597 2.249696 -3.035804 -3.035083  606.537373
2.018597 2.249696 -3.035804 -3.035083  606.537373
2.018597 2.249696 -3.035804 -3.035083  606.537373
2.037766 2.249696 -3.035804 -3.035083  608.159222
2.037766 2.279527 -3.035804 -3.035083  612.082561
2.037766 2.279527 -3.035804 -3.035083  612.082561
2.037766 2.279527 -3.035804 -3.035083  612.082561
2.099125 2.279527 -3.035804 -3.035083  617.701008
2.099125 2.351446 -3.035804 -3.035083  628.042635
2.099125 2.351446 -3.035804 -3.035083  628.042635
2.099125 2.351446 -3.035804 -3.035083  628.042635
2.099125 2.351446 -3.035804 -3.035083  628.042635
2.099125 2.351446 -3.035804 -3.035083  628.042635
2.099125 2.351446 -3.105757 -3.035083  659.151720
2.099125 2.351446 -3.105757 -3.093050  684.703355
2.099125 2.351446 -3.105757 -3.093050  684.703355
2.099125 2.351446 -3.105757 -3.093050  684.703355
2.099125 2.351446 -3.128402 -3.093050  695.392407
2.099125 2.351446 -3.128402 -3.103423  700.171355
2.099461 2.351446 -3.128402 -3.103423  700.204049
2.099461 2.363531 -3.128402 -3.103423  702.070613
2.099461 2.363531 -3.128402 -3.103423  702.070613
2.099461 2.363531 -3.128402 -3.103423  702.070613
2.148525 2.363531 -3.128402 -3.103423  707.064724
2.148525 2.423519 -3.128402 -3.103423  716.912097
2.148525 2.423519 -3.128402 -3.103423  716.912097
2.148525 2.423519 -3.128402 -3.103423  716.912097
2.243243 2.423519 -3.128402 -3.103423  727.933679
2.243243 2.423519 -3.128402 -3.103423  727.933679
2.243243 2.423519 -3.212529 -3.103423  770.449651
2.243243 2.423519 -3.212529 -3.176180  805.814448
2.243243 2.423519 -3.212529 -3.176180  805.814448
2.243243 2.423519 -3.212529 -3.176180  805.814448
2.243243 2.423519 -3.251130 -3.176180  826.871489
2.243243 2.423519 -3.251130 -3.202633  840.558343
2.243243 2.423519 -3.251130 -3.202633  840.558343
2.243243 2.423519 -3.251130 -3.202633  840.558343
2.243243 2.423519 -3.251130 -3.202633  840.558343
2.243243 2.423519 -3.251130 -3.202633  840.558343
2.273044 2.423519 -3.251130 -3.202633  844.433120
2.273044 2.465111 -3.251130 -3.202633  851.857749
2.273044 2.465111 -3.251130 -3.202633  851.857749
2.273044 2.465111 -3.251130 -3.202633  851.857749
2.347584 2.465111 -3.251130 -3.202633  862.481264
2.347584 2.550570 -3.251130 -3.202633  879.392695
2.347584 2.550570 -3.251130 -3.202633  879.392695
2.347584 2.550570 -3.251130 -3.295489  931.151800
2.347584 2.550570 -3.251130 -3.295489  931.151800
2.347584 2.550570 -3.251130 -3.295489  931.151800
2.347584 2.550570 -3.309043 -3.295489  964.675388
2.347584 2.550570 -3.309043 -3.342069  992.932235
2.347584 2.550570 -3.309043 -3.342069  992.932235
2.347584 2.550570 -3.309043 -3.342069  992.932235
2.347584 2.550570 -3.319479 -3.342069  999.228110
2.347584 2.550570 -3.319479 -3.342069  999.228110
2.361286 2.550570 -3.319479 -3.342069  1001.333383
2.361286 2.577416 -3.319479 -3.342069  1007.134810
2.361286 2.577416 -3.319479 -3.342069  1007.134810
2.361286 2.577416 -3.319479 -3.342069  1007.134810
2.427415 2.577416 -3.319479 -3.342069  1018.006084
2.427415 2.655156 -3.319479 -3.342069  1036.226153
2.427415 2.655156 -3.319479 -3.342069  1036.226153
2.427415 2.655156 -3.319479 -3.441517  1102.063665
2.427415 2.655156 -3.319479 -3.441517  1102.063665
2.427415 2.655156 -3.319479 -3.441517  1102.063665
2.427415 2.655156 -3.384136 -3.441517  1142.875444
2.427415 2.655156 -3.384136 -3.495489  1181.937381
2.427415 2.655156 -3.384136 -3.495489  1181.937381
2.427415 2.655156 -3.384136 -3.495489  1181.937381
2.427415 2.655156 -3.407176 -3.495489  1197.253754
2.427415 2.655156 -3.407176 -3.508293  1206.882047
2.427415 2.655156 -3.407176 -3.508293  1206.882047
2.427415 2.664936 -3.407176 -3.508293  1209.330163
2.427415 2.664936 -3.407176 -3.508293  1209.330163
2.427415 2.664936 -3.407176 -3.508293  1209.330163
2.467902 2.664936 -3.407176 -3.508293  1216.596998
2.467902 2.716232 -3.407176 -3.508293  1230.040821
2.467902 2.716232 -3.407176 -3.508293  1230.040821
2.467902 2.716232 -3.407176 -3.508293  1230.040821
2.555053 2.716232 -3.407176 -3.508293  1247.387610
2.555053 2.815349 -3.407176 -3.508293  1276.406114
2.555053 2.815349 -3.495380 -3.508293  1338.998359
2.555053 2.815349 -3.495380 -3.583410  1398.384771
2.644474 2.815349 -3.495380 -3.583410  1418.821181
2.644474 2.815349 -3.495380 -3.583410  1418.821181
2.644474 2.815349 -3.575032 -3.583410  1481.041806
2.644474 2.815349 -3.575032 -3.649549  1537.619115
2.644474 2.815349 -3.575032 -3.649549  1537.619115
2.644474 2.815349 -3.575032 -3.649549  1537.619115
2.644474 2.815349 -3.601670 -3.649549  1559.701918
2.644474 2.815349 -3.601670 -3.663246  1571.943082
2.644474 2.815349 -3.601670 -3.663246  1571.943082
2.644474 2.827047 -3.601670 -3.663246  1575.648247
2.644474 2.827047 -3.601670 -3.663246  1575.648247
2.644474 2.827047 -3.601670 -3.663246  1575.648247
2.694213 2.827047 -3.601670 -3.663246  1588.276876
2.694213 2.889593 -3.601670 -3.663246  1609.156085
2.694213 2.889593 -3.601670 -3.663246  1609.156085
2.694213 2.889593 -3.601670 -3.663246  1609.156085
2.694213 2.889593 -3.601670 -3.663246  1609.156085
2.694213 2.889593 -3.601670 -3.663246  1609.156085
2.694213 2.889593 -3.675312 -3.663246  1673.702923
2.694213 2.889593 -3.675312 -3.724404  1730.639334
2.694213 2.889593 -3.675312 -3.724404  1730.639334
2.694213 2.889593 -3.675312 -3.724404  1730.639334
2.694213 2.889593 -3.698734 -3.724404  1752.280918
2.694213 2.889593 -3.698734 -3.734910  1762.445395
2.696647 2.889593 -3.698734 -3.734910  1763.087821
2.696647 2.904815 -3.698734 -3.734910  1768.450423
2.696647 2.904815 -3.698734 -3.734910  1768.450423
2.696647 2.904815 -3.698734 -3.734910  1768.450423
2.750384 2.904815 -3.698734 -3.734910  1783.236457
2.750384 2.971197 -3.698734 -3.734910  1807.973095
2.750384 2.971197 -3.698734 -3.734910  1807.973095
2.750384 2.971197 -3.698734 -3.734910  1807.973095
2.750384 2.971197 -3.698734 -3.734910  1807.973095
2.750384 2.971197 -3.698734 -3.734910  1807.973095
2.750384 2.971197 -3.768445 -3.734910  1875.714508
2.750384 2.971197 -3.768445 -3.792090  1933.077138
2.750384 2.971197 -3.768445 -3.792090  1933.077138
2.750384 2.971197 -3.768445 -3.792090  1933.077138
2.750384 2.971197 -3.787053 -3.792090  1952.027178
2.750384 2.971197 -3.787053 -3.797982  1958.137799
2.757271 2.971197 -3.787053 -3.797982  1960.118196
2.757271 2.991043 -3.787053 -3.797982  1967.955551
2.757271 2.991043 -3.787053 -3.797982  1967.955551
2.757271 2.991043 -3.787053 -3.797982  1967.955551
2.815841 2.991043 -3.787053 -3.797982  1985.616206
2.815841 3.062187 -3.787053 -3.797982  2015.474239
2.815841 3.062187 -3.787053 -3.797982  2015.474239
2.815841 3.062187 -3.787053 -3.797982  2015.474239
2.815841 3.062187 -3.787053 -3.797982  2015.474239
2.815841 3.062187 -3.787053 -3.797982  2015.474239
2.815841 3.062187 -3.853051 -3.797982  2085.756680
2.815841 3.062187 -3.853051 -3.851022  2142.499697
2.815841 3.062187 -3.853051 -3.851022  2142.499697
2.815841 3.062187 -3.853051 -3.851022  2142.499697
2.815841 3.062187 -3.871366 -3.851022  2162.874982
2.815841 3.062187 -3.871366 -3.857468  2169.987647
2.820370 3.062187 -3.871366 -3.857468  2171.416044
2.820370 3.077043 -3.871366 -3.857468  2178.010837
2.820370 3.077043 -3.871366 -3.857468  2178.010837
2.820370 3.077043 -3.871366 -3.857468  2178.010837
2.869116 3.077043 -3.871366 -3.857468  2193.974735
2.869116 3.137187 -3.871366 -3.857468  2222.007798
2.869116 3.137187 -3.871366 -3.857468  2222.007798
