0.657684 0.657845 0.657944  0.284352
0.632359 0.632567 0.632658  0.252757
0.637642 0.637728 0.637793  0.259176
0.010244 0.010305 0.010392  0.000001
0.584660 0.584726 0.584812  0.199765
0.919626 0.919682 0.919773  0.777508
0.926712 0.926778 0.926864  0.795634
0.033472 0.033548 0.033619  0.000037
0.072886 0.112387 0.112453  0.000385
0.157395 0.157481 0.202640  -0.000516
0.253956 0.254042 0.254108  0.016366
0.056880 0.056937 0.057027  0.000183
0.062894 0.062975 0.063041  0.000248
0.068246 0.068311 0.068372  0.000317
0.073353 0.073430 0.073500  0.000394
0.078864 0.078955 0.079016  0.000489
0.083679 0.083765 0.083826  0.000585
0.088447 0.088513 0.088599  0.000690
0.093807 0.093868 0.093954  0.000823
0.098815 0.098886 0.098972  0.000962
0.002724 0.002839 0.002934  0.000000
-0.082731 -0.082665 -0.082579  -0.000568
-0.162083 -0.161992 -0.161926  -0.004263
-0.073428 -0.073341 -0.073280  -0.000397
0.499613 0.499694 0.499764  0.124657
0.834071 0.834162 0.834223  0.580114
0.841276 0.841332 0.841423  0.595216
-0.051490 -0.051414 -0.051343  -0.000137
-0.096591 -0.141606 -0.141545  -0.000905
-0.180740 -0.180654 -0.219636  -0.001205
-0.252684 -0.252607 -0.252537  -0.016147
-0.027261 -0.027185 -0.027114  -0.000020
-0.021379 -0.021318 -0.021232  -0.000010
-0.015711 -0.015650 -0.015564  -0.000004
-0.010195 -0.010114 -0.010048  -0.000001
-0.004878 -0.004801 -0.004731  -0.000000
0.000942 0.001023 0.001094  0.000000
0.008422 0.008513 0.008583  0.000001
0.014286 0.014347 0.014417  0.000003
0.019697 0.019778 0.019844  0.000008
0.044954 0.045024 0.045105  0.000090
0.076381 0.076451 0.076542  0.000444
0.113078 0.113134 0.113225  0.001442
0.041772 0.041858 0.041919  0.000073
0.614709 0.614775 0.614840  0.232204
0.949181 0.949237 0.949333  0.854902
0.956275 0.956361 0.956427  0.874297
0.063174 0.063230 0.063321  0.000251
0.132111 0.201105 0.201200  0.002294
0.275406 0.275462 0.349911  -0.001051
0.429866 0.429948 0.430018  0.079394
0.085387 0.085448 0.085539  0.000621
0.091155 0.091216 0.091302  0.000755
0.096082 0.096168 0.096234  0.000885
-0.098629 -0.098568 -0.098477  -0.000962
-0.092638 -0.092557 -0.092482  -0.000797
-0.087141 -0.087060 -0.086994  -0.000663
-0.081497 -0.081415 -0.081345  -0.000543
-0.075776 -0.075719 -0.075629  -0.000437
-0.070440 -0.070379 -0.070288  -0.000351
-0.135306 -0.135235 -0.135149  -0.002482
-0.194543 -0.194461 -0.194391  -0.007371
-0.248073 -0.247991 -0.247925  -0.015279
-0.048047 -0.047966 -0.047900  -0.000111
0.524610 0.524680 0.524771  0.144306
0.859414 0.859475 0.859561  0.634566
0.866480 0.866561 0.866631  0.650383
-0.016115 -0.016006 -0.015935  -0.000004
-0.024911 -0.033646 -0.033556  -0.000016
-0.036789 -0.036728 -0.039718  -0.000037
-0.037125 -0.037060 -0.036974  -0.000052
0.008099 0.008165 0.008251  0.000001
0.013720 0.013786 0.013872  0.000003
0.019341 0.019402 0.019493  0.000007
0.024516 0.024577 0.024663  0.000015
0.029516 0.029577 0.029667  0.000025
0.034600 0.034686 0.034751  0.000041
0.040164 0.040225 0.040316  0.000064
0.045405 0.045491 0.045556  0.000093
0.050589 0.050675 0.050736  0.000129
0.106163 0.106240 0.106315  0.001194
0.167344 0.167430 0.167491  0.004681
0.233742 0.233824 0.233889  0.012760
0.071881 0.071967 0.072033  0.000370
0.645059 0.645141 0.645206  0.268328
0.979134 0.979190 0.979281  0.938438
0.986456 0.986517 0.986603  0.959665
0.093283 0.093344 0.093435  0.000809
0.192101 0.291010 0.291081  0.007071
0.195416 0.195473 0.100026  0.013931
0.009616 0.009702 0.009763  0.000001
-0.084637 -0.084581 -0.084490  -0.000608
-0.078603 -0.078542 -0.078476  -0.000487
-0.073311 -0.073229 -0.073164  -0.000395
-0.068003 -0.067917 -0.067851  -0.000315
-0.062780 -0.062723 -0.062632  -0.000249
-0.057292 -0.057231 -0.057145  -0.000189
-0.052217 -0.052136 -0.052070  -0.000143
-0.047052 -0.046966 -0.046900  -0.000105
-0.041711 -0.041630 -0.041564  -0.000073
-0.077839 -0.077768 -0.077682  -0.000473
-0.108427 -0.108366 -0.108275  -0.001278
-0.132938 -0.132862 -0.132791  -0.002353
-0.018772 -0.018711 -0.018625  -0.000007
0.553703 0.553794 0.553860  0.169698
0.888332 0.888413 0.888479  0.700857
0.895575 0.895640 0.895727  0.718092
0.067986 0.068157 0.068223  0.000313
0.142281 0.216652 0.216722  0.002870
0.296263 0.296349 0.376113  -0.001175
0.461635 0.461696 0.461782  0.098322
0.090720 0.090806 0.090867  0.000745
0.096858 0.096939 0.097005  0.000907
-0.097996 -0.097914 -0.097848  -0.000943
-0.092384 -0.092328 -0.092237  -0.000791
-0.086873 -0.086791 -0.086721  -0.000657
-0.081565 -0.081484 -0.081413  -0.000544
-0.076470 -0.076404 -0.076318  -0.000449
-0.071096 -0.071035 -0.070949  -0.000361
-0.065618 -0.065532 -0.065466  -0.000283
-0.125890 -0.125800 -0.125734  -0.001998
-0.180091 -0.180005 -0.179944  -0.005847
-0.228372 -0.228311 -0.228220  -0.011925
-0.042494 -0.042433 -0.042342  -0.000077
0.531144 0.531205 0.531296  0.149766
0.865526 0.865602 0.865673  0.648237
0.872507 0.872583 0.872654  0.664051
-0.020092 -0.020031 -0.019940  -0.000008
-0.034312 -0.048447 -0.048381  -0.000041
-0.057103 -0.057042 -0.065551  -0.000090
-0.068530 -0.068444 -0.068378  -0.000323
0.002761 0.002827 0.002913  0.000000
0.009971 0.010032 0.010123  0.000001
0.016706 0.016762 0.016853  0.000005
0.022080 0.022166 0.022227  0.000011
0.027359 0.027420 0.027507  0.000020
0.032709 0.032796 0.032857  0.000035
0.038041 0.038122 0.038193  0.000055
0.043197 0.043283 0.043344  0.000080
0.048021 0.048107 0.048173  0.000110
