-0.623028 -0.622871 -0.622747  -0.241980
-0.534567 -0.534354 -0.534263  -0.152836
-0.439840 -0.439702 -0.439646  -0.085124
-0.099386 -0.099330 -0.099239  -0.000984
-0.691014 -0.690928 -0.690862  -0.330054
-0.341158 -0.341102 -0.341011  -0.039739
-0.333721 -0.333656 -0.333570  -0.037195
-0.074774 -0.074717 -0.074627  -0.000420
-0.143254 -0.211657 -0.211586  -0.002949
-0.274198 -0.274142 -0.336536  -0.003103
-0.393295 -0.393229 -0.393148  -0.060873
-0.050958 -0.050867 -0.050806  -0.000133
-0.045143 -0.045062 -0.044996  -0.000092
-0.039499 -0.039422 -0.039352  -0.000062
-0.033883 -0.033806 -0.033735  -0.000039
-0.028376 -0.028299 -0.028229  -0.000023
-0.022844 -0.022783 -0.022697  -0.000012
-0.017737 -0.017655 -0.017590  -0.000006
-0.011822 -0.011736 -0.011665  -0.000002
-0.006462 -0.006385 -0.006315  -0.000000
-0.006458 -0.006355 -0.006264  -0.000000
-0.000536 -0.000475 -0.000384  -0.000000
0.015647 0.015738 0.015799  0.000004
0.021633 0.021689 0.021780  0.000010
-0.570729 -0.570673 -0.570582  -0.185993
-0.220989 -0.220903 -0.220842  -0.010801
-0.213856 -0.213765 -0.213695  -0.009790
0.044804 0.044860 0.044951  0.000089
0.095375 0.146008 0.146099  0.000862
0.202253 0.202309 0.258700  -0.000760
0.321311 0.321372 0.321462  0.033144
0.067946 0.068003 0.068093  0.000312
0.073813 0.073890 0.073960  0.000401
0.079296 0.079382 0.079448  0.000497
0.084452 0.084533 0.084604  0.000601
0.089603 0.089660 0.089751  0.000717
0.094788 0.094874 0.094939  0.000850
0.099948 -0.099961 -0.099900  0.000997
-0.094036 -0.093971 -0.093905  -0.000833
-0.087747 -0.087686 -0.087595  -0.000678
-0.169674 -0.169613 -0.169518  -0.004893
-0.245574 -0.245483 -0.245417  -0.014822
-0.315505 -0.315444 -0.315374  -0.031428
-0.064605 -0.064539 -0.064453  -0.000271
-0.657342 -0.657261 -0.657195  -0.284122
-0.308084 -0.308023 -0.307937  -0.029267
-0.301094 -0.301023 -0.300946  -0.027317
-0.042672 -0.042606 -0.042515  -0.000078
-0.079966 -0.117173 -0.117112  -0.000514
-0.149002 -0.148937 -0.180614  -0.000720
-0.206717 -0.206656 -0.206586  -0.008842
-0.020858 -0.020782 -0.020711  -0.000009
-0.015261 -0.015200 -0.015109  -0.000004
-0.009659 -0.009593 -0.009512  -0.000001
-0.004190 -0.004129 -0.004063  -0.000000
0.002313 0.002399 0.002464  0.000000
0.008445 0.008522 0.008592  0.000001
0.015001 0.015148 0.015281  0.000003
0.023178 0.023282 0.023401  0.000012
0.032338 0.032480 0.032608  0.000033
0.072857 0.072957 0.073104  0.000384
0.120648 0.120753 0.120857  0.001752
0.175905 0.176019 0.176099  0.005436
0.062183 0.062267 0.062386  0.000239
-0.528681 -0.528567 -0.528434  -0.147880
-0.164046 -0.163922 -0.163824  -0.004423
-0.154072 -0.153948 -0.153834  -0.003666
-0.093900 -0.093716 -0.093555  -0.000832
-0.178860 -0.263687 -0.263600  -0.005740
-0.342418 -0.342337 -0.420921  -0.005692
-0.494188 -0.494127 -0.494036  -0.120758
-0.067480 -0.067419 -0.067328  -0.000309
-0.061642 -0.061560 -0.061495  -0.000235
-0.056159 -0.056082 -0.056011  -0.000178
-0.050837 -0.050755 -0.050685  -0.000132
-0.045595 -0.045533 -0.045443  -0.000095
-0.040287 -0.040216 -0.040125  -0.000066
-0.034969 -0.034899 -0.034818  -0.000043
-0.029435 -0.029378 -0.029288  -0.000026
-0.024003 -0.023942 -0.023851  -0.000014
-0.042733 -0.042647 -0.042581  -0.000078
-0.055807 -0.055742 -0.055655  -0.000175
-0.063555 -0.063494 -0.063403  -0.000258
-0.002631 -0.002549 -0.002479  -0.000000
-0.594788 -0.594727 -0.594636  -0.210516
-0.245484 -0.245408 -0.245337  -0.014806
-0.238293 -0.238228 -0.238137  -0.013547
0.020313 0.020379 0.020465  0.000008
0.045920 0.071587 0.071673  0.000096
0.102885 0.102971 0.134426  -0.000248
0.171207 0.171293 0.171359  0.005013
0.042620 0.042706 0.042767  0.000077
0.048231 0.048313 0.048383  0.000112
0.053268 0.053350 0.053420  0.000151
0.058562 0.058643 0.058714  0.000200
0.063727 0.063809 0.063879  0.000258
0.069140 0.069201 0.069292  0.000329
0.074532 0.074614 0.074684  0.000413
0.079504 0.079565 0.079656  0.000501
0.084517 0.084574 0.084669  0.000602
0.174086 0.174172 0.174238  0.005270
0.269277 0.269333 0.269424  0.019505
0.169902 0.169959 0.170049  0.004897
-0.093768 -0.093702 -0.093616  -0.000827
-0.653758 -0.653516 -0.653445  -0.279507
-0.304007 -0.303946 -0.303855  -0.028122
-0.296893 -0.296837 -0.296746  -0.026194
-0.038443 -0.038382 -0.038296  -0.000057
-0.071280 -0.104060 -0.103969  -0.000365
-0.131058 -0.130977 -0.157823  -0.000567
-0.179452 -0.179371 -0.179300  -0.005786
-0.015752 -0.015686 -0.015600  -0.000004
-0.009937 -0.009855 -0.009789  -0.000001
-0.004330 -0.004264 -0.004178  -0.000000
0.002324 0.002415 0.002471  0.000000
0.008405 0.008482 0.008552  0.000001
0.014012 0.014094 0.014164  0.000003
0.019434 0.019495 0.019586  0.000007
0.024647 0.024708 0.024798  0.000015
0.029868 0.029945 0.030016  0.000026
0.065126 0.065196 0.065283  0.000275
0.105748 0.105814 0.105875  0.001180
0.151753 0.151809 0.151900  0.003488
0.051389 0.051455 0.051541  0.000135
-0.541171 -0.541110 -0.541020  -0.158571
-0.191677 -0.191611 -0.191525  -0.007052
-0.184450 -0.184373 -0.184303  -0.006283
0.074133 0.074219 0.074285  0.000406
0.153564 0.233086 0.233152  0.003611
0.317949 0.318010 0.403020  -0.001158
0.494095 0.494181 0.494247  0.120575
0.096270 0.096327 0.096397  0.000890
-0.097886 -0.097821 -0.097735  -0.000940
-0.091564 -0.091483 -0.091417  -0.000769
-0.085853 -0.085792 -0.085705  -0.000635
-0.080598 -0.080517 -0.080446  -0.000525
-0.075281 -0.075195 -0.075134  -0.000428
-0.070001 -0.069915 -0.069845  -0.000344
-0.064892 -0.064831 -0.064745  -0.000274
-0.059666 -0.059589 -0.059518  -0.000213
