47 8 0 0 0
162 118 0 0 0
72 68 0 0 0
72 8 0 0 0
32 183 0 0 0
57 18 0 0 0
52 178 0 0 0
22 163 0 0 0
22 188 0 0 0
122 58 0 0 0
52 8 0 0 0
107 58 0 0 0
117 103 0 0 0
147 98 0 0 0
27 143 0 0 0
2 178 0 0 0
177 113 0 0 0
122 58 0 0 0
177 168 0 0 0
102 38 0 0 0
97 53 0 0 0
177 113 0 0 0
47 3 0 0 0
22 128 0 0 0
122 58 0 0 0
87 38 0 0 0
17 168 0 0 0
2 163 0 0 0
157 88 0 0 0
22 138 0 0 0
102 33 0 0 0
107 38 0 0 0
117 58 0 0 0
187 158 0 0 0
72 8 0 0 0
57 8 0 0 0
112 58 0 0 0
167 128 0 0 0
107 38 0 0 0
7 168 0 0 0
157 113 0 0 0
27 193 0 0 0
27 203 0 0 0
82 53 0 0 0
22 178 0 0 0
142 98 0 0 0
137 83 0 0 0
142 103 0 0 0
147 78 0 0 0
57 18 0 0 0
62 18 0 0 0
132 108 0 0 0
142 93 0 0 0
147 88 0 0 0
77 13 0 0 0
57 3 0 0 0
192 118 0 0 0
57 8 0 0 0
112 78 0 0 0
167 118 0 0 0
57 23 0 0 0
57 8 0 0 0
62 33 0 0 0
2 173 0 0 0
202 128 0 0 0
112 83 0 0 0
107 68 0 0 0
112 63 0 0 0
112 83 0 0 0
132 88 0 0 0
172 103 0 0 0
122 123 0 0 0
2 158 0 0 0
82 28 0 0 0
27 173 0 0 0
102 53 0 0 0
7 203 0 0 0
77 8 0 0 0
2 143 0 0 0
132 108 0 0 0
162 113 0 0 0
22 173 0 0 0
132 88 0 0 0
97 48 0 0 0
92 3 0 0 0
162 123 0 0 0
182 138 0 0 0
67 28 0 0 0
97 83 0 0 0
82 13 0 0 0
92 48 0 0 0
47 163 0 0 0
77 8 0 0 0
172 103 0 0 0
172 168 0 0 0
142 63 0 0 0
12 173 0 0 0
67 28 0 0 0
57 3 0 0 0
162 128 0 0 0
77 13 0 0 0
62 18 0 0 0
7 163 0 0 0
132 88 0 0 0
27 203 0 0 0
72 63 0 0 0
62 23 0 0 0
127 78 0 0 0
172 133 0 0 0
102 33 0 0 0
162 113 0 0 0
117 68 0 0 0
127 83 0 0 0
152 108 0 0 0
67 28 0 0 0
182 118 0 0 0
172 98 0 0 0
182 133 0 0 0
32 3 0 0 0
177 113 0 0 0
32 203 0 0 0
112 83 0 0 0
142 58 0 0 0
142 48 0 0 0
57 23 0 0 0
77 28 0 0 0
72 8 0 0 0
57 23 0 0 0
22 168 0 0 0
62 13 0 0 0
102 33 0 0 0
177 113 0 0 0
162 113 0 0 0
107 98 0 0 0
172 118 0 0 0
87 33 0 0 0
177 148 0 0 0
82 33 0 0 0
172 128 0 0 0
127 63 0 0 0
177 133 0 0 0
2 153 0 0 0
112 88 0 0 0
192 148 0 0 0
107 63 0 0 0
27 193 0 0 0
52 3 0 0 0
152 113 0 0 0
57 18 0 0 0
102 63 0 0 0
112 78 0 0 0
2 158 0 0 0
2 173 0 0 0
82 8 0 0 0
52 8 0 0 0
147 78 0 0 0
107 38 0 0 0
117 68 0 0 0
167 143 0 0 0
97 58 0 0 0
157 163 0 0 0
117 133 0 0 0
217 143 0 0 0
52 18 0 0 0
42 208 0 0 0
12 178 0 0 0
207 168 0 0 0
52 193 0 0 0
102 73 0 0 0
162 158 0 0 0
77 28 0 0 0
202 128 0 0 0
107 33 0 0 0
197 133 0 0 0
142 118 0 0 0
52 188 0 0 0
142 68 0 0 0
92 48 0 0 0
222 148 0 0 0
207 163 0 0 0
77 8 0 0 0
17 168 0 0 0
177 93 0 0 0
177 133 0 0 0
52 8 0 0 0
192 148 0 0 0
162 128 0 0 0
112 68 0 0 0
22 13 0 0 0
72 58 0 0 0
147 118 0 0 0
157 148 0 0 0
112 103 0 0 0
47 183 0 0 0
52 8 0 0 0
47 183 0 0 0
127 63 0 0 0
177 158 0 0 0
202 148 0 0 0
127 118 0 0 0
