2 143 184 180 166
22 13 14 15 16
82 33 59 55 36
12 168 184 175 176
162 123 129 125 131
167 143 114 140 141
212 143 144 120 121
157 113 109 90 91
107 73 59 80 76
142 143 144 145 146
182 113 159 135 156
72 8 9 10 11
2 173 174 200 166
32 8 9 5 6
147 103 104 105 106
107 68 69 75 71
117 78 74 75 71
22 188 164 225 206
102 63 59 55 31
52 13 14 15 16
222 153 124 120 171
107 63 59 85 81
67 33 34 35 51
27 173 189 185 186
117 58 54 35 56
27 193 194 170 171
82 28 29 10 11
82 38 34 35 36
2 138 159 160 156
77 33 29 30 26
167 128 129 130 126
147 113 89 90 91
62 23 19 20 21
67 28 29 55 26
157 88 119 125 126
7 148 144 145 146
72 23 4 25 26
17 188 179 180 186
87 33 34 30 31
52 13 14 15 16
167 138 114 90 116
172 133 129 165 131
12 178 184 180 176
167 128 129 130 126
22 8 9 5 6
72 28 29 60 61
127 118 124 120 121
157 178 154 115 176
107 33 34 50 36
82 33 29 30 26
37 168 199 165 191
122 78 109 80 111
12 183 179 185 181
22 13 14 15 16
17 3 4 5 6
107 78 84 60 61
102 58 64 60 61
117 43 44 65 46
122 93 94 95 96
52 188 209 185 186
57 8 9 10 11
2 178 159 155 151
147 143 149 145 121
172 108 84 125 86
127 78 79 75 81
107 103 99 90 101
47 3 4 5 6
97 73 69 50 71
182 158 139 155 156
182 118 179 160 141
17 153 154 180 176
57 8 9 10 26
157 118 119 115 116
2 178 179 200 181
157 133 134 150 156
57 23 9 10 31
112 53 59 55 76
52 8 9 10 26
57 23 24 25 26
107 103 104 85 81
7 178 169 175 176
172 168 134 135 166
157 93 69 90 91
37 188 184 190 191
117 68 114 90 91
197 158 164 195 166
102 23 44 50 46
72 28 29 30 61
32 178 179 225 221
172 138 139 175 166
182 113 114 115 111
57 28 9 10 11
32 3 4 5 6
132 78 59 60 61
17 153 154 170 156
22 143 194 170 191
27 168 164 170 186
27 228 184 165 206
47 183 189 190 166
137 108 79 125 131
122 83 79 80 101
207 148 194 150 171
122 58 54 55 56
2 158 139 180 161
112 83 79 80 81
17 178 169 150 141
2 163 164 165 161
22 183 159 180 186
152 98 94 95 121
202 148 129 135 131
152 98 94 95 111
72 23 9 10 31
112 73 69 70 66
87 43 59 45 46
187 143 114 110 111
47 18 19 20 21
137 68 89 90 91
52 18 14 15 16
22 13 14 15 11
37 3 4 5 6
112 73 74 70 76
102 53 59 55 61
157 118 119 115 116
92 3 4 5 26
162 123 129 125 126
32 8 9 10 6
132 83 84 100 86
152 103 129 105 131
207 138 134 170 141
52 18 14 15 16
152 58 74 80 76
32 203 194 165 201
17 183 204 205 176
157 83 84 110 106
22 158 159 180 176
52 3 4 5 6
37 163 164 185 181
37 183 189 165 161
152 103 104 125 126
52 8 9 10 6
102 53 74 75 71
127 63 64 65 86
27 148 194 200 176
67 33 34 35 31
152 113 114 115 116
22 8 4 5 6
207 168 174 140 141
27 173 204 185 206
102 48 54 50 31
222 153 114 135 151
77 158 159 155 156
162 123 164 160 161
2 148 159 160 156
122 78 79 105 81
147 93 74 115 121
57 33 29 30 26
202 148 129 155 156
127 123 119 125 126
87 28 34 35 31
142 138 139 130 131
2 163 189 185 156
27 183 189 185 191
42 188 169 195 196
97 53 34 35 36
132 73 84 85 81
52 28 9 10 11
192 148 124 125 151
127 48 54 75 76
122 58 54 75 56
12 158 184 185 211
142 113 114 135 136
47 3 4 5 6
182 113 139 115 116
177 163 139 170 176
197 168 174 170 141
127 113 124 125 126
112 63 59 80 86
7 163 169 160 131
112 73 74 70 71
152 118 154 125 126
107 68 69 65 66
32 3 4 5 6
27 183 159 185 156
117 73 79 80 76
17 138 159 165 176
62 23 24 25 26
162 128 129 130 161
142 103 144 120 111
57 13 14 15 11
12 163 169 160 171
72 13 14 15 16
107 68 69 70 71
12 178 179 180 181
32 3 4 5 6
47 8 9 10 6
182 118 184 160 156
82 28 9 10 11
12 183 204 210 206
157 113 104 130 111
2 93 134 115 136
