17 188 184 185 186
72 63 59 55 66
2 183 159 140 186
107 58 39 40 61
152 98 74 70 66
2 123 154 220 216
107 58 59 60 61
2 143 144 190 166
77 48 34 50 31
132 63 104 85 81
92 28 29 25 26
112 73 69 70 76
162 118 124 120 121
122 113 109 80 111
112 38 39 35 41
112 78 109 75 76
207 158 164 165 161
197 118 119 120 116
2 123 119 170 161
107 63 69 70 71
92 58 39 40 66
92 28 29 60 61
2 173 174 140 181
107 68 64 60 61
87 38 54 60 56
42 8 9 5 6
92 68 84 65 61
52 8 9 10 6
142 138 149 145 121
122 83 114 110 116
62 38 39 35 36
157 108 134 155 156
62 23 24 20 21
72 68 64 65 61
122 78 79 80 106
12 183 174 185 181
112 68 69 75 71
172 128 129 125 126
127 123 124 120 121
127 118 114 120 116
97 53 59 60 56
52 13 9 10 11
22 223 189 220 191
87 53 34 55 51
127 83 64 80 81
117 108 79 110 76
127 103 104 125 101
112 63 59 60 61
107 63 69 70 71
57 13 29 30 11
177 113 109 110 111
2 138 139 165 161
132 83 84 85 81
102 53 34 55 36
132 108 109 105 101
127 58 79 105 81
62 18 19 20 21
62 13 34 30 31
127 103 79 95 81
172 88 104 105 131
57 33 29 10 11
177 133 129 130 136
152 98 84 120 106
162 158 134 160 156
82 33 34 35 51
172 133 149 130 131
7 173 174 170 171
2 143 149 150 191
157 133 129 130 111
57 8 4 5 6
107 58 59 55 81
82 13 34 30 26
2 133 119 185 191
197 123 119 100 101
77 33 34 30 31
147 118 139 140 116
67 28 24 25 26
47 183 189 205 211
112 88 84 65 61
142 113 114 90 111
12 173 194 150 151
12 183 179 180 181
62 208 184 180 161
162 113 134 110 111
27 198 219 200 171
87 38 34 30 56
62 18 19 20 21
137 113 89 85 111
2 143 179 175 141
107 63 89 85 61
27 188 164 190 181
102 68 64 60 61
122 113 109 115 111
17 183 184 185 181
57 33 29 30 26
82 53 59 55 51
62 23 24 20 21
177 178 139 170 171
102 58 74 75 71
72 53 29 30 61
152 103 99 70 71
157 108 109 110 86
2 183 164 190 191
102 63 64 60 66
32 3 4 5 6
77 28 29 25 26
17 193 174 195 176
122 78 59 60 81
157 133 134 135 111
172 108 84 125 101
172 148 129 125 126
87 28 29 30 51
177 163 134 135 136
162 118 144 160 141
27 193 164 170 146
2 158 159 150 151
157 123 124 120 156
167 78 79 105 76
57 3 4 5 6
147 78 99 80 81
17 173 169 170 166
12 173 169 170 141
22 8 4 5 6
102 63 59 55 31
12 178 179 180 176
7 183 159 160 181
202 128 129 130 171
172 138 119 120 146
102 28 34 35 31
177 133 154 150 151
2 178 179 180 176
172 128 149 150 126
17 188 189 180 191
52 28 9 10 11
167 168 164 165 161
77 8 9 10 11
137 153 154 130 131
27 143 164 190 161
157 138 114 160 156
82 58 54 75 56
52 8 9 5 6
182 158 159 155 176
7 188 184 145 186
17 188 189 190 186
72 53 29 30 61
122 123 124 125 121
122 53 59 75 61
177 133 124 125 126
57 33 29 30 26
52 3 4 5 6
72 8 9 10 26
102 33 29 30 26
182 138 129 160 136
97 68 64 70 71
147 78 74 80 81
27 173 224 220 201
117 78 79 105 76
62 18 19 20 21
167 143 139 140 141
82 38 34 60 51
27 163 169 145 191
162 118 139 140 141
2 163 169 145 166
157 108 104 105 126
162 58 59 55 61
2 178 169 170 176
157 123 119 115 121
127 128 129 130 126
132 128 129 125 131
2 183 159 190 191
27 168 189 170 191
137 108 89 110 111
57 8 9 10 26
2 148 149 195 166
182 158 134 160 151
2 168 134 160 166
7 173 174 140 171
22 8 9 10 6
7 173 174 165 171
147 98 99 105 106
182 153 139 160 156
67 53 54 25 26
52 3 4 5 6
57 8 9 10 11
157 118 124 125 151
52 8 9 10 11
222 143 124 100 141
107 63 64 60 61
22 178 159 180 181
62 23 24 20 21
137 63 59 85 66
137 88 79 85 61
177 103 149 175 176
32 3 4 5 6
57 3 4 5 6
137 118 109 110 91
97 33 54 50 56
92 68 64 60 66
77 28 29 10 11
52 8 4 5 6
