207 133 159 150 136
22 188 179 160 161
122 78 74 45 81
137 143 139 115 91
187 118 184 140 141
57 18 19 20 26
87 38 59 60 36
132 83 84 100 86
192 143 139 120 136
162 88 124 130 121
62 23 24 25 26
127 123 114 120 126
2 163 144 165 191
197 148 174 145 156
57 33 29 30 26
52 223 199 175 156
37 163 159 145 161
182 143 114 145 146
142 68 69 90 66
112 73 74 70 76
47 3 24 20 21
62 18 19 20 21
57 13 14 15 16
62 8 9 10 31
162 128 134 130 131
72 28 29 30 61
157 123 119 110 126
202 173 154 175 151
12 188 179 170 186
167 123 134 130 161
187 123 124 125 121
117 73 74 75 76
27 203 174 180 161
52 3 4 25 21
122 58 74 80 56
7 178 154 200 156
127 78 79 75 61
117 68 94 90 91
27 193 194 210 191
97 48 89 55 56
112 58 54 40 41
22 183 139 165 186
32 178 174 180 216
82 8 9 10 11
82 28 9 10 11
142 118 119 120 96
127 118 114 155 126
182 133 139 140 161
152 148 149 150 126
127 118 124 120 121
2 163 184 185 186
32 153 219 200 196
2 143 144 165 186
127 63 84 65 106
187 118 139 140 141
52 13 14 15 11
107 68 69 100 66
7 148 194 190 171
32 173 174 205 201
172 113 139 140 141
132 123 124 95 91
122 73 74 65 71
172 128 124 165 166
157 88 84 100 106
22 203 184 160 181
2 178 139 170 171
27 168 164 205 181
82 33 34 30 31
167 128 124 125 156
47 188 169 185 171
122 78 79 80 81
122 113 109 80 111
52 178 229 180 201
142 83 79 100 81
22 163 169 150 211
172 178 149 125 146
202 128 129 130 146
142 68 94 95 91
62 18 19 20 21
182 153 134 135 111
182 113 134 135 111
27 168 179 180 176
7 203 204 195 181
157 183 159 155 156
172 128 129 125 106
172 123 144 125 146
67 28 59 55 26
177 128 124 130 151
7 143 174 175 141
47 163 164 165 166
22 13 14 15 11
22 168 164 170 166
72 28 29 60 56
27 163 164 165 186
157 118 94 85 121
77 33 29 25 11
142 103 74 75 111
167 113 144 145 141
2 183 164 185 146
162 93 89 95 136
117 63 84 90 86
147 78 79 95 96
172 118 174 170 146
172 138 174 165 136
62 13 29 30 11
37 213 209 190 191
152 118 144 120 121
82 48 59 45 61
57 18 19 15 16
7 143 179 170 186
162 133 134 160 136
97 58 54 40 56
12 138 139 140 181
12 178 174 135 171
182 113 139 115 116
32 3 204 200 206
2 173 149 150 196
192 143 144 160 166
82 28 34 35 31
197 138 164 160 141
72 28 24 10 11
2 163 169 170 186
7 158 184 185 186
172 123 124 125 121
17 178 184 180 181
17 198 199 175 166
127 78 99 80 61
2 158 174 160 176
242 158 169 140 116
87 58 59 60 61
172 123 124 125 126
157 103 104 105 106
182 128 129 110 111
132 128 129 125 131
112 68 69 75 71
97 33 34 30 31
167 108 129 125 106
2 158 164 185 156
122 123 119 115 121
167 123 124 105 126
157 88 109 110 106
97 68 64 60 41
107 58 54 35 56
57 33 34 30 31
17 158 154 175 156
187 118 114 95 86
157 128 109 110 131
32 168 189 215 211
182 158 134 180 156
107 58 54 60 56
207 153 159 160 156
42 3 19 20 21
107 78 64 60 56
127 83 84 85 101
127 58 79 60 76
152 108 89 110 111
142 93 74 70 51
202 148 159 165 161
22 168 144 160 166
2 173 159 175 176
102 68 64 70 71
47 183 214 190 181
112 63 84 85 81
147 168 164 165 146
177 133 134 165 136
127 63 99 85 106
172 133 129 165 166
77 23 29 30 31
177 133 174 170 136
7 178 174 175 171
97 68 89 70 71
2 163 139 160 156
127 83 89 85 86
212 143 164 165 141
22 193 189 185 191
12 198 199 175 176
87 38 54 60 61
77 38 34 60 56
237 138 139 115 116
77 33 54 35 51
102 48 54 55 56
137 78 84 80 61
157 108 109 90 91
167 138 139 115 121
102 63 64 60 61
137 78 64 85 81
32 183 164 215 216
82 58 54 35 56
82 28 29 25 11
57 18 19 15 16
132 63 84 85 81
97 68 54 35 56
2 168 169 140 176
112 68 89 105 91
107 73 69 70 76
167 98 94 90 131
107 63 34 70 61
117 63 59 40 86
177 133 134 130 131
127 98 94 90 86
